# n_s, r predictions of a polynomial alpha attractor model with k=1 and N_\star=62.
9.784873932188519197e-01 7.533791911131944275e-05
9.784873932188519197e-01 7.533791911133215502e-05
9.784866353431211916e-01 8.268244329808554171e-05
9.784857999523142169e-01 9.074289928357498112e-05
9.784848792708501497e-01 9.958906184834972260e-05
9.784838647580528237e-01 1.092975034741653880e-04
9.784827470348257394e-01 1.199522560678983912e-04
9.784815158036286320e-01 1.316455369816816993e-04
9.784801597609951163e-01 1.444785455487595095e-04
9.784786665026843355e-01 1.585623369415302636e-04
9.784770224197862909e-01 1.740187808201021109e-04
9.784752125860821659e-01 1.909816129300159120e-04
9.784732206355480910e-01 2.095975885896459139e-04
9.784710286293547554e-01 2.300277478411712304e-04
9.784686169117206012e-01 2.524488029494898898e-04
9.784659639538746401e-01 2.770546599202695199e-04
9.784630461853376371e-01 3.040580867775529252e-04
9.784598378122277840e-01 3.336925424828958062e-04
9.784563106212303962e-01 3.662141816331429480e-04
9.784524337694867624e-01 4.019040513701121770e-04
9.784481735593777429e-01 4.410704983630772094e-04
9.784434931981530470e-01 4.840518051964881434e-04
9.784383525422073458e-01 5.312190770513521530e-04
9.784327078262077260e-01 5.829794011713223612e-04
9.784265113775015843e-01 6.397793032363884068e-04
9.784197113169281756e-01 7.021085263784446369e-04
9.784122512472214206e-01 7.705041601488863204e-04
9.784040699315221801e-01 8.455551481470127825e-04
9.783951009648864661e-01 9.279072042253533759e-04
9.783852724429896730e-01 1.018268168000105054e-03
9.783745066334916807e-01 1.117413830667260497e-03
9.783627196571365037e-01 1.226194261610475148e-03
9.783498211875351069e-01 1.345540664672381257e-03
9.783357141811406255e-01 1.476472789809122124e-03
9.783202946511589948e-01 1.620106920704931629e-03
9.783034515030987199e-01 1.777664450940092756e-03
9.782850664527907858e-01 1.950481049803520035e-03
9.782650140525119831e-01 2.140016402495016276e-03
9.782431618553619757e-01 2.347864487037098005e-03
9.782193707541281258e-01 2.575764319750122999e-03
9.781934955361006878e-01 2.825611060759756609e-03
9.781653857022497567e-01 3.099467317761496650e-03
9.781348866051219337e-01 3.399574417378190862e-03
9.781018409660715562e-01 3.728363325127314991e-03
9.780660908374392282e-01 4.088464783419780424e-03
9.780274800787375211e-01 4.482718097845778474e-03
9.779858574164782548e-01 4.914177831145272873e-03
9.779410801537133935e-01 5.386117458167239552e-03
9.778930185859646684e-01 5.902028791712712018e-03
9.778415611629771576e-01 6.465615709087085133e-03
9.777866204087024560e-01 7.080780397484854119e-03
9.777281395722658974e-01 7.751600005126372400e-03
9.776660999295031518e-01 8.482291255630420787e-03
9.776005285850166704e-01 9.277160290867766945e-03
9.775315065396360525e-01 1.014053480373333475e-02
9.774591766881493005e-01 1.107667547904156100e-02
9.773837513017722411e-01 1.208966397125020055e-02
9.773055184363058645e-01 1.318326522534183157e-02
9.772248466025122982e-01 1.436076301743564529e-02
9.771421869565400931e-01 1.562476927690423407e-02
9.770580722368727988e-01 1.697701014396492750e-02
9.769731117148381383e-01 1.841809483922381488e-02
9.768879815627826702e-01 1.994727718052373422e-02
9.768034102966360877e-01 2.156222371569101875e-02
9.767201593242420543e-01 2.325880647870178647e-02
9.766389991133882509e-01 2.503094164051200207e-02
9.765606820429543200e-01 2.687049697298599799e-02
9.764859135473049623e-01 2.876729020038679141e-02
9.764806322344483647e-01 2.890714508932833854e-02
9.764153236154403670e-01 3.070919627255409498e-02
9.763494409622898162e-01 3.268237406920299765e-02
9.762886721652207500e-01 3.467161239229608199e-02
9.762332877109797247e-01 3.666078244222552296e-02
9.761834162456896058e-01 3.863337110902663463e-02
9.761815662918490455e-01 3.871044770522648337e-02
9.761390474493510938e-01 4.057305853175299099e-02
9.761000430076920420e-01 4.246429657400041524e-02
9.760678985176622913e-01 4.419367130553301243e-02
9.760661542917650202e-01 4.429284357999184463e-02
9.760370447258627236e-01 4.604621541111237476e-02
9.760123145199659511e-01 4.771402252794587628e-02
9.760121744196180726e-01 4.772404442344925501e-02
9.759915254838099630e-01 4.928817599650044123e-02
9.759806676847968543e-01 5.019279381629502407e-02
9.759742239746596049e-01 5.076295944819592815e-02
9.759611099125391487e-01 5.201791174083219421e-02
9.759599605595389304e-01 5.213497693858522991e-02
9.759483055759893277e-01 5.340299658836897279e-02
9.759481356560274490e-01 5.342272173921175371e-02
9.759390888183755441e-01 5.453770396817617799e-02
9.759388603463758916e-01 5.456771592342664345e-02
9.759325304733061923e-01 5.544430016342734302e-02
9.759312642631803314e-01 5.563147687618597015e-02
9.759276254451845212e-01 5.619600940971850034e-02
9.759251982799479475e-01 5.659795705697149432e-02
9.759238617731269549e-01 5.682944059292175526e-02
9.759209113712729033e-01 5.737049725066559885e-02
9.759203855121960647e-01 5.747186013212284006e-02
9.759185560887772004e-01 5.783802753025534676e-02
9.759166462843150702e-01 5.824607493391378149e-02
9.759165896969103082e-01 5.825862304104464234e-02
9.759150765373247882e-01 5.860531853045836820e-02
9.759137708452062521e-01 5.892402410805919893e-02
9.759136122125069424e-01 5.896415231634256210e-02
9.759126732958771644e-01 5.920868974922775807e-02
9.759117420171695700e-01 5.946449459864813769e-02
9.759112882593750093e-01 5.959459666661632432e-02
9.759109451502826493e-01 5.969561746705319416e-02
9.759102581087895079e-01 5.990546730309508766e-02
9.759096616746153474e-01 6.009685273174694004e-02
9.759094826753912377e-01 6.015615868803577543e-02
9.759091406511369859e-01 6.027210866678617968e-02
9.759086828945997549e-01 6.043319216748589684e-02
9.759082786071101578e-01 6.058175591874506716e-02
9.759080857339568205e-01 6.065494528467105934e-02
9.759079198134843480e-01 6.071920520199013127e-02
9.759075999692785608e-01 6.084674252901886571e-02
9.759073136637157475e-01 6.096540294768902635e-02
9.759070563921363739e-01 6.107608221775041174e-02
9.759070091584658435e-01 6.109685410451316800e-02
9.759068243799841058e-01 6.117955948223188778e-02
9.759066144454091596e-01 6.127651564959762931e-02
9.759064238911036027e-01 6.136754840460584282e-02
9.759062504184728981e-01 6.145318454792098734e-02
9.759061824937368401e-01 6.148749192311369488e-02
9.759060920590244548e-01 6.153389020316382685e-02
9.759059471191386947e-01 6.161007930939237098e-02
9.759058141353202931e-01 6.168212072591586909e-02
9.759056918377173595e-01 6.175034420699034021e-02
9.759055791202112529e-01 6.181504545072297185e-02
9.759055499036014547e-01 6.183212025503284637e-02
9.759054750157546421e-01 6.187649038534932117e-02
9.759053786759349647e-01 6.193491882398791809e-02
9.759052893539547080e-01 6.199054759383360036e-02
9.759052063903920216e-01 6.204357322590563217e-02
9.759051292012326240e-01 6.209417427570845804e-02
9.759050674130308467e-01 6.213562335595732011e-02
9.759050572677709923e-01 6.214251333257517218e-02
9.759049901280540951e-01 6.218873876535580686e-02
9.759049273696015492e-01 6.223298624395078027e-02
9.759048686231934777e-01 6.227538006956703787e-02
9.759048135575481009e-01 6.231603434117767570e-02
9.759047618747465069e-01 6.235505398124246285e-02
9.759047133062888069e-01 6.239253564011110892e-02
9.759047005796841479e-01 6.240249402131999718e-02
9.759046676096824191e-01 6.242856849552733817e-02
9.759046245654831031e-01 6.246323496115881863e-02
9.759045839747201301e-01 6.249661131600738745e-02
9.759045456566519672e-01 6.252876826481848505e-02
9.759045094468018489e-01 6.255977143815678876e-02
9.759044751952373753e-01 6.258968183959376375e-02
9.759044427650566123e-01 6.261855624641918250e-02
9.759044225597999223e-01 6.263683304591717571e-02
9.759044120310560455e-01 6.264644756941693815e-02
9.759043828785545216e-01 6.267340517650188403e-02
9.759043552023509704e-01 6.269947518438370726e-02
9.759043289058031423e-01 6.272470072188335299e-02
9.759043039000067088e-01 6.274912216806487197e-02
9.759042801030655134e-01 6.277277736794942276e-02
9.759042574394412028e-01 6.279570182823543401e-02
9.759042358393706929e-01 6.281792889515375178e-02
9.759042152383470281e-01 6.283948991633227232e-02
9.759042125233332587e-01 6.284235877278923632e-02
9.759041955766515342e-01 6.286041438832279393e-02
9.759041767989349303e-01 6.288073009124967028e-02
9.759041588538411860e-01 6.290046321187307832e-02
9.759041416936663493e-01 6.291963845621424689e-02
9.759041252740537908e-01 6.293827915276048457e-02
9.759041095537157595e-01 6.295640734715642062e-02
9.759040944941835827e-01 6.297404388919072837e-02
9.759040800595805143e-01 6.299120851279864375e-02
9.759040662164156776e-01 6.300791990972719192e-02
9.759040543700501225e-01 6.302242375026446963e-02
9.759040529333961045e-01 6.302419579744028555e-02
9.759040401812575372e-01 6.304005298178246008e-02
9.759040279326084422e-01 6.305550741486766475e-02
9.759040161617886788e-01 6.307057424861203798e-02
9.759040048447402693e-01 6.308526788428879539e-02
9.759039939588892709e-01 6.309960201844450056e-02
9.759039834830380844e-01 6.311358968548647086e-02
9.759039733972653119e-01 6.312724329721859651e-02
9.759039636828359399e-01 6.314057467957724656e-02
9.759039543221176283e-01 6.315359510679680044e-02
9.759039452985038832e-01 6.316631533321194480e-02
9.759039365963433355e-01 6.317874562288454399e-02
9.759039356994781977e-01 6.318003608262280635e-02
9.759039282008759031e-01 6.319089577722801498e-02
9.759039200981709516e-01 6.320277516078448565e-02
9.759039122750742257e-01 6.321439272529698339e-02
9.759039047191552241e-01 6.322575703220817411e-02
9.759038974186607929e-01 6.323687627370239150e-02
9.759038903624713823e-01 6.324775829240190939e-02
9.759038835400607459e-01 6.325841059981482384e-02
9.759038769414584147e-01 6.326884039362756784e-02
9.759038705572148364e-01 6.327905457392453414e-02
9.759038643783697342e-01 6.328905975841195297e-02
9.759038583964215752e-01 6.329886229671702336e-02
9.759038526033000371e-01 6.330846828382634406e-02
9.759038469913402514e-01 6.331788357272460921e-02
9.759038469913402514e-01 6.331788357272463696e-02
