# n_s, r predictions of a polynomial alpha attractor model with k=2 and N_\star=60.
9.670863338808611820e-01 1.071423925485415207e-01
9.670926435996776149e-01 1.066256837002978464e-01
9.670935156734142835e-01 1.065552112001982854e-01
9.670992859751926796e-01 1.060944365503841552e-01
9.671062811882489285e-01 1.055481723262443883e-01
9.671136507772839508e-01 1.049863965842852270e-01
9.671214177360749620e-01 1.044085989091349809e-01
9.671296066186938489e-01 1.038142526403232763e-01
9.671311838346235978e-01 1.037014454570895222e-01
9.671382436521874792e-01 1.032028146319923095e-01
9.671473568575200686e-01 1.025737250519259125e-01
9.671569761793195052e-01 1.019264072270400778e-01
9.671671336250665663e-01 1.012602675430347293e-01
9.671767473078192179e-01 1.006451786240435686e-01
9.671778634142884634e-01 1.005746954072125054e-01
9.671892021384342897e-01 9.986906328408522160e-02
9.672011889320815126e-01 9.914272681465807757e-02
9.672138656561567460e-01 9.839502503136848821e-02
9.672272770938620257e-01 9.762528068189932351e-02
9.672313500176856760e-01 9.739561926035460171e-02
9.672414711600095805e-01 9.683280067641455990e-02
9.672564991244615440e-01 9.601687667417717342e-02
9.672724158503632763e-01 9.517678582700307699e-02
9.672892800478372077e-01 9.431179169858035227e-02
9.672961442117048447e-01 9.396668824241186102e-02
9.673071545437614827e-01 9.342114538032585125e-02
9.673261065682081661e-01 9.250408682615120226e-02
9.673462080580340627e-01 9.155984643025176506e-02
9.673675359780190552e-01 9.058764687378705049e-02
9.673722425654929236e-01 9.037699063428682178e-02
9.673901726598114204e-01 8.958670526807006873e-02
9.674142061587773789e-01 8.855623562357657630e-02
9.674397306286399711e-01 8.749545167569218462e-02
9.674606632555504682e-01 8.664952534702556608e-02
9.674668467135419947e-01 8.640357009956736722e-02
9.674956619568603200e-01 8.527981414768820434e-02
9.675262912257248660e-01 8.412341774471709943e-02
9.675588571497693025e-01 8.293363007468683434e-02
9.675622715736357238e-01 8.281112620707960226e-02
9.675934905720822155e-01 8.170972069581899921e-02
9.676303310098426369e-01 8.045098521727607477e-02
9.676695271212172322e-01 7.915675157152472774e-02
9.676777227363905221e-01 7.889165587302508775e-02
9.677112371745301145e-01 7.782638691293389255e-02
9.677556295146307885e-01 7.645930517045353147e-02
9.678028830204266075e-01 7.505497527729815266e-02
9.678074111102172861e-01 7.492300195550649633e-02
9.678531875463723955e-01 7.361293009447664182e-02
9.679067443394201442e-01 7.213277603713531827e-02
9.679514309357031276e-01 7.093794794564349526e-02
9.679637664215140491e-01 7.061420340288539210e-02
9.680244789261790439e-01 6.905699738933991638e-02
9.680891193760874369e-01 6.746104977379643874e-02
9.681095527395332523e-01 6.696900591555199345e-02
9.681579378867246621e-01 6.582637121119185031e-02
9.682311972794370725e-01 6.415310408699444189e-02
9.682812180664880364e-01 6.304730081834729327e-02
9.683091730852415591e-01 6.244153583951538022e-02
9.683921534188715263e-01 6.069211264123224731e-02
9.684655531997947708e-01 5.920158727405641641e-02
9.684804387006510362e-01 5.890545330123837103e-02
9.685743412019954812e-01 5.708236322111555350e-02
9.686614005027810448e-01 5.545746100912911369e-02
9.686741843886935710e-01 5.522384820479783046e-02
9.687803020346872351e-01 5.333112788993289027e-02
9.688673642512918294e-01 5.183680237723309325e-02
9.688930370778995327e-01 5.140564853469309359e-02
9.690127401888125602e-01 4.944909486096562418e-02
9.690818666002025683e-01 4.835746310115578844e-02
9.691397680220096289e-01 4.746340062357765066e-02
9.692744811206384092e-01 4.545075754744877516e-02
9.693032087735974356e-01 4.503318365564721454e-02
9.694172414438320118e-01 4.341362225151020743e-02
9.695296326787584684e-01 4.187371050786465460e-02
9.695684094870169467e-01 4.135472076243026929e-02
9.697283409645598429e-01 3.927705021399516272e-02
9.697593787943823429e-01 3.888507115981816586e-02
9.698973830224917325e-01 3.718387733165339631e-02
9.699907371804810108e-01 3.606996055262078754e-02
9.700758699449609779e-01 3.507873331780457515e-02
9.702220895944209111e-01 3.342819377662487046e-02
9.702641183098271727e-01 3.296540478301848015e-02
9.704519417959966976e-01 3.095718549800740432e-02
9.704624215335115878e-01 3.084792041202553264e-02
9.706710437187245910e-01 2.873053310977936523e-02
9.706789460586845442e-01 2.865242427328834607e-02
9.708902126744687333e-01 2.661769743917506009e-02
9.709019146079008733e-01 2.650791842200822188e-02
9.711198251650636770e-01 2.451659821237776177e-02
9.711201119062584652e-01 2.451404223142865380e-02
9.713318200104668065e-01 2.267066607232753883e-02
9.713608712617943786e-01 2.242433831075994408e-02
9.715372000313327039e-01 2.096189204122042571e-02
9.716125557435384419e-01 2.035346130616511734e-02
9.717354151442347820e-01 1.938185568474633941e-02
9.718751517383359406e-01 1.830634948995612729e-02
9.719260523216463055e-01 1.792213834894311464e-02
9.721088222512029864e-01 1.657447116383304123e-02
9.721485495344317496e-01 1.628795642830709392e-02
9.722835454444740400e-01 1.533084488459602636e-02
9.724325204721688820e-01 1.430319786317698488e-02
9.724501384107527846e-01 1.418358772607795568e-02
9.726086003332257146e-01 1.312541701567897755e-02
9.727266864119665790e-01 1.235689153622385357e-02
9.727590005369218806e-01 1.214946992591334554e-02
9.729014669204166799e-01 1.124931787496631468e-02
9.730304784867646051e-01 1.045368745418505038e-02
9.730361754355303372e-01 1.041896848544318632e-02
9.731633406368624950e-01 9.652858323129677801e-03
9.732832072813899504e-01 8.945839030122014826e-03
9.733430815206809417e-01 8.597984280159386497e-03
9.733960429325856367e-01 8.293158934969988710e-03
9.735021315089525951e-01 7.690441770267394256e-03
9.736017677097821288e-01 7.133663752117909776e-03
9.736633599701988162e-01 6.793825324052422780e-03
9.736952522482884564e-01 6.619129969024324829e-03
9.737828878221372886e-01 6.143450781083013325e-03
9.738649757524533435e-01 5.703518734712167276e-03
9.739418132240891257e-01 5.296486344794579595e-03
9.739897579141474360e-01 5.044765944622369575e-03
9.740136910620371680e-01 4.919744977284094996e-03
9.740808919813408462e-01 4.570904974350789053e-03
9.741436892507747691e-01 4.247777095431786061e-03
9.742023457139715736e-01 3.948355296526234737e-03
9.742571131155638442e-01 3.670800832980099064e-03
9.743082316841176205e-01 3.413427644847336680e-03
9.743201388377754624e-01 3.353704489177164808e-03
9.743559299283044428e-01 3.174688966188185177e-03
9.744004246072832665e-01 2.953165088517257543e-03
9.744419208410384226e-01 2.747552202339732536e-03
9.744806123308777934e-01 2.556652238164232229e-03
9.745166816645778329e-01 2.379363628496953924e-03
9.745503006845628313e-01 2.214672914343696238e-03
9.745816309011029466e-01 2.061647123054947527e-03
9.746108239356362501e-01 1.919426848483332540e-03
9.746380219821124680e-01 1.787219969021242418e-03
9.746513220561106028e-01 1.722665470269537464e-03
9.746633582766309756e-01 1.664295943896411650e-03
9.746869575676658792e-01 1.549980632924586070e-03
9.747089365809040729e-01 1.443651589628507483e-03
9.747294044741230401e-01 1.344733782134838749e-03
9.747484632787222214e-01 1.252695700506410974e-03
9.747662083254762244e-01 1.167045813113061492e-03
9.747827286528467639e-01 1.087329338294724642e-03
9.747981073968072785e-01 1.013125300906228023e-03
9.748124221616306651e-01 9.440438463749795291e-04
9.748257453714865850e-01 8.797237876573190405e-04
9.748381446028931974e-01 8.198303629763777035e-04
9.748496828984904994e-01 7.640531844522673683e-04
9.748604190625038690e-01 7.121043597689072358e-04
9.748704079387247035e-01 6.637167708073407656e-04
9.748797006712514035e-01 6.186424948284836118e-04
9.748883449495147069e-01 5.766513551816961937e-04
9.748963852375700512e-01 5.375295898810548327e-04
9.749038629889653640e-01 5.010786274927876184e-04
9.749108168477560454e-01 4.671139608465445930e-04
9.749172828365437748e-01 4.354641099964897170e-04
9.749232945322209298e-01 4.059696666943944632e-04
9.749288832302172025e-01 3.784824133737718708e-04
9.749340780979132148e-01 3.528645103136744438e-04
9.749389063178993675e-01 3.289877452419992282e-04
9.749433932217067555e-01 3.067328401757418482e-04
9.749475624146551889e-01 2.859888107721506294e-04
9.749514358924108448e-01 2.666523738968701513e-04
9.749550341496883155e-01 2.486273995033251322e-04
9.749583762817025656e-01 2.318244032640620850e-04
9.749614800787752555e-01 2.161600767106858624e-04
9.749643621147705552e-01 2.015568519187855765e-04
9.749670378292024653e-01 1.879424980404545236e-04
9.749695216042861823e-01 1.752497471988298701e-04
9.749718268365227258e-01 1.634159474923457919e-04
9.749739660034486555e-01 1.523827410280181687e-04
