# n_s, r predictions of a polynomial alpha attractor model with k=4 and N_\star=64.
9.739542810116098570e-01 2.906616345452130669e-05
9.739542810116594840e-01 2.906616345452130669e-05
9.739536694972604769e-01 3.138850555980229244e-05
9.739529962461629387e-01 3.389655825702252059e-05
9.739522557755466714e-01 3.660519994869509898e-05
9.739514421415343959e-01 3.953050579460773092e-05
9.739505489019008033e-01 4.268984478014383908e-05
9.739495690750424872e-01 4.610198479783648388e-05
9.739484950953226639e-01 4.978720642123838838e-05
9.739473187653745478e-01 5.376742611801563080e-05
9.739460312037292455e-01 5.806632971666740334e-05
9.739446227886533469e-01 6.270951701649981529e-05
9.739430830970914332e-01 6.772465851257604256e-05
9.739414008381319654e-01 7.314166530272751094e-05
9.739395637814780571e-01 7.899287333819924944e-05
9.739375586793429518e-01 8.531324330140112203e-05
9.739353711819516146e-01 9.214057751169114701e-05
9.739329857457438289e-01 9.951575540306696079e-05
9.739303855334340287e-01 1.074829892714735893e-04
9.739275523059233164e-01 1.160901021592887950e-04
9.739244663042275763e-01 1.253888299457867235e-04
9.739211061212695864e-01 1.354351499171652638e-04
9.739174485623558475e-01 1.462896383403725531e-04
9.739134684929687813e-01 1.580178598371738614e-04
9.739091386733053080e-01 1.706907916541412285e-04
9.739044295771557280e-01 1.843852862852767254e-04
9.739036924459039124e-01 1.865213594251266093e-04
9.738993091946743785e-01 1.991845762800316247e-04
9.738937428166614119e-01 2.151788255287831963e-04
9.738876927987146770e-01 2.324657318124877020e-04
9.738811183031222951e-01 2.511511859892822112e-04
9.738739750160023689e-01 2.713499938418899630e-04
9.738662148373018468e-01 2.931866673649647986e-04
9.738577855400287753e-01 3.167962931479647725e-04
9.738486303963581614e-01 3.423254864790784696e-04
9.738386877658737895e-01 3.699334409759509829e-04
9.738292908900064715e-01 3.959272251808208950e-04
9.738278906420215764e-01 3.997930848599719265e-04
9.738161661521926860e-01 4.320923565282922094e-04
9.738034350056085087e-01 4.670356138875626133e-04
9.737896108829924291e-01 5.048451939882821118e-04
9.737745997613291848e-01 5.457631419399488343e-04
9.737582991654429865e-01 5.900531309669129840e-04
9.737405973378491231e-01 6.380025988030943842e-04
9.737392911034482568e-01 6.415352621156517098e-04
9.737213723172182256e-01 6.899251295852964648e-04
9.737004909136487418e-01 7.461631151040863013e-04
9.736778075689499490e-01 8.070907347509868315e-04
9.736531630879604604e-01 8.731173000750807461e-04
9.736366299070086106e-01 9.173248988540992936e-04
9.736263832254846706e-01 9.446910176303877082e-04
9.735972771125591674e-01 1.022303233009107899e-03
9.735656355040348542e-01 1.106493229953725609e-03
9.735312288287188975e-01 1.197853671494629674e-03
9.735227962602139851e-01 1.220218306959821187e-03
9.734938050228693074e-01 1.297036785599166558e-03
9.734530871282796038e-01 1.404761416268679062e-03
9.734087706378158344e-01 1.521821082900469500e-03
9.733986598861312789e-01 1.548504814855158418e-03
9.733605205751664213e-01 1.649093216546966469e-03
9.733079683016946371e-01 1.787549772082857973e-03
9.732647780079244360e-01 1.901245396014264325e-03
9.732507080535750532e-01 1.938269450725392399e-03
9.731882932270827791e-01 2.102451808412477991e-03
9.731215416635884408e-01 2.277990744161553695e-03
9.731202324507980395e-01 2.281433572577829146e-03
9.730459855103049671e-01 2.476707543247599116e-03
9.729692576996274989e-01 2.678626974548188600e-03
9.729649592252154200e-01 2.689944514060802275e-03
9.728765034160548053e-01 2.923018715212584787e-03
9.728081994363122487e-01 3.103281347207275786e-03
9.727799071367392303e-01 3.178037353776174898e-03
9.726743953779656282e-01 3.457374909085803201e-03
9.726386388517529458e-01 3.552259290095706890e-03
9.725591264537857272e-01 3.763712936002641500e-03
9.724608656650683969e-01 4.025999382138284281e-03
9.724331902522448390e-01 4.100086244582715374e-03
9.722956074439818019e-01 4.469936474116090012e-03
9.722751959989489601e-01 4.525039848451093034e-03
9.721453295933875083e-01 4.877174280807090000e-03
9.720819726958050966e-01 5.049993378546642833e-03
9.719812399180753903e-01 5.326251632327532945e-03
9.718815595949528152e-01 5.601528538073765814e-03
9.718021542394251755e-01 5.822246065362798179e-03
9.716743323743012306e-01 6.180356562986019479e-03
9.716068215341834291e-01 6.370959217203504138e-03
9.714606684847919560e-01 6.787222413407081878e-03
9.713939235237749603e-01 6.979032469916410068e-03
9.712409381744774306e-01 7.422898952377765883e-03
9.711620729847860733e-01 7.654083104193023027e-03
9.710154977941820587e-01 8.088183173890888325e-03
9.709098109289955314e-01 8.404864894493669844e-03
9.707846857725430656e-01 8.783893572450416146e-03
9.706356034022596280e-01 9.241457535369640777e-03
9.705488210497672519e-01 9.510867979496621938e-03
9.703378392626657023e-01 1.017548962689726610e-02
9.703082034357728425e-01 1.026996142754868502e-02
9.700631152706327143e-01 1.106204379591574534e-02
9.700148308067948477e-01 1.122040011812723385e-02
9.698138238264760735e-01 1.188799712624994537e-02
9.696648194802037768e-01 1.239174302220745136e-02
9.695605840175395285e-01 1.274871257651222743e-02
9.693036411209087211e-01 1.364508702269670408e-02
9.692859891770809755e-01 1.370753969632894018e-02
9.690432333264885623e-01 1.457801933311569063e-02
9.688764898979382867e-01 1.518868170183318260e-02
9.687795940203440814e-01 1.554840634258072840e-02
9.685129537632100050e-01 1.655713855046372224e-02
9.684344748833788596e-01 1.685938470865849456e-02
9.682435419609627392e-01 1.760509556213936747e-02
9.679715882430435236e-01 1.869314128956236706e-02
9.679581548181429573e-01 1.874768931755335308e-02
9.676973235736374690e-01 1.982211892458428035e-02
9.674458732722880372e-01 2.088599695853118540e-02
9.674209811229625977e-01 2.099284569817721005e-02
9.671427969251666923e-01 2.220610743977215890e-02
9.668962080988695584e-01 2.331161671223474369e-02
9.668630103467470427e-01 2.346265295324136135e-02
9.665818643863726134e-01 2.476318822918136681e-02
9.663081038209598850e-01 2.606728009326701040e-02
9.662996058237857122e-01 2.610837051713702991e-02
9.660164852327268736e-01 2.749880228571000007e-02
9.657327568705148524e-01 2.893502510308135559e-02
9.656810397659659762e-01 2.920155327482692673e-02
9.654486784549506373e-01 3.041751347537771655e-02
9.651645108378830162e-01 3.194666868497023776e-02
9.650152373224162305e-01 3.276903762693497008e-02
9.648805175838035542e-01 3.352281267536107862e-02
9.645969644610603577e-01 3.514618203386461748e-02
9.643141188530534036e-01 3.681692212708038286e-02
9.643119064851484179e-01 3.683019824611254850e-02
9.640322490965910207e-01 3.853508144772660460e-02
9.637516237546759346e-01 4.030060623423926958e-02
9.635735259157740540e-01 4.145059720113117296e-02
9.634725108312013342e-01 4.211333542666020890e-02
9.631951769353513937e-01 4.397299602361120358e-02
9.629198864038757133e-01 4.587919890548632085e-02
9.628041411277936668e-01 4.669923950555002895e-02
9.626469003898081578e-01 4.783143518828319313e-02
9.623764759265983626e-01 4.982907317068450276e-02
9.621088649769874435e-01 5.187135593402791151e-02
9.620096514695667400e-01 5.264568073586150393e-02
9.618443134762612035e-01 5.395739965064192539e-02
9.615830603797372866e-01 5.608619265066625004e-02
9.613253367244606329e-01 5.825659529095551098e-02
9.611980386922013286e-01 5.935552559730345595e-02
9.610713647150805894e-01 6.046734066202776037e-02
9.608213568437576901e-01 6.271703616035644024e-02
9.605755150536707809e-01 6.500416594374013035e-02
9.603794704985619823e-01 6.688401467254984079e-02
9.603340299552911574e-01 6.732709427715544148e-02
9.600970801040251690e-01 6.968406976559070320e-02
9.598648313471324078e-01 7.207323045906544046e-02
9.596374362470024844e-01 7.449260980358278494e-02
9.595661973212046281e-01 7.526761560376318827e-02
9.594150335869160440e-01 7.694014340036971211e-02
9.591977479643760685e-01 7.941367652466981009e-02
9.589856894759383188e-01 8.191097234486097167e-02
9.587789534963380156e-01 8.442972077267828224e-02
9.587721593438416345e-01 8.451396638546308793e-02
9.585776205533256267e-01 8.696754786705668261e-02
9.583817562985884608e-01 8.952202570575741591e-02
9.581914115736940296e-01 9.209068263340448868e-02
9.580122456708812795e-01 9.459118043839606638e-02
9.580066225689068959e-01 9.467101378936693123e-02
9.578274110715480072e-01 9.726049181588973525e-02
9.576537847995053587e-01 9.985657764530922464e-02
9.574857378145488207e-01 1.024567312652889250e-01
9.573232510092550829e-01 1.050584223627513275e-01
9.573012082797097699e-01 1.054183279468038359e-01
9.571662926606330224e-01 1.076591407504718240e-01
9.570148190429765833e-01 1.102564064850304337e-01
9.568687750920088497e-01 1.128477795909972603e-01
9.567280951121737154e-01 1.154308693131757546e-01
9.566523283176470160e-01 1.168596049071065485e-01
9.565927035186766458e-01 1.180033428274009227e-01
9.564625156059964883e-01 1.205629333488730248e-01
9.563374383346413543e-01 1.231074475868914747e-01
9.562173711282080379e-01 1.256347725046073061e-01
9.561022066731522662e-01 1.281428813524885246e-01
9.560760393761543741e-01 1.287248874001674370e-01
9.559918317141320454e-01 1.306298389541709626e-01
9.558861278383108395e-01 1.330938062331235572e-01
9.557849722425993955e-01 1.355330439778837104e-01
9.556882384784454176e-01 1.379459158524221352e-01
9.555957971694423181e-01 1.403308906663040256e-01
9.555787882968959090e-01 1.407786356640284842e-01
9.555075166977068379e-01 1.426865439266633562e-01
9.554232638556542367e-01 1.450115587005072482e-01
9.553429044604559994e-01 1.473047258214880695e-01
9.552663039291205971e-01 1.495649434799833921e-01
9.551933278127393567e-01 1.517912162391054642e-01
9.551624101649345278e-01 1.527573295122142127e-01
9.551238422890152568e-01 1.539826535221641979e-01
9.550577146127199324e-01 1.561384676191282517e-01
9.549948135242025682e-01 1.582579712608468414e-01
9.549350096164973545e-01 1.603405748102627315e-01
9.548781756619579841e-01 1.623857831196120205e-01
9.548241868996583115e-01 1.643931921017840470e-01
9.548241868996583115e-01 1.643931921017840470e-01
