# n_s, r predictions of a polynomial alpha attractor model with k=1 and N_\star=44.
9.696864334031096710e-01 1.190076466469945171e-04
9.696864334031116694e-01 1.190076466469784845e-04
9.696853005544681103e-01 1.306089043202385866e-04
9.696840499862281471e-01 1.433409379153375652e-04
9.696826697728507805e-01 1.573139357193624433e-04
9.696811468089542307e-01 1.726488177589568683e-04
9.696794666963391984e-01 1.894782798756899022e-04
9.696776136204079410e-01 2.079479391291268067e-04
9.696755702156033552e-01 2.282175902988056726e-04
9.696733174188070237e-01 2.504625841852817073e-04
9.696708343098082716e-01 2.748753394225582564e-04
9.696680979382398258e-01 3.016670006068913651e-04
9.696650831348170296e-01 3.310692567644444207e-04
9.696617623079334392e-01 3.633363354369765000e-04
9.696581052225156094e-01 3.987471891228584558e-04
9.696540787614433832e-01 4.376078922865140578e-04
9.696496466681273629e-01 4.802542688074774705e-04
9.696447692694324383e-01 5.270547714873414580e-04
9.696394031782121781e-01 5.784136371059466191e-04
9.696335009745363775e-01 6.347743425122135286e-04
9.696270108660507425e-01 6.966233893006007092e-04
9.696198763258833120e-01 7.644944468611133276e-04
9.696120357098758635e-01 8.389728857607671453e-04
9.696034218528958304e-01 9.207007357461074754e-04
9.695939616459803290e-01 1.010382104857609131e-03
9.695835755964035130e-01 1.108789098286158724e-03
9.695721773739119920e-01 1.216768277501215599e-03
9.695596733473290652e-01 1.335247701734524565e-03
9.695459621179122189e-01 1.465244594839716424e-03
9.695309340567936918e-01 1.607873680728147360e-03
9.695144708570265779e-01 1.764356229477987304e-03
9.694964451129522987e-01 1.936029853523922031e-03
9.694767199431560956e-01 2.124359088338511128e-03
9.694551486771640914e-01 2.330946783970379473e-03
9.694315746306922943e-01 2.557546321680972609e-03
9.694058309996336220e-01 2.806074652415340050e-03
9.693777409093837782e-01 3.078626129282334076e-03
9.693471176627804775e-01 3.377487072615456814e-03
9.693137652384511416e-01 3.705150960777924170e-03
9.692774790993605727e-01 4.064334079774699175e-03
9.692380473808354102e-01 4.457991385866739292e-03
9.691952525364639914e-01 4.889332233434345344e-03
9.691488735288246170e-01 5.361835490112686238e-03
9.690986886598550454e-01 5.879263396849443088e-03
9.690444791400441016e-01 6.445673326294062803e-03
9.689860334967868027e-01 7.065426342661029410e-03
9.689231529167082746e-01 7.743191165417294408e-03
9.688556576026536860e-01 8.483941785315323239e-03
9.687833942002830323e-01 9.292946576312093379e-03
9.687062443084551999e-01 1.017574629962553906e-02
9.686241340285193235e-01 1.113811792586019873e-02
9.685370444272617396e-01 1.218602074192464031e-02
9.684450226845460197e-01 1.332552081537330055e-02
9.683481935694787657e-01 1.456268963879699292e-02
9.682467707409663227e-01 1.590347277908752202e-02
9.681410672067447543e-01 1.735352474936327494e-02
9.680315041117231178e-01 1.891800727018495137e-02
9.679186168810761659e-01 2.060134976977166799e-02
9.678030576410253660e-01 2.240697355754081924e-02
9.676855928143840435e-01 2.433698470353678686e-02
9.675670948722804310e-01 2.639184527146729714e-02
9.674485274533131118e-01 2.857003800441863806e-02
9.673309234591203065e-01 3.086774542014746742e-02
9.672153563045114977e-01 3.327856980846973650e-02
9.671029052116887348e-01 3.579332481923377246e-02
9.669946162252558430e-01 3.839993097095459329e-02
9.668914613793890833e-01 4.108344529389605648e-02
9.667942990366295009e-01 4.382624855415766935e-02
9.667874871492895261e-01 4.402749725975722145e-02
9.667038386995067123e-01 4.660840186055723727e-02
9.666206134626951219e-01 4.940816866798550949e-02
9.665449626816919881e-01 5.220268006864363375e-02
9.664770264319020310e-01 5.496870351428786994e-02
9.664167520612885198e-01 5.768346085053070726e-02
9.664145336530463037e-01 5.778896479731519126e-02
9.663639118102418379e-01 6.032543356753543307e-02
9.663181293146387851e-01 6.287509322654251387e-02
9.662809168897933398e-01 6.518376990326396614e-02
9.662789120144147370e-01 6.531550329829158286e-02
9.662456861703596633e-01 6.763275368571315671e-02
9.662178313498180904e-01 6.981620826392383183e-02
9.662176746002475447e-01 6.982926773469877446e-02
9.661947117871722002e-01 7.185856554692386655e-02
9.661827560459841369e-01 7.302414070207216557e-02
9.661757028061727093e-01 7.375575000063812336e-02
9.661614530973058335e-01 7.535779851073146074e-02
9.661602113414833326e-01 7.550666434895346446e-02
9.661476903732633126e-01 7.711284043021708612e-02
9.661475088350442997e-01 7.713773490022129975e-02
9.661378894006302787e-01 7.854039519438685280e-02
9.661376476964563809e-01 7.857802787853604420e-02
9.661309776411926009e-01 7.967436529052669691e-02
9.661296498455433923e-01 7.990775711414291327e-02
9.661258471332991871e-01 8.061016842882100242e-02
9.661233221914402591e-01 8.110890727590398808e-02
9.661219360945447754e-01 8.139561365258492220e-02
9.661188877858911672e-01 8.206426566484288643e-02
9.661183462571384384e-01 8.218930232783293321e-02
9.661164668577219006e-01 8.264038525193977136e-02
9.661145129698923695e-01 8.314194573973400504e-02
9.661144552114728778e-01 8.315735092069764800e-02
9.661129138424007223e-01 8.358254678658015580e-02
9.661115889600330187e-01 8.397266897243374495e-02
9.661114283467124864e-01 8.402173862286595185e-02
9.661104793755983522e-01 8.432051980907913358e-02
9.661095411362402574e-01 8.463261846909798936e-02
9.661090851662732515e-01 8.479117539816871663e-02
9.661087409330371134e-01 8.491420879586694670e-02
9.661080531543997374e-01 8.516955669893397363e-02
9.661074578485603359e-01 8.540216801889811971e-02
9.661072795333957020e-01 8.547419691025182065e-02
9.661069392882633000e-01 8.561495062141814827e-02
9.661064849425696766e-01 8.581033669818424747e-02
9.661060847290036113e-01 8.599037622598076913e-02
9.661058941776885511e-01 8.607901533487825885e-02
9.661057304620013220e-01 8.615680922035784395e-02
9.661054154409339789e-01 8.631112219351132209e-02
9.661051341387694169e-01 8.645459270403849095e-02
9.661048819642398255e-01 8.658832482971200173e-02
9.661048357320790592e-01 8.661341367664075752e-02
9.661046550783410902e-01 8.671327765033012835e-02
9.661044502514376520e-01 8.683028829665123682e-02
9.661042647510238446e-01 8.694009073772115959e-02
9.661040962528572029e-01 8.704333119846770217e-02
9.661040303791620376e-01 8.708467685966389538e-02
9.661039427700616189e-01 8.714058089229666237e-02
9.661038025961736775e-01 8.723234659887546538e-02
9.661036742590808357e-01 8.731907950091907789e-02
9.661035564835400713e-01 8.740118260538562445e-02
9.661034481604973134e-01 8.747901700678355208e-02
9.661034201203788641e-01 8.749955282938126633e-02
9.661033483218356421e-01 8.755290719803127120e-02
9.661032561194811130e-01 8.762314559367843925e-02
9.661031708080295433e-01 8.768999639849260619e-02
9.661030917302327881e-01 8.775369892934585525e-02
9.661030183048184838e-01 8.781447047847033838e-02
9.661029596390684482e-01 8.786423732751898197e-02
9.661029500162257033e-01 8.787250879029492867e-02
9.661028864059201249e-01 8.792799421137284521e-02
9.661028270650157124e-01 8.798109156265518371e-02
9.661027716279853017e-01 8.803195177506717428e-02
9.661027197672794609e-01 8.808071332257758068e-02
9.661026711887061857e-01 8.812750348142457668e-02
9.661026256274526380e-01 8.817243943961389219e-02
9.661026137039185890e-01 8.818437669209237828e-02
9.661025828446487829e-01 8.821562927705720036e-02
9.661025426243882164e-01 8.825717283361218801e-02
9.661025047711416791e-01 8.829716247970316456e-02
9.661024691075020820e-01 8.833568380204254167e-02
9.661024354722148599e-01 8.837281621517051322e-02
9.661024037184529067e-01 8.840863350800864939e-02
9.661023737123032307e-01 8.844320433334519616e-02
9.661023550477453314e-01 8.846508384354165311e-02
9.661023453314332432e-01 8.847659264708511440e-02
9.661023184639159211e-01 8.850885810317786484e-02
9.661022930071910819e-01 8.854005640935569410e-02
9.661022688671451197e-01 8.857023964814508821e-02
9.661022459572939924e-01 8.859945656704311390e-02
9.661022241980575798e-01 8.862775284125994080e-02
9.661022035161115351e-01 8.865517131200673084e-02
9.661021838438105247e-01 8.868175220294399752e-02
9.661021651186710857e-01 8.870753331708959577e-02
9.661021626536883122e-01 8.871096344627416030e-02
9.661021472829088852e-01 8.873255021621577476e-02
9.661021302830236079e-01 8.875683638452323831e-02
9.661021140694258102e-01 8.878042337817917962e-02
9.661020985961009666e-01 8.880334096212151584e-02
9.661020838203062677e-01 8.882561723537804599e-02
9.661020697022975057e-01 8.884727874600886754e-02
9.661020562050819382e-01 8.886835059666209347e-02
9.661020432941938019e-01 8.888885654162370642e-02
9.661020309374919179e-01 8.890881907615207080e-02
9.661020203835736231e-01 8.892614301762734319e-02
9.661020191049753958e-01 8.892825951880210800e-02
9.661020077686157670e-01 8.894719808737377997e-02
9.661019969022044407e-01 8.896565396905253831e-02
9.661019864812140368e-01 8.898364538525448120e-02
9.661019764826715983e-01 8.900118965163561491e-02
9.661019668850425735e-01 8.901830323368233044e-02
9.661019576681247889e-01 8.903500179825622751e-02
9.661019488129521937e-01 8.905130026143495692e-02
9.661019403017048202e-01 8.906721283295346292e-02
9.661019321176281816e-01 8.908275305752620665e-02
9.661019242449583322e-01 8.909793385330161408e-02
9.661019166688523674e-01 8.911276754767875896e-02
9.661019158889646574e-01 8.911430745749336635e-02
9.661019093753256959e-01 8.912726591069519699e-02
9.661019023511935311e-01 8.914144018617489729e-02
9.661018955840172673e-01 8.915530112081127001e-02
9.661018890620540756e-01 8.916885899134203985e-02
9.661018827742122728e-01 8.918212362996072451e-02
9.661018767100078009e-01 8.919510444809700123e-02
9.661018708595260351e-01 8.920781045868665660e-02
9.661018652133844808e-01 8.922025029704179488e-02
9.661018597626997995e-01 8.923243224042338995e-02
9.661018544990562784e-01 8.924436422640846800e-02
9.661018494144774094e-01 8.925605387013836600e-02
9.661018445013981326e-01 8.926750848052658616e-02
9.661018397526405233e-01 8.927873507549879961e-02
9.661018397526405233e-01 8.927873507549877186e-02
