# n_s, r predictions of a polynomial alpha attractor model with k=2 and N_\star=42.
9.642546859640775958e-01 2.080972929616231918e-04
9.642546859640744872e-01 2.080972929616443337e-04
9.642518956819788878e-01 2.236655751926128666e-04
9.642488751123774460e-01 2.404008757814105426e-04
9.642456061056735583e-01 2.583910442558685146e-04
9.642420691211225359e-01 2.777306011813044035e-04
9.642382431215841265e-01 2.985212537803018373e-04
9.642341054610955586e-01 3.208724527864234132e-04
9.642296317635496994e-01 3.449019940507827651e-04
9.642247957930532021e-01 3.707366687223501004e-04
9.642195693137978196e-01 3.985129662208551789e-04
9.642139219401552053e-01 4.283778345813024180e-04
9.642078209753598417e-01 4.604895032289858412e-04
9.642012312383159145e-01 4.950183737216266259e-04
9.641941148775464709e-01 5.321479845470796725e-04
9.641864311714003488e-01 5.720760566814985003e-04
9.641781363135338845e-01 6.150156272863637006e-04
9.641691831825942582e-01 6.611962796896472729e-04
9.641595210950386630e-01 7.108654786386228545e-04
9.641490955398512863e-01 7.642900207616820218e-04
9.641378478939800489e-01 8.217576112355300718e-04
9.641257151171620521e-01 8.835785788396991434e-04
9.641126294248074657e-01 9.500877429100060409e-04
9.640985179375164416e-01 1.021646447190124743e-03
9.640833023057762130e-01 1.098644777256884255e-03
9.640668983085467492e-01 1.181503980056002262e-03
9.640492154237482181e-01 1.270679106226461040e-03
9.640301563700206522e-01 1.366661898190460727e-03
9.640096166175697867e-01 1.469983949716055375e-03
9.639874838673336832e-01 1.581220165568691721e-03
9.639636374969638988e-01 1.700992553258250757e-03
9.639379479731580158e-01 1.829974382566614726e-03
9.639102762295066462e-01 1.968894752767331221e-03
9.638804730096141027e-01 2.118543612098738524e-03
9.638483781766451486e-01 2.279777279173578544e-03
9.638138199899372038e-01 2.453524521847093645e-03
9.637766143515106299e-01 2.640793255313954226e-03
9.637365640260227018e-01 2.842677928193333443e-03
9.637259673842859531e-01 2.896151190995229635e-03
9.636934578396116891e-01 3.060367672904186400e-03
9.636470698651316003e-01 3.295155304779082747e-03
9.635971586038907244e-01 3.548447263036407905e-03
9.635434661772181997e-01 3.821774595797790448e-03
9.634857175450511901e-01 4.116805100624751010e-03
9.634236197734649121e-01 4.435356741235408663e-03
9.633568613784906365e-01 4.779412469756091908e-03
9.632851117803312713e-01 5.151136591381154720e-03
9.632080209093405454e-01 5.552892813944057364e-03
9.631791811295054018e-01 5.703841784916192231e-03
9.631252190139913960e-01 5.987264127363375009e-03
9.630363167305223682e-01 6.457074655875098303e-03
9.629409054846298499e-01 6.965413617331732768e-03
9.628385583065147690e-01 7.515661506311596685e-03
9.627288311527848474e-01 8.111518587858605397e-03
9.626344586040289641e-01 8.629091959144859214e-03
9.626112648396182303e-01 8.757035742929823383e-03
9.624853877031025462e-01 9.456647639549306192e-03
9.623507191120936888e-01 1.021520810973604310e-02
9.622067739670744357e-01 1.103802748375136422e-02
9.620983014679845846e-01 1.166658331848563317e-02
9.620530683229769897e-01 1.193091146181634275e-02
9.618891262765812966e-01 1.290020087771324118e-02
9.617144882562691510e-01 1.395281141731372423e-02
9.615750397162801111e-01 1.480881068800778480e-02
9.615287208454599277e-01 1.509627198281987895e-02
9.613314282589185966e-01 1.633875992478835484e-02
9.611222655716664676e-01 1.768913078219744306e-02
9.610677888376329969e-01 1.804663996243356314e-02
9.609009537723869343e-01 1.915693945899556855e-02
9.606672966713525330e-01 2.075244891211490764e-02
9.605787703862217475e-01 2.136976258149856159e-02
9.604211996330619394e-01 2.248662142536078656e-02
9.601626900167495871e-01 2.437108640744225022e-02
9.601095126508413236e-01 2.476706808366115065e-02
9.598919390860510825e-01 2.641807741465092632e-02
9.596610025326409721e-01 2.822694817051242880e-02
9.596092849812368764e-01 2.864032983236599120e-02
9.593152561265541056e-01 3.105092947731543165e-02
9.592338028466320665e-01 3.173754802390577751e-02
9.590105941667576017e-01 3.366310149604717639e-02
9.588281423698280515e-01 3.528697786682576804e-02
9.586962751948370220e-01 3.648992860761945956e-02
9.584439851304773494e-01 3.886349333332377032e-02
9.583735276627175503e-01 3.954398833418761028e-02
9.580810844737583931e-01 4.245564954113760503e-02
9.580438449896958586e-01 4.283690083129348958e-02
9.577390261532774396e-01 4.605243144048774134e-02
9.577089905500577594e-01 4.637878277585560927e-02
9.574172634743219890e-01 4.964336183246068762e-02
9.573709925033724311e-01 5.017760898947201675e-02
9.571151465440087547e-01 5.321858802710931202e-02
9.570321259174240369e-01 5.423849244135394571e-02
9.568319469889911000e-01 5.676894811599464408e-02
9.566948799247171342e-01 5.856290507223489705e-02
9.565668790356459672e-01 6.028601804044318724e-02
9.563619083410863642e-01 6.314787609623827291e-02
9.563191175500468377e-01 6.376214090332625595e-02
9.560878134522251548e-01 6.719044021786299559e-02
9.560359633197456075e-01 6.798521994866349449e-02
9.558721068110332952e-01 7.056481897055999486e-02
9.557198132121076384e-01 7.306086086871216301e-02
9.556711378640999621e-01 7.387994648086362859e-02
9.554840561729707193e-01 7.713123506675030605e-02
9.554161477577011174e-01 7.835433239769135083e-02
9.553100281043126474e-01 8.031480848148062068e-02
9.551482428164242977e-01 8.342746398482071835e-02
9.551274758124753683e-01 8.383853441608123125e-02
9.549979169216632480e-01 8.646662976666759370e-02
9.548582979874740140e-01 8.943031926592941161e-02
9.548560227188243044e-01 8.947982434978778155e-02
9.547286670297615574e-01 9.231708373691799308e-02
9.546083401429131809e-01 9.512596421788029055e-02
9.546036357238673054e-01 9.523850041116457832e-02
9.544966693996578266e-01 9.785644386357324198e-02
9.543930431425126093e-01 1.005084014196882952e-01
9.543717061795122802e-01 1.010697027740123516e-01
9.542968857764596580e-01 1.030820664478725862e-01
9.542076571603905766e-01 1.055779767581424416e-01
9.541611163472197843e-01 1.069247158322766122e-01
9.541248516829837767e-01 1.079969383722628185e-01
9.540479970973271273e-01 1.103399882274378879e-01
9.539766531779610981e-01 1.126083597338321113e-01
9.539722164448866115e-01 1.127526066772977648e-01
9.539104102542165231e-01 1.148034512209076402e-01
9.538488876648577586e-01 1.169267972447448761e-01
9.538048343628438008e-01 1.185020895681698772e-01
9.537917321711154583e-01 1.189800426797117255e-01
9.537386163582139975e-01 1.209649194812251888e-01
9.536892370494238769e-01 1.228832259801442423e-01
9.536583167522879600e-01 1.241234721627680337e-01
9.536433137514429559e-01 1.247368085518346797e-01
9.536005871454599214e-01 1.265275454926092502e-01
9.535608176345088394e-01 1.282573329316899491e-01
9.535315966196602488e-01 1.295705238826289629e-01
9.535237839546018002e-01 1.299280726068241520e-01
9.534892818546367721e-01 1.315416613348754371e-01
9.534571228477759508e-01 1.330999820155104318e-01
9.534271330356646201e-01 1.346048960127793070e-01
9.534232797969809381e-01 1.348021137431353322e-01
9.533991520052140789e-01 1.360582367696397399e-01
9.533730317968371892e-01 1.374618045196686622e-01
9.533486359421943224e-01 1.388173619706197237e-01
9.533317411665463981e-01 1.397834933237059041e-01
9.533258385689408199e-01 1.401266308447138842e-01
9.533045235695706277e-01 1.413912891706207153e-01
9.532845838311846398e-01 1.426129692318253428e-01
9.532659205228589672e-01 1.437932560853317221e-01
9.532552214634740784e-01 1.444871447909742979e-01
9.532484424372017484e-01 1.449336865734622559e-01
9.532320653827686119e-01 1.460357487593330061e-01
9.532167116238602356e-01 1.471008817248750655e-01
9.532023093646095901e-01 1.481304756760883357e-01
9.531919167054868636e-01 1.488931655314062186e-01
9.531887922741083541e-01 1.491258723075732373e-01
9.531760990496234154e-01 1.500883653835207443e-01
9.531641730150505198e-01 1.510192014977451147e-01
9.531529617519187703e-01 1.519195809799810948e-01
9.531424167604226616e-01 1.527906589198670118e-01
9.531400544082405668e-01 1.529892107878467744e-01
9.531324931481164331e-01 1.536335462837797594e-01
9.531231493440711633e-01 1.544493111030217636e-01
9.531143468364395854e-01 1.552389797148289730e-01
9.531060499315314738e-01 1.560035380402850780e-01
9.530982255326373442e-01 1.567439328855464997e-01
9.530979532293168965e-01 1.567700560471113613e-01
9.530908429369755464e-01 1.574610732548206160e-01
9.530838736492629470e-01 1.581558316653294827e-01
9.530772912105286432e-01 1.588290454560576104e-01
9.530710710408983877e-01 1.594815180834550927e-01
9.530651902951878807e-01 1.601140203984557364e-01
9.530640650679341741e-01 1.602368671471822714e-01
9.530596277302257890e-01 1.607272919002113998e-01
9.530543635829318294e-01 1.613220419628364211e-01
9.530493794582418632e-01 1.618989510322382530e-01
9.530446582260614363e-01 1.624586717907686439e-01
9.530401839264857067e-01 1.630018302880141268e-01
9.530370005860343552e-01 1.633962769825400285e-01
9.530359416825990859e-01 1.635290270365250542e-01
9.530319176202186604e-01 1.640408380717018888e-01
9.530280987940028536e-01 1.645378159754127823e-01
9.530244731193965313e-01 1.650204908632125489e-01
9.530210293099268259e-01 1.654893713352784679e-01
9.530177568194069249e-01 1.659449453913910688e-01
9.530155404356498439e-01 1.662593650548985780e-01
9.530146457886425893e-01 1.663876813104564201e-01
9.530116869962707016e-01 1.668180284951995274e-01
9.530088718133912229e-01 1.672364182827814627e-01
9.530061921616814757e-01 1.676432647221694217e-01
9.530036404747097567e-01 1.680389653191650678e-01
9.530012096621885975e-01 1.684239017500423208e-01
9.529988930769294209e-01 1.687984405447844616e-01
9.529986351630814756e-01 1.688406235547847967e-01
9.529966844842817641e-01 1.691629337409351064e-01
9.529945780338587857e-01 1.695177195090863120e-01
9.529925682333634240e-01 1.698631227510377373e-01
9.529906499243525619e-01 1.701994556716522611e-01
9.529888182597817670e-01 1.705270183254281036e-01
9.529870686831944937e-01 1.708460991387907579e-01
9.529853969094229660e-01 1.711569754090931095e-01
9.529853969094230770e-01 1.711569754090930262e-01
