# n_s, r predictions of a polynomial alpha attractor model with k=3 and N_\star=53.
9.697917022472858362e-01 1.040629565353545257e-04
9.697917022472878346e-01 1.040629565353246694e-04
9.697896853543606088e-01 1.122186746624412448e-04
9.697874887926779541e-01 1.210149007102003437e-04
9.697850975422132036e-01 1.305021580280211211e-04
9.697824953633815692e-01 1.407349919805456640e-04
9.697796646984159219e-01 1.517722961816926662e-04
9.697765865651777339e-01 1.636776661763399881e-04
9.697732404415626561e-01 1.765197830454306159e-04
9.697696041408095935e-01 1.903728296431626138e-04
9.697656536762156998e-01 2.053169424625460857e-04
9.697613631146297930e-01 2.214387024282067087e-04
9.697567044176477191e-01 2.388316682595904904e-04
9.697516472692975231e-01 2.575969564364251948e-04
9.697461588892835049e-01 2.778438722303340231e-04
9.697402038301039529e-01 2.996905967554059670e-04
9.697337437569008012e-01 3.232649355413076990e-04
9.697267372082013503e-01 3.487051347552814129e-04
9.697191393358871592e-01 3.761607718999937966e-04
9.697109016223918188e-01 4.057937286174680049e-04
9.697019715730751388e-01 4.377792541313471077e-04
9.696922923811007733e-01 4.723071288984996650e-04
9.696818025626281479e-01 5.095829392101694499e-04
9.696704355590558544e-01 5.498294748389352584e-04
9.696581193032183243e-01 5.932882633665098908e-04
9.696447757461532646e-01 6.402212565916944606e-04
9.696303203404280646e-01 6.909126864606613327e-04
9.696146614756148141e-01 7.456711103072702048e-04
9.695976998616805398e-01 8.048316678737257174e-04
9.695793278546590566e-01 8.687585757408105690e-04
9.695665745157631132e-01 9.130543131344167826e-04
9.695594287193248784e-01 9.378478883871753553e-04
9.695378758226732563e-01 1.012530559305575579e-03
9.695145317516693506e-01 1.093275840472661842e-03
9.694892473482327189e-01 1.180595064130062150e-03
9.694618606539814332e-01 1.275045857423353062e-03
9.694321957569265180e-01 1.377236848117711909e-03
9.694000615320781389e-01 1.487832928544028906e-03
9.693652502679093175e-01 1.607561155342884362e-03
9.693275361708842963e-01 1.737217374695812673e-03
9.692866737409703282e-01 1.877673676842467549e-03
9.692730831474227760e-01 1.924389998740565818e-03
9.692423960122701354e-01 2.029886800074134825e-03
9.691944126550408045e-01 2.194907623387830787e-03
9.691424079383236245e-01 2.373891908957159042e-03
9.690860385568187407e-01 2.568112480848571896e-03
9.690249313317519375e-01 2.778973055365007837e-03
9.689586808033265886e-01 3.008023971365706914e-03
9.689385752095934778e-01 3.077637690955144483e-03
9.688868467429743170e-01 3.256980106103431194e-03
9.688089516264006829e-01 3.527741303799302591e-03
9.687244781244505054e-01 3.822415690249956598e-03
9.686328666869267190e-01 4.143346297236677987e-03
9.685720187651749580e-01 4.357349730013877417e-03
9.685335133149297615e-01 4.493141474945522990e-03
9.684257676381463620e-01 4.874709628633031554e-03
9.683089314331528863e-01 5.291298876756456333e-03
9.681822577343938141e-01 5.746542291176095704e-03
9.681788979320515853e-01 5.758669932392965901e-03
9.680449506980309815e-01 6.244509445276593892e-03
9.678961663776801672e-01 6.789765062372246814e-03
9.677636165279671632e-01 7.280799528038173207e-03
9.677350145592105157e-01 7.387435623471406802e-03
9.675605617817010229e-01 8.043284857636397167e-03
9.673718356506961769e-01 8.763799093284120947e-03
9.673301233688297307e-01 8.924657644286423594e-03
9.671678305411951504e-01 9.556283481266652016e-03
9.669475148087575134e-01 1.042897008561483041e-02
9.668820427898103809e-01 1.069182283212744868e-02
9.667098396959515894e-01 1.139113873465807426e-02
9.664537502507923872e-01 1.245325127304724652e-02
9.664226728359622820e-01 1.258400192448870178e-02
9.661781987653131898e-01 1.362709936979225427e-02
9.659549789339593184e-01 1.460274254717830976e-02
9.658821614807965306e-01 1.492596520964892259e-02
9.655646595635386520e-01 1.636479308673597852e-02
9.654816143315264609e-01 1.674925826362768863e-02
9.652247855903496321e-01 1.796036796177694420e-02
9.650049603187720315e-01 1.902430425215426504e-02
9.648617369551161227e-01 1.973149423140461642e-02
9.645271717221277630e-01 2.142807676574021505e-02
9.644748576739141654e-01 2.169916404588388692e-02
9.640636899838559426e-01 2.388669922572408955e-02
9.640502174980495331e-01 2.396012686417559392e-02
9.636280368494262172e-01 2.631984389261268417e-02
9.635759120690751134e-01 2.661928634352262596e-02
9.631680359420917714e-01 2.902677613643480162e-02
9.631059369132028980e-01 2.940360652285073026e-02
9.626842447544757819e-01 3.203799636750061242e-02
9.626418537504878303e-01 3.231031131069569268e-02
9.621851112360818581e-01 3.533576599066988455e-02
9.621777351395717215e-01 3.538603782223619099e-02
9.617370470286777939e-01 3.847546290653770101e-02
9.616501936179872034e-01 3.910493205960952068e-02
9.612988868409988452e-01 4.172402484796628591e-02
9.611040211972459169e-01 4.322935134710029909e-02
9.608717417752548062e-01 4.507522648466372878e-02
9.605424232273463980e-01 4.779334425228930205e-02
9.604566049676309669e-01 4.852203369091850210e-02
9.600543483290782110e-01 5.205666006408941199e-02
9.599694761989636671e-01 5.282858607200615481e-02
9.596657199716033260e-01 5.567063939598643901e-02
9.593901549053881483e-01 5.836208933945780802e-02
9.592913427423238604e-01 5.935491233547018214e-02
9.589317141449549275e-01 6.309992501456239411e-02
9.588103009635966512e-01 6.441336995524181430e-02
9.585872078051784761e-01 6.689573702790981014e-02
9.582580765301464965e-01 7.073213587945177683e-02
9.582365136612889245e-01 7.099114866513908662e-02
9.579444569220888495e-01 7.459875485659143990e-02
9.576759480418163273e-01 7.808978756137584243e-02
9.576463754315426291e-01 7.848519126819517022e-02
9.573637556772576218e-01 8.238112208651321433e-02
9.571360144273420856e-01 8.568580804891300085e-02
9.570964268173536293e-01 8.627641425438004052e-02
9.568441327294373577e-01 9.016122724035122160e-02
9.566239886272656090e-01 9.373498493799116427e-02
9.566065417451774522e-01 9.402610582304228581e-02
9.563832566858113671e-01 9.786206153593635104e-02
9.561738249572926396e-01 1.016606416785367090e-01
9.561465614638271493e-01 1.021706172856060163e-01
9.559777484850154883e-01 1.054139852733095989e-01
9.557944932958928330e-01 1.091148657976292180e-01
9.557093761276804766e-01 1.109035844960462036e-01
9.556234985876038701e-01 1.127567209272945237e-01
9.554641851588553392e-01 1.163336698793465129e-01
9.553166163047447368e-01 1.198246557819881708e-01
9.553159631085499370e-01 1.198405192282181037e-01
9.551782387442269151e-01 1.232727582868742011e-01
9.550504206697886245e-01 1.266265452940603942e-01
9.549707105996105838e-01 1.288092144705572650e-01
9.549319250485388544e-01 1.298986857341006551e-01
9.548221800594283160e-01 1.330866041435576352e-01
9.547206295819700150e-01 1.361883107378739632e-01
9.546722054585824457e-01 1.377241248631455028e-01
9.546267361586383560e-01 1.392023641301691761e-01
9.545399832929686301e-01 1.421278313231015833e-01
9.544598771474515075e-01 1.449642460421865231e-01
9.544198305242714842e-01 1.464360099518018099e-01
9.543859477081423348e-01 1.477115663533896672e-01
9.543177494832159047e-01 1.503701323763282638e-01
9.542548618009952799e-01 1.529406247728905821e-01
9.542107439748089837e-01 1.548198609907913692e-01
9.541968887697706014e-01 1.554240245641720919e-01
9.541434589574245839e-01 1.578215747097771460e-01
9.540942248439004958e-01 1.601347437750746672e-01
9.540488620941678377e-01 1.623651919153682732e-01
9.540409115769653559e-01 1.627667851585916925e-01
9.540070686938708633e-01 1.645147393217530063e-01
9.539685639844273091e-01 1.665853372017152279e-01
9.539330876291781669e-01 1.685790413078261385e-01
9.539055520435447688e-01 1.701898629847932443e-01
9.539003985373464278e-01 1.704979879793878939e-01
9.538702737681167276e-01 1.723443726236530971e-01
9.538425074331470244e-01 1.741204305340687819e-01
9.538169096122551815e-01 1.758284199218098920e-01
9.537995780886238117e-01 1.770274826276129476e-01
9.537933052939069345e-01 1.774706070224418286e-01
9.537715333494308778e-01 1.790492531308442437e-01
9.537514455475808450e-01 1.805666034134816023e-01
9.537329056141091721e-01 1.820248773469008430e-01
9.537179758515831329e-01 1.832440170974725946e-01
9.537157883394471458e-01 1.834262606337627721e-01
9.536999787361264413e-01 1.847728984532692187e-01
9.536853712466938360e-01 1.860668899084803873e-01
9.536718690018245459e-01 1.873102835416497469e-01
9.536593831277768718e-01 1.885050737966043333e-01
9.536560884134926974e-01 1.888281667166077926e-01
9.536478321017826110e-01 1.896531983162191570e-01
9.536371411535952136e-01 1.907565359719688713e-01
9.536272417111454347e-01 1.918169055314083993e-01
9.536180708880773738e-01 1.928360648780657327e-01
9.536097936194261049e-01 1.937895940519256122e-01
9.536095710108375423e-01 1.938157107064984730e-01
9.536016891829383058e-01 1.947574786231023591e-01
9.535943768840208223e-01 1.956629435906014902e-01
9.535875896013816799e-01 1.965336206609772096e-01
9.535812864916841658e-01 1.973709659478930512e-01
9.535755858256897977e-01 1.981545926935071311e-01
9.535754300706689168e-01 1.981763777954357042e-01
9.535699859287658509e-01 1.989511981052637934e-01
9.535649224706244098e-01 1.996967137890068855e-01
9.535602106766845054e-01 2.004141583170648000e-01
9.535558238850322388e-01 2.011047133388103314e-01
9.535517375918911576e-01 2.017695103526506994e-01
9.535505825145154102e-01 2.019614793999885693e-01
9.535479292692177200e-01 2.024096324074750319e-01
9.535443781979766609e-01 2.030261158197436688e-01
9.535410653157788685e-01 2.036199518928813734e-01
9.535379730776607499e-01 2.041920886277711067e-01
9.535350853288848683e-01 2.047434324149977058e-01
9.535324802502954666e-01 2.052562428514797810e-01
9.535323871887254610e-01 2.052748497011379625e-01
9.535298649442908170e-01 2.057871686228072428e-01
9.535275059535094355e-01 2.062811806034171025e-01
9.535252985564832695e-01 2.067576419086693540e-01
9.535232319944733081e-01 2.072172751577349425e-01
9.535212963358535854e-01 2.076607707878664610e-01
9.535194824084187726e-01 2.080887884708636781e-01
9.535194824084187726e-01 2.080887884708636781e-01
