# n_s, r predictions of a polynomial alpha attractor model with k=3 and N_\star=44.
9.636119604810045036e-01 1.401650612548415689e-04
9.636119604810045036e-01 1.401650612548415689e-04
9.636093520183329764e-01 1.511517163763946776e-04
9.636065077829797376e-01 1.630014901216203385e-04
9.636034079373105854e-01 1.757825161808432724e-04
9.636000310279471126e-01 1.895683609728473281e-04
9.635963538551349794e-01 2.044384657918843756e-04
9.635923513314091915e-01 2.204786264030248540e-04
9.635879963284836869e-01 2.377815134941347512e-04
9.635832595115580990e-01 2.564472377362288485e-04
9.635781091594134429e-01 2.765839635992909675e-04
9.635725109700026270e-01 2.983085764908937091e-04
9.635664278492247492e-01 3.217474082887521398e-04
9.635598196819343819e-01 3.470370268726878497e-04
9.635526430834627787e-01 3.743250958816615563e-04
9.635448511298083663e-01 4.037713116175371472e-04
9.635363930645638453e-01 4.355484248002258231e-04
9.635272139804096359e-01 4.698433557673153548e-04
9.635172544727438337e-01 5.068584127228017945e-04
9.635064502628485350e-01 5.468126237813205779e-04
9.634947317876884076e-01 5.899431948635973713e-04
9.634820237530405951e-01 6.365071069888607195e-04
9.634682446465573369e-01 6.867828682080470530e-04
9.634533062066691356e-01 7.410724373843998120e-04
9.634371128429749520e-01 7.997033392644136785e-04
9.634195610038898128e-01 8.630309928412694667e-04
9.634005384852222242e-01 9.314412780357140013e-04
9.633799236750115735e-01 1.005353369079352863e-03
9.633575847275939186e-01 1.085222867009106055e-03
9.633333786602837900e-01 1.171545268238460271e-03
9.633165701190226082e-01 1.231370170116148242e-03
9.633071503646780664e-01 1.264859811540810369e-03
9.632787315250527227e-01 1.365753751914264074e-03
9.632479394342609025e-01 1.474867117073643246e-03
9.632145756981332907e-01 1.592898010654529919e-03
9.631784248181542996e-01 1.720608536020880232e-03
9.631392526420665678e-01 1.858831425975774427e-03
9.630968046716946729e-01 2.008477476985902864e-03
9.630508042174835692e-01 2.170543902060413383e-03
9.630009503897133394e-01 2.346123734532360589e-03
9.629469159174703918e-01 2.536416436083210879e-03
9.629289402940098830e-01 2.599728655898681656e-03
9.628883447889521330e-01 2.742739886805507180e-03
9.628248497087674718e-01 2.966543963627726530e-03
9.627560093744177427e-01 3.209425946042551280e-03
9.626813655789663304e-01 3.473148026006870389e-03
9.626004201579272390e-01 3.759657241766268913e-03
9.625126318090714284e-01 4.071108204424943484e-03
9.624859842326023429e-01 4.165811358026219949e-03
9.624174128313275345e-01 4.409889040748662427e-03
9.623141258478270510e-01 4.778651036779218639e-03
9.622020806031400531e-01 5.180342533453844572e-03
9.620805309527701299e-01 5.618247697359927441e-03
9.619997796448263028e-01 5.910493286716186553e-03
9.619486721954664254e-01 6.096030865508697376e-03
9.618056389316009813e-01 6.617787241511892057e-03
9.616505036637783554e-01 7.188100799177771921e-03
9.614822763829022900e-01 7.812110326345357569e-03
9.614778141222120045e-01 7.828744779301174267e-03
9.612999054009558897e-01 8.495584613578351790e-03
9.611022796964768800e-01 9.245007855647115191e-03
9.609262216592378003e-01 9.920806412498792831e-03
9.608882330285339890e-01 1.006767638322594340e-02
9.606565500531860646e-01 1.097180786889457964e-02
9.604059746529962638e-01 1.196666413883882944e-02
9.603506042241651830e-01 1.218898713473463152e-02
9.601352206833951852e-01 1.306268863990357569e-02
9.598429853738797979e-01 1.427165941064972854e-02
9.597561802043124146e-01 1.463619223558735617e-02
9.595279657219546454e-01 1.560685800622181076e-02
9.591888783998820944e-01 1.708325411601342367e-02
9.591477557350255312e-01 1.726517351856048793e-02
9.588244839569807221e-01 1.871770443593971309e-02
9.585296955759200488e-01 2.007811675805801221e-02
9.584336164169181549e-01 2.052916251698307798e-02
9.580152196898746864e-01 2.253889356876744021e-02
9.579059362641344499e-01 2.307638530542070743e-02
9.575683924739818442e-01 2.477068427105059284e-02
9.572800304266909643e-01 2.626033399613427605e-02
9.570924434312859663e-01 2.725103222153165555e-02
9.566552006329542834e-01 2.962915800581727641e-02
9.565869583097624806e-01 3.000929239419811850e-02
9.560518802575934671e-01 3.307774860430767738e-02
9.560343876331445223e-01 3.318076617879332779e-02
9.554876037452125770e-01 3.649156631428833453e-02
9.554202864328166234e-01 3.691167880804658435e-02
9.548950811608414302e-01 4.028856933471722940e-02
9.548153694254556401e-01 4.081695324175098338e-02
9.542759391550100778e-01 4.450876785201218766e-02
9.542218985882373605e-01 4.489014108625440785e-02
9.536419296407085966e-01 4.912328001772795633e-02
9.536325990713800937e-01 4.919355055425466555e-02
9.530773110345114318e-01 5.350692202260771274e-02
9.529683922822230757e-01 5.438444277169252744e-02
9.525296802481717506e-01 5.803019851691567504e-02
9.522876570774136962e-01 6.012133089898967497e-02
9.520004593752657840e-01 6.268092134939076687e-02
9.515957993600197007e-01 6.644006864241958077e-02
9.514908515229039132e-01 6.744571724945773450e-02
9.510018391139933858e-01 7.231019191559438786e-02
9.508992956212820591e-01 7.336942248778849374e-02
9.505341848156507734e-01 7.725911873576166156e-02
9.502056148508714051e-01 8.092739208316693245e-02
9.500884354947809474e-01 8.227664616719310153e-02
9.496649293275893911e-01 8.734651714111912879e-02
9.495230379621723005e-01 8.911706242342723461e-02
9.492638059610393197e-01 9.245229354097292407e-02
9.488850194420098694e-01 9.757757884137535642e-02
9.488603608451918747e-01 9.792230599689077941e-02
9.485283534931336913e-01 1.027062323774931424e-01
9.482264815465626384e-01 1.073038352822750230e-01
9.481934386230111977e-01 1.078225693973294402e-01
9.478797705098186421e-01 1.129115419730431502e-01
9.476298929279254324e-01 1.171962684074900202e-01
9.475867290872671544e-01 1.179588969365653744e-01
9.473135977847407796e-01 1.229513081797037333e-01
9.470781264669352328e-01 1.275069524942556987e-01
9.470595824224600223e-01 1.278764818418286209e-01
9.468238293304035436e-01 1.327232340299840663e-01
9.466054423392199491e-01 1.374815417210061286e-01
9.465772147233344480e-01 1.381172227876742431e-01
9.464034983757777519e-01 1.421425683430209141e-01
9.462170614796260315e-01 1.466986662011814380e-01
9.461312516580813181e-01 1.488865143547793701e-01
9.460451951348815003e-01 1.511433583919447876e-01
9.458869728816861056e-01 1.554713031471825213e-01
9.457421246217765365e-01 1.596592940722169895e-01
9.457414872303221420e-01 1.596782436799349947e-01
9.456078569484337448e-01 1.637609465907698403e-01
9.454852328275489270e-01 1.677171317645519688e-01
9.454094669947292751e-01 1.702742265014707268e-01
9.453728020599326820e-01 1.715453964702783329e-01
9.452697913718726141e-01 1.752451360987739848e-01
9.451754690662601543e-01 1.788164636592516898e-01
9.451308406345618751e-01 1.805744763306001976e-01
9.450891461273317473e-01 1.822601298271518677e-01
9.450101765352041383e-01 1.855774450094956340e-01
9.449379569288225422e-01 1.887702045832121145e-01
9.449021133144266393e-01 1.904177472816165062e-01
9.448719257443728425e-01 1.918406181757965068e-01
9.448115619431823875e-01 1.947912436020330929e-01
9.447563834294803176e-01 1.976249258483726290e-01
9.447179614553582461e-01 1.996846741208779252e-01
9.447059452448048900e-01 2.003447413085379103e-01
9.446598376127771646e-01 2.029539473192395749e-01
9.446176838957917044e-01 2.054559369211109987e-01
9.445791385140713814e-01 2.078541986743856762e-01
9.445724126694826639e-01 2.082845243042664996e-01
9.445438848676308563e-01 2.101522812879853541e-01
9.445116332930055814e-01 2.123537627711192810e-01
9.444821190791135024e-01 2.144622237847821911e-01
9.444593485653262066e-01 2.161577200030496415e-01
9.444551005602548344e-01 2.164812248534732364e-01
9.444303572989325435e-01 2.184142870920927904e-01
9.444076883667918976e-01 2.202648761067153294e-01
9.443869107284191822e-01 2.220363887385400636e-01
9.443729108384777415e-01 2.232752874312483593e-01
9.443678577299002841e-01 2.237321423358704653e-01
9.443503776918217296e-01 2.253553662579039496e-01
9.443343326046952368e-01 2.269091953351245194e-01
9.443195969235231857e-01 2.283966650331791803e-01
9.443077833420595590e-01 2.296358163738998481e-01
9.443060564573200200e-01 2.298207080894691390e-01
9.442936073487883109e-01 2.311841524137277226e-01
9.442821551389727341e-01 2.324897200651114271e-01
9.442716139115168161e-01 2.337400271385573491e-01
9.442619055110970105e-01 2.349375844120728529e-01
9.442593501745828455e-01 2.352607744382635702e-01
9.442529588307236876e-01 2.360847986239074381e-01
9.442447091625644218e-01 2.371839742654894834e-01
9.442370976074325739e-01 2.382373157892843651e-01
9.442300705380464176e-01 2.392469301453000741e-01
9.442237488495288655e-01 2.401890587186006343e-01
9.442235791115954902e-01 2.402148295710749837e-01
9.442175788273740045e-01 2.411429345708553662e-01
9.442120291255395870e-01 2.420330770290523847e-01
9.442068930233346036e-01 2.428870034113974619e-01
9.442021367853911107e-01 2.437063780145453384e-01
9.441978466830573957e-01 2.444715372876902770e-01
9.441977296250019247e-01 2.444927862312806233e-01
9.441936434335032047e-01 2.452477378040854583e-01
9.441898525351497540e-01 2.459726700446832892e-01
9.441863334650916206e-01 2.466689510013783393e-01
9.441830647682766253e-01 2.473378825596254937e-01
9.441800268172910737e-01 2.479807034643835839e-01
9.441791693006649222e-01 2.481661152939436399e-01
9.441772016473412021e-01 2.485985922554453942e-01
9.441745728067375554e-01 2.491926701091995155e-01
9.441721252214001492e-01 2.497640035821931392e-01
9.441698450720413804e-01 2.503136072534544732e-01
9.441677196828126561e-01 2.508424462638929042e-01
9.441658057318910169e-01 2.513336292266177274e-01
9.441657374203138442e-01 2.513514387521988969e-01
9.441638876019736726e-01 2.518414581875860203e-01
9.441621604129020184e-01 2.523133356004714223e-01
9.441605468304051785e-01 2.527678617127863681e-01
9.441590385554284870e-01 2.532057889701022635e-01
9.441576279502699176e-01 2.536278334781159050e-01
9.441563079819645932e-01 2.540346768463400129e-01
9.441563079819645932e-01 2.540346768463399574e-01
