# n_s, r predictions of a polynomial alpha attractor model with k=4 and N_\star=51.
9.673155511772068005e-01 4.243628116239043287e-05
9.673155511771985848e-01 4.243628116239043287e-05
9.673147214254872450e-01 4.582709052391067392e-05
9.673138051022796002e-01 4.948909867038428853e-05
9.673127944247441601e-01 5.344404194849957025e-05
9.673116809529334059e-01 5.771540673319340250e-05
9.673104555351392797e-01 6.232857167052433098e-05
9.673091082501059645e-01 6.731096170284658062e-05
9.673076283429377087e-01 7.269221489993019547e-05
9.673060041564476297e-01 7.850436320084313191e-05
9.673042230568339450e-01 8.478202827547109185e-05
9.673022713527957839e-01 9.156263383570351576e-05
9.673001342082189202e-01 9.888663584489759608e-05
9.672977955470209999e-01 1.067977722178908021e-04
9.672952379504267117e-01 1.153433337572678862e-04
9.672924425452795738e-01 1.245744582427456325e-04
9.672893888824948272e-01 1.345464497881093278e-04
9.672860548056675389e-01 1.453191257806145571e-04
9.672824163077239357e-01 1.569571939722325311e-04
9.672784473753673895e-01 1.695306625475770075e-04
9.672741198196509460e-01 1.831152862970561283e-04
9.672694030918695951e-01 1.977930523558400224e-04
9.672642640825653837e-01 2.136527093581795298e-04
9.672586669028608863e-01 2.307903442662776806e-04
9.672525726454955786e-01 2.493100116350668079e-04
9.672459391246189808e-01 2.693244205975548161e-04
9.672449002889433878e-01 2.724464531421862904e-04
9.672387205906959329e-01 2.909556855066074469e-04
9.672308674194587397e-01 3.143361468394533236e-04
9.672223257707318611e-01 3.396092698165164539e-04
9.672130372154490452e-01 3.669306290649442448e-04
9.672029383260029034e-01 3.964689887583988052e-04
9.671919602267315952e-01 4.284074888451918717e-04
9.671800280998323895e-01 4.629449493967673296e-04
9.671670606417298588e-01 5.002973067162895440e-04
9.671529694641773922e-01 5.406991967280349665e-04
9.671396445639367512e-01 5.787465664080321216e-04
9.671376584338032822e-01 5.844057033332198704e-04
9.671210229424669347e-01 6.316942919746645251e-04
9.671029491009264234e-01 6.828669515701459936e-04
9.670833128458571348e-01 7.382525714854617149e-04
9.670619789501171404e-01 7.982095842414279425e-04
9.670387999243306165e-01 8.631289094509327553e-04
9.670136147964023543e-01 9.334372401128451487e-04
9.670117558316011497e-01 9.386182176734595567e-04
9.669862477539449275e-01 1.009600719054491334e-03
9.669565066326527569e-01 1.092129061219391161e-03
9.669241812316714535e-01 1.181580186872775284e-03
9.668890414349513573e-01 1.278565441957369743e-03
9.668654564501178994e-01 1.343529239343588342e-03
9.668508351153481950e-01 1.383755495131181032e-03
9.668092857959983411e-01 1.497887016891755185e-03
9.667640900417548977e-01 1.621770265130087615e-03
9.667149145518314501e-01 1.756297724100720119e-03
9.667028577437603021e-01 1.789244247062071703e-03
9.666613929242710013e-01 1.902453970803379222e-03
9.666031220636474020e-01 2.061326974985117858e-03
9.665396582059386787e-01 2.234121077304879015e-03
9.665251729289064953e-01 2.273531897698445169e-03
9.664705125408843411e-01 2.422171935575289422e-03
9.663951464223685672e-01 2.626963782510884603e-03
9.663331653151625567e-01 2.795299543596936782e-03
9.663129661726581610e-01 2.850149401200402933e-03
9.662233175123852158e-01 3.093573297002178996e-03
9.661273624397150872e-01 3.354183702459870818e-03
9.661254796795613053e-01 3.359298628289641379e-03
9.660186593469881622e-01 3.649638552924739168e-03
9.659081766902068988e-01 3.950325342826428894e-03
9.659019845023446571e-01 3.967192753281079468e-03
9.657744985194115506e-01 4.314890019700767104e-03
9.656759804289972715e-01 4.584231513382473928e-03
9.656351547144143010e-01 4.696037901053351851e-03
9.654828117354237182e-01 5.114380573793013939e-03
9.654311541226793247e-01 5.256681588403166495e-03
9.653162301545966661e-01 5.574166243684443474e-03
9.651741150662056512e-01 5.968658935157415864e-03
9.651340705963243893e-01 6.080225589887928300e-03
9.649348936134964916e-01 6.638063010846174256e-03
9.649053303991768082e-01 6.721298958971722894e-03
9.647171613066369833e-01 7.253962765979184678e-03
9.646253173372758560e-01 7.515849269774665074e-03
9.644792403873300168e-01 7.935112560449836955e-03
9.643346340223979407e-01 8.353639783712249120e-03
9.642194060876775330e-01 8.689747717101323904e-03
9.640338649520030501e-01 9.236061186381278737e-03
9.639358461317153459e-01 9.527319816776654363e-03
9.637236049056895348e-01 1.016455013699748590e-02
9.636266640540206430e-01 1.045869451676512650e-02
9.634044445062329709e-01 1.114057942676999723e-02
9.632898815778491164e-01 1.149638407757136091e-02
9.630769593165700027e-01 1.216565130974549096e-02
9.629234405514893735e-01 1.265482080349292736e-02
9.627417031177853968e-01 1.324129245897490842e-02
9.625252059637841029e-01 1.395067798079301785e-02
9.623992050654088803e-01 1.436904938042851687e-02
9.620929726179512365e-01 1.540324481830896916e-02
9.620499698995742532e-01 1.555048352071404863e-02
9.616944802345506194e-01 1.678716564375550349e-02
9.616244789552287342e-01 1.703486115789823105e-02
9.613332000400645061e-01 1.808066929221198438e-02
9.611174322112268076e-01 1.887141600357395213e-02
9.609665786219712125e-01 1.943256329562033022e-02
9.605950546221604380e-01 2.084440336275574651e-02
9.605695496028413549e-01 2.094291067050623942e-02
9.602190597389148596e-01 2.231772282751391320e-02
9.599786206923086596e-01 2.328408169479759954e-02
9.598390220056443045e-01 2.385402262502642895e-02
9.594553685576592272e-01 2.545476057312286156e-02
9.593425965395365740e-01 2.593506925565190052e-02
9.590685278737703934e-01 2.712134003044164646e-02
9.586789315113110055e-01 2.885509800090812343e-02
9.586597117007493729e-01 2.894210191897867920e-02
9.582870153687842452e-01 3.065729275590065028e-02
9.579286453616153718e-01 3.235814564551067751e-02
9.578932205159045310e-01 3.252909105060913797e-02
9.574979936309838680e-01 3.447155501912790854e-02
9.571487274987812155e-01 3.624343139424290872e-02
9.571017870831293184e-01 3.648562884313942545e-02
9.567050586933242284e-01 3.857212530081770285e-02
9.563201943007014760e-01 4.066572839063129635e-02
9.563082712051129697e-01 4.073171231512098811e-02
9.559118914927742239e-01 4.296489963327389250e-02
9.555163895327273282e-01 4.527202578138533190e-02
9.554444932418034719e-01 4.570016718255514448e-02
9.551222371625789354e-01 4.765324544911044014e-02
9.547299066514567389e-01 5.010851746873408452e-02
9.545246310556829705e-01 5.142833873619126472e-02
9.543398691052462635e-01 5.263759356014346968e-02
9.539525927304794983e-01 5.524000801809281908e-02
9.535685409815805036e-01 5.791506851912319592e-02
9.535655461846929137e-01 5.793630998261004028e-02
9.531881706165796775e-01 6.066184822437360041e-02
9.528119296875914301e-01 6.347917934834512721e-02
9.525744702415136489e-01 6.531112071375526351e-02
9.524402554929783937e-01 6.636564835444598576e-02
9.520735725188093079e-01 6.931959292449708931e-02
9.517122903975715476e-01 7.233910083178475559e-02
9.515612209436387081e-01 7.363529753471914630e-02
9.513568019121413366e-01 7.542201082573216087e-02
9.510074810726448780e-01 7.856591561111947453e-02
9.506646812930357182e-01 8.176816697640314213e-02
9.505383447186104284e-01 8.297899632733102271e-02
9.503287336929605589e-01 8.502588309454978122e-02
9.499999455486880517e-01 8.833595798678975375e-02
9.496785989147450424e-01 9.169507310502254815e-02
9.495210076102115204e-01 9.338964395531186569e-02
9.493649494351843465e-01 9.509971095391557550e-02
9.490592253604296369e-01 9.854617063910325880e-02
9.487616267822736038e-01 1.020305851947651415e-01
9.485265300379046582e-01 1.048794707611744037e-01
9.484723250960171992e-01 1.055489405129095420e-01
9.481914626949794478e-01 1.090970956688089577e-01
9.479191528987770399e-01 1.126708044130098757e-01
9.476554801129817296e-01 1.162657375808084093e-01
9.475734895644158939e-01 1.174121360172267065e-01
9.474005002140770682e-01 1.198775061555958782e-01
9.471542411501698844e-01 1.235016847133780932e-01
9.469167037447577817e-01 1.271338349721779226e-01
9.466878626879470238e-01 1.307695291724881859e-01
9.466803887431454179e-01 1.308906501230628072e-01
9.464676676973168279e-01 1.344043730217471810e-01
9.462560448284327297e-01 1.380340279495233247e-01
9.460528979137976524e-01 1.416542324365928918e-01
9.458640015736961004e-01 1.451496905812832139e-01
9.458581101079505116e-01 1.452608222030578877e-01
9.456715455160378259e-01 1.488497490652595234e-01
9.454930508831397296e-01 1.524170982990145085e-01
9.453224573222162030e-01 1.559591043754940398e-01
9.451595820592565422e-01 1.594721649670817198e-01
9.451376463477997314e-01 1.599556985424674116e-01
9.450042301755459118e-01 1.629528531505999023e-01
9.448561963284072274e-01 1.663979277656753575e-01
9.447152664335244365e-01 1.698043419148795585e-01
9.445812192938513041e-01 1.731692496195022801e-01
9.445097319508214406e-01 1.750173100367603540e-01
9.444538281621218667e-01 1.764900106697914750e-01
9.443328622260348526e-01 1.797641937308721849e-01
9.442180880072472693e-01 1.829895777850625294e-01
9.441092706673267498e-01 1.861641520077424172e-01
9.440061752157332675e-01 1.892861141872883568e-01
9.439829275629543215e-01 1.900065234420275362e-01
9.439085676167179306e-01 1.923538678098014876e-01
9.438162157936813568e-01 1.953660179366246419e-01
9.437288905310429188e-01 1.983213660070297646e-01
9.436463662749955406e-01 2.012189037002640735e-01
9.435684218356715780e-01 2.040578059905626962e-01
9.435541795781794416e-01 2.045879955714851872e-01
9.434948409942109926e-01 2.068374235260924121e-01
9.434254130190178333e-01 2.095572744583643898e-01
9.433599330961139895e-01 2.122170358427371561e-01
9.432982026789672458e-01 2.148165347235416467e-01
9.432400297634924158e-01 2.173557390093685815e-01
9.432155743816162952e-01 2.184511247938103473e-01
9.431852290941228345e-01 2.198347482354140181e-01
9.431336223069184399e-01 2.222537843007710567e-01
9.430850380156671209e-01 2.246131822593248062e-01
9.430393118468243241e-01 2.269133812337188194e-01
9.429962864289463953e-01 2.291549155129293802e-01
9.429558113421196985e-01 2.313384058848061420e-01
9.429558113421196985e-01 2.313384058848061420e-01
