# n_s, r predictions of a polynomial alpha attractor model with k=4 and N_\star=43.
9.612353368670337739e-01 5.639437736853882482e-05
9.612353368670503162e-01 5.639437736849488753e-05
9.612343014722674051e-01 6.090070161620888032e-05
9.612331548348004295e-01 6.576749223291764317e-05
9.612318868495391966e-01 7.102364985542334002e-05
9.612304865541363430e-01 7.670040374356078131e-05
9.612289420593578271e-01 8.283150136471944180e-05
9.612272404705261009e-01 8.945341375234617187e-05
9.612253678063545914e-01 9.660555798755911272e-05
9.612233089086087423e-01 1.043305383153993085e-04
9.612210473439778413e-01 1.126744075229077659e-04
9.612185652995446361e-01 1.216869503672836356e-04
9.612158434677552377e-01 1.314219910233442264e-04
9.612128609225092379e-01 1.419377267023916691e-04
9.612095949843411091e-01 1.532970898118509286e-04
9.612060210744112210e-01 1.655681412600857932e-04
9.612021125555610945e-01 1.788244977775658648e-04
9.611978405600610786e-01 1.931457964169446082e-04
9.611931738017335247e-01 2.086181997350635992e-04
9.611880783723287802e-01 2.253349455128595704e-04
9.611825175194050885e-01 2.433969453082931219e-04
9.611764514046561292e-01 2.629134365893551445e-04
9.611698368402874504e-01 2.840026937341188118e-04
9.611626270020682261e-01 3.067928037732758147e-04
9.611547711156468443e-01 3.314225134467632954e-04
9.611462141136255521e-01 3.580421549074453628e-04
9.611448735396895815e-01 3.621947250675438016e-04
9.611368962618634937e-01 3.868146582624019166e-04
9.611267527492985963e-01 4.179166601983124157e-04
9.611157132390152347e-01 4.515397190335431431e-04
9.611037013768467530e-01 4.878916478608656573e-04
9.610906342506254640e-01 5.271979790090611847e-04
9.610764217971635714e-01 5.697035747140526780e-04
9.610609661493774158e-01 6.156744009751977890e-04
9.610441609173170363e-01 6.653994838687703585e-04
9.610258903955014587e-01 7.191930703153658587e-04
9.610086056514435260e-01 7.698601362732734052e-04
9.610060286874639868e-01 7.773970184596813585e-04
9.609844387383300601e-01 8.403834464940473491e-04
9.609609712634671341e-01 9.085576731122344029e-04
9.609354635614935081e-01 9.823614877993854747e-04
9.609077381966963927e-01 1.062276795186954713e-03
9.608776015350388722e-01 1.148829684711347382e-03
9.608448421153887864e-01 1.242594985160826474e-03
9.608424235121565404e-01 1.249505629997972773e-03
9.608092288354266319e-01 1.344201373580892296e-03
9.607705089290664580e-01 1.454337119750205836e-03
9.607284057093966601e-01 1.573756561435499376e-03
9.606826160483160626e-01 1.703287422330767740e-03
9.606518717033879495e-01 1.790082313298887182e-03
9.606328075609079642e-01 1.843839104543298392e-03
9.605786154597328874e-01 1.996412111371356508e-03
9.605196390414815211e-01 2.162108784730695180e-03
9.604554377665091014e-01 2.342145575838960186e-03
9.604396921137497989e-01 2.386253996042876288e-03
9.603855268909444742e-01 2.537867108803349217e-03
9.603093726122090557e-01 2.750762345785654796e-03
9.602263866928257841e-01 2.982483220924171501e-03
9.602074392888382270e-01 3.035358987070106793e-03
9.601359205363704241e-01 3.234866179608207083e-03
9.600372587034365912e-01 3.509957141881259960e-03
9.599560765337682433e-01 3.736264857106198073e-03
9.599296118799659494e-01 3.810040504889961217e-03
9.598121093442202323e-01 4.137672911253929310e-03
9.596862611250828179e-01 4.488826626513675588e-03
9.596837910277795647e-01 4.495722638645819128e-03
9.595435993307575018e-01 4.887415611456923277e-03
9.593985057008711514e-01 5.293588757182818294e-03
9.593903709329727469e-01 5.316389197914487240e-03
9.592228289378599282e-01 5.786755134922263663e-03
9.590932794752953239e-01 6.151600304142766651e-03
9.590395757853051872e-01 6.303173118121386392e-03
9.588390874554371113e-01 6.870936808449251351e-03
9.587710735977105214e-01 7.064287975062165381e-03
9.586197095293085280e-01 7.496074246514455690e-03
9.584324404499574568e-01 8.033361893816747326e-03
9.583796556382405685e-01 8.185464949350317043e-03
9.581170086832017097e-01 8.946976321218096107e-03
9.580780115500913130e-01 9.060742472090897726e-03
9.578297249245060208e-01 9.789622483079256712e-03
9.577084978148238115e-01 1.014850320931474925e-02
9.575156406544146348e-01 1.072374926190496763e-02
9.573246767214886876e-01 1.129882693205799642e-02
9.571724807717066907e-01 1.176124990949203343e-02
9.569273717892299302e-01 1.251397363343688222e-02
9.567978683459754663e-01 1.291581712142344206e-02
9.565174298218911408e-01 1.379625779867665013e-02
9.563893343926025414e-01 1.420323799932153748e-02
9.560957003193663040e-01 1.514803269843998344e-02
9.559443277266510552e-01 1.564173954867145028e-02
9.556630197626937440e-01 1.657167903226456143e-02
9.554602259324669333e-01 1.725239285507359013e-02
9.552202017213141660e-01 1.806959559791893044e-02
9.549343500046842959e-01 1.905958390640412337e-02
9.547680323914975453e-01 1.964419021141407956e-02
9.543639867987467884e-01 2.109155774945371126e-02
9.543072704270283424e-01 2.129786971152073174e-02
9.538386496968560557e-01 2.303302840679516753e-02
9.537464248045245396e-01 2.338103979727185200e-02
9.533628837161810532e-01 2.485203470137815548e-02
9.530790097877918088e-01 2.596593290061892031e-02
9.528806707650245844e-01 2.675721587156771122e-02
9.523926990037897555e-01 2.875084109272301944e-02
9.523592275465155854e-01 2.889008010633943233e-02
9.518996511511668146e-01 3.083510287517301704e-02
9.515848214808163563e-01 3.220406910860364874e-02
9.514022084828075432e-01 3.301209709067647741e-02
9.509010540410327561e-01 3.528380177933742451e-02
9.507539528749893165e-01 3.596603283581956828e-02
9.503968750290511247e-01 3.765205493233610146e-02
9.498903644107175026e-01 4.011853145526544928e-02
9.498654115210176663e-01 4.024236832204043657e-02
9.493822217620041526e-01 4.268471953081395126e-02
9.489188830557843124e-01 4.510824948707563287e-02
9.488731534312200289e-01 4.535189661878659406e-02
9.483638720683460477e-01 4.812110535415142082e-02
9.479152762697937717e-01 5.064774549680377269e-02
9.478550955834620373e-01 5.099312962842361685e-02
9.473475455925148836e-01 5.396847116448998116e-02
9.468571074633271856e-01 5.695327368002930934e-02
9.468419454070161612e-01 5.704732691798521799e-02
9.463390176230845885e-01 6.022956765819593300e-02
9.458394813650085053e-01 6.351471809624695264e-02
9.457489282327736779e-01 6.412401810350794318e-02
9.453440492389292293e-01 6.690193893693152649e-02
9.448534240533382755e-01 7.039001123141407079e-02
9.445977665140170565e-01 7.226284522810053068e-02
9.443682953642625888e-01 7.397732340077751989e-02
9.438893359047457743e-01 7.766186128264596089e-02
9.434171979589913715e-01 8.144120152704116544e-02
9.434135277418169707e-01 8.147117668054924822e-02
9.429525097425153213e-01 8.531250862996503370e-02
9.424958718494771404e-01 8.927253584662198094e-02
9.422092751051673876e-01 9.184129023041172346e-02
9.420478538274461577e-01 9.331763016996573457e-02
9.416089909378900780e-01 9.744374149582761546e-02
9.411797811575756123e-01 1.016464360245639686e-01
9.410012803787195512e-01 1.034456947788260084e-01
9.407606824717946736e-01 1.059209138727994354e-01
9.403521105051035889e-01 1.102620307889040779e-01
9.399544365285534830e-01 1.146643237864209963e-01
9.398087204164590203e-01 1.163236609099198293e-01
9.395679858755197067e-01 1.191220404296396973e-01
9.391930367898049248e-01 1.236291714321043622e-01
9.388298197213794660e-01 1.281794861600201729e-01
9.386529053343006801e-01 1.304657605651934893e-01
9.384785170762270923e-01 1.327665705733419299e-01
9.381392634179313017e-01 1.373838670885571267e-01
9.378121461100455969e-01 1.420247158106013874e-01
9.375559805266446833e-01 1.457983560297574643e-01
9.374972063801686462e-01 1.466823965581282030e-01
9.371944407792370813e-01 1.513501710970779901e-01
9.369038030030427677e-01 1.560213250022399190e-01
9.366252060375324096e-01 1.606892085849020713e-01
9.365391555994130313e-01 1.621711640953582279e-01
9.363585245851685501e-01 1.653472763557939651e-01
9.361035977265856900e-01 1.699891245350537983e-01
9.358602317699813433e-01 1.746085261731955274e-01
9.356282032401089799e-01 1.791994635070583153e-01
9.356206662397722473e-01 1.793518376549601834e-01
9.354072619593224447e-01 1.837561572404023402e-01
9.351971341747493671e-01 1.882730925079401096e-01
9.349975256882238073e-01 1.927450413520390149e-01
9.348138242735498649e-01 1.970313170210039322e-01
9.348081249489186284e-01 1.971670816110343838e-01
9.346286060725402800e-01 2.015346121851822603e-01
9.344586317552986410e-01 2.058433647091537921e-01
9.342978560554988654e-01 2.100894117172963371e-01
9.341459270203428256e-01 2.142691714386213142e-01
9.341255853698416933e-01 2.148420066486483593e-01
9.340024891402597396e-01 2.183794094019378962e-01
9.338671856176650188e-01 2.224172370673197230e-01
9.337396604413858991e-01 2.263801077280616358e-01
9.336195602620060985e-01 2.302658099475791420e-01
9.335559996387756687e-01 2.323877120456626089e-01
9.335065360670071755e-01 2.340724588087089164e-01
9.334002446577873702e-01 2.377984852590682152e-01
9.333003499333898390e-01 2.414426238362607502e-01
9.332065239880888985e-01 2.450038990513879467e-01
9.331184480318264196e-01 2.484816106995758611e-01
9.330986992975258687e-01 2.492806646531465498e-01
9.330358131439517866e-01 2.518753183525834216e-01
9.329583208717526777e-01 2.551848252720806398e-01
9.328856836859704682e-01 2.584101619634733837e-01
9.328176253058547696e-01 2.615515695700189602e-01
9.327538809064280789e-01 2.646094832859717250e-01
9.327422908531527446e-01 2.651783968227068300e-01
9.326941972204810805e-01 2.675845159462790779e-01
9.326383325475031683e-01 2.704774419293071719e-01
9.325860566812601560e-01 2.732891814886689308e-01
9.325371507671391669e-01 2.760207856107417257e-01
9.324914070996743742e-01 2.786734214761602546e-01
9.324722787449920558e-01 2.798129952890683336e-01
9.324486288699376235e-01 2.812483585865950264e-01
9.324086298716763865e-01 2.837469556026501749e-01
9.323712341742973475e-01 2.861706479247082546e-01
9.323362757699968917e-01 2.885209360361329356e-01
9.323035982015632772e-01 2.907993746173112570e-01
9.322730541766371948e-01 2.930075624295530590e-01
9.322730541766373058e-01 2.930075624295530035e-01
