# n_s, r predictions of a polynomial alpha attractor model with k=4 and N_\star=45.
9.629580282829355298e-01 5.227940602783303102e-05
9.629580282829356408e-01 5.227940602774840226e-05
9.629570514722750607e-01 5.645686157106661604e-05
9.629559705767225530e-01 6.096846486687779653e-05
9.629547761685131047e-01 6.584100402924440839e-05
9.629534580213260364e-01 7.110342512968349132e-05
9.629520050441968682e-01 7.678700781060374852e-05
9.629504052106164780e-01 8.292555548317923954e-05
9.629486454809075280e-01 8.955560138483931241e-05
9.629467117186610858e-01 9.671663186392623986e-05
9.629445885998862975e-01 1.044513284091643581e-04
9.629422595150893827e-01 1.128058300711674291e-04
9.629397064623520519e-01 1.218300180914321651e-04
9.629369099320146397e-01 1.315778247242744322e-04
9.629338487811368585e-01 1.421075684353320754e-04
9.629305000974563988e-01 1.534823178784026963e-04
9.629268390516709797e-01 1.657702872923420498e-04
9.629228387367180231e-01 1.790452662350057391e-04
9.629184699934258962e-01 1.933870868696363726e-04
9.629137012205890578e-01 2.088821323622919136e-04
9.629084981684585820e-01 2.256238903285049226e-04
9.629028237137444712e-01 2.437135556995083299e-04
9.628966376149041828e-01 2.632606878538497493e-04
9.628898962442198339e-01 2.843839274294571022e-04
9.628825522970508866e-01 3.072117788096745709e-04
9.628745544724131022e-01 3.318834650430304992e-04
9.628733016345343287e-01 3.357321122879965451e-04
9.628658471256897888e-01 3.585498626775759663e-04
9.628563698872274479e-01 3.873745249875698094e-04
9.628460572455531663e-01 4.185348030433440900e-04
9.628348380898551495e-01 4.522230753238215854e-04
9.628226352085301754e-01 4.886480979035776615e-04
9.628093647379225573e-01 5.280364888676806687e-04
9.627949355561596922e-01 5.706343624081013435e-04
9.627792486157427110e-01 6.167091301852425846e-04
9.627621962077761442e-01 6.665514899935585675e-04
9.627460658523121495e-01 7.134948354249407701e-04
9.627436611498142449e-01 7.204776246280461928e-04
9.627235158883188371e-01 7.788316371867106324e-04
9.627016215054136072e-01 8.419882529505761781e-04
9.626778266183493304e-01 9.103558225582647273e-04
9.626519661585625220e-01 9.843796665861190547e-04
9.626238600153851355e-01 1.064545807989151355e-03
9.625933115276764651e-01 1.151385146375265203e-03
9.625910563000118492e-01 1.157785048266603105e-03
9.625601058043611324e-01 1.245478136975793505e-03
9.625240078526426935e-01 1.347460047745413720e-03
9.624847604899283704e-01 1.458026880601988101e-03
9.624420820130070720e-01 1.577942057813608648e-03
9.624134295002294559e-01 1.658285875965324375e-03
9.623956635951614880e-01 1.708043992434427841e-03
9.623451663788579191e-01 1.849254683152678352e-03
9.622902182301554808e-01 2.002589499460341073e-03
9.622304101178409397e-01 2.169168353826990241e-03
9.622157431316895604e-01 2.209975455991058154e-03
9.621652920806385012e-01 2.350228494184565878e-03
9.620943687462755189e-01 2.547139193908404438e-03
9.620170943701290556e-01 2.761418668710507399e-03
9.619994526255359890e-01 2.810308194574017999e-03
9.619328673687976838e-01 2.994753611897813406e-03
9.618410243376369628e-01 3.249021812661334000e-03
9.617654636431185455e-01 3.458151870083997492e-03
9.617408335622099624e-01 3.526318407954956349e-03
9.616314880655352226e-01 3.828986418197676510e-03
9.615143963059554766e-01 4.153284728831341775e-03
9.615120982765195112e-01 4.159652331643236105e-03
9.613816844643002790e-01 4.521267631967198011e-03
9.612467345240744976e-01 4.896119065132888658e-03
9.612391691563032525e-01 4.917157308694095584e-03
9.610833698435379269e-01 5.351076549909474477e-03
9.609629194643074523e-01 5.687530122351860951e-03
9.609129923655141958e-01 5.827276991575282110e-03
9.607266254429366326e-01 6.350584089964241181e-03
9.606634097722188681e-01 6.528739046173017216e-03
9.605227368631921170e-01 6.926487400513746569e-03
9.603487177009498721e-01 7.421226449068912649e-03
9.602996717873586441e-01 7.561245803836109079e-03
9.600556535062002572e-01 8.262010045060656782e-03
9.600194255378691199e-01 8.366665727302590241e-03
9.597887867080737712e-01 9.036965386095552333e-03
9.596761858424618374e-01 9.366871204636475004e-03
9.594970629623540415e-01 9.895497754205480681e-03
9.593197097021557429e-01 1.042375868575422075e-02
9.591783677546908971e-01 1.084838753374847524e-02
9.589507479920847954e-01 1.153931664692471083e-02
9.588304881919047506e-01 1.190803607662730551e-02
9.585700706252811010e-01 1.271558609232441642e-02
9.584511206062217292e-01 1.308873101870044152e-02
9.581784478186503584e-01 1.395464677788703367e-02
9.580378778687130836e-01 1.440695742030457215e-02
9.577766358370793931e-01 1.525860744091667165e-02
9.575882972729974352e-01 1.588176237182426995e-02
9.573653680715458192e-01 1.662959795082321474e-02
9.570998512183517271e-01 1.753518075150086591e-02
9.569453510853337397e-01 1.806976179386826642e-02
9.565699643450259471e-01 1.939272899028991054e-02
9.565172645833142084e-01 1.958124785013366440e-02
9.560817640561988240e-01 2.116620088724716423e-02
9.559960420121506042e-01 2.148397159651348892e-02
9.556394849565368332e-01 2.282675053005059351e-02
9.553755159436152500e-01 2.384316122473076685e-02
9.551910475092052488e-01 2.456499867239628557e-02
9.547370615296355556e-01 2.638300540769853569e-02
9.547059135279891695e-01 2.650994628285189073e-02
9.542781308565827514e-01 2.828277360434601137e-02
9.539849577390068225e-01 2.953012899549832537e-02
9.538148571820814769e-01 3.026623226924563675e-02
9.533478431809382370e-01 3.233521884695444298e-02
9.532107049742073457e-01 3.295643940140693257e-02
9.528776949172456101e-01 3.449146060347248882e-02
9.524050235479906146e-01 3.673655524887026180e-02
9.523817281408932800e-01 3.684926423454131655e-02
9.519304463658717630e-01 3.907195096223926162e-02
9.514973516385087926e-01 4.127723078391861561e-02
9.514545872324525755e-01 4.149892599669778581e-02
9.509780764549580212e-01 4.401856805984138976e-02
9.505579427737186338e-01 4.631749136286432422e-02
9.505015501586046023e-01 4.663175368527908843e-02
9.500256492042028489e-01 4.933912783138187652e-02
9.495652595551886677e-01 5.205548174933637140e-02
9.495510176979914396e-01 5.214108396429350395e-02
9.490783011391474844e-01 5.503774490040573564e-02
9.486081442492875215e-01 5.802894469923274706e-02
9.485228464357382538e-01 5.858383804909932796e-02
9.481411885281789687e-01 6.111421190879372245e-02
9.476780695802312637e-01 6.429275447197255189e-02
9.474364560223873521e-01 6.600005937040592796e-02
9.472194142575709463e-01 6.756344660172082517e-02
9.467658376663715680e-01 7.092481792666212315e-02
9.463179400845882494e-01 7.437504519371851419e-02
9.463144551355250345e-01 7.440242022807111444e-02
9.458763038401155621e-01 7.791194679237833931e-02
9.454414901990410014e-01 8.153298033498432296e-02
9.451681483734766243e-01 8.388360892113753964e-02
9.450140363136169119e-01 8.523524348967372044e-02
9.445944522790522546e-01 8.901547821701150109e-02
9.441832183463415573e-01 9.287007851066747532e-02
9.440119249807044088e-01 9.452166419938888564e-02
9.437807823364026127e-01 9.679510168424737548e-02
9.433875572970793488e-01 1.007862831863205327e-01
9.430039194405763769e-01 1.048390548615120710e-01
9.428631134494535049e-01 1.063680921320743766e-01
9.426302063937876952e-01 1.089485665113329449e-01
9.422667157882393951e-01 1.131097105451094459e-01
9.419137042100127477e-01 1.173171494510687751e-01
9.417414265772087179e-01 1.194336548669599901e-01
9.415713865232421265e-01 1.215653457621632544e-01
9.412399355737459672e-01 1.258485941423083121e-01
9.409194822722779517e-01 1.301610551778759339e-01
9.406679149083219116e-01 1.336732585222149272e-01
9.406101160499409364e-01 1.344967904278093207e-01
9.403118856717025409e-01 1.388497982645095219e-01
9.400248003878628467e-01 1.432140500272837402e-01
9.397488313978987762e-01 1.475835260108013802e-01
9.396634323361739982e-01 1.489725047009596293e-01
9.394839135964786481e-01 1.519522508224753765e-01
9.392299475677087228e-01 1.563143276643980395e-01
9.389868017908888920e-01 1.606639711264839510e-01
9.387543150192481090e-01 1.649955381166191837e-01
9.387467518002415856e-01 1.651394547397312396e-01
9.385322987923019333e-01 1.693035565994488734e-01
9.383205400425633780e-01 1.735827518663845548e-01
9.381188037582979256e-01 1.778280701137884556e-01
9.379326203038718113e-01 1.819054181958325578e-01
9.379268356657283201e-01 1.820346991624705868e-01
9.377443648964816081e-01 1.861980862079303245e-01
9.375711066089769119e-01 1.903139525457535619e-01
9.374067645357810896e-01 1.943783052688471957e-01
9.372510334325625525e-01 1.983874459816540869e-01
9.372301497199034825e-01 1.989375406779095856e-01
9.371036014080375010e-01 2.023379766201983121e-01
9.369641521181101274e-01 2.062268025051189058e-01
9.368323668111651070e-01 2.100511327872741640e-01
9.367079262150745933e-01 2.138084784718602416e-01
9.366419342736088671e-01 2.158634459887720791e-01
9.365905122598746635e-01 2.174966482272390755e-01
9.364798096331889976e-01 2.211137421989963769e-01
9.363755071682750009e-01 2.246581440584762557e-01
9.362772990670390483e-01 2.281285115185890111e-01
9.361848859624832819e-01 2.315237655485713197e-01
9.361641339845832022e-01 2.323047614435241326e-01
9.360979758267989892e-01 2.348430785142840149e-01
9.360162847327495594e-01 2.380858614620132152e-01
9.359395374770732579e-01 2.412517507523945226e-01
9.358674680754240915e-01 2.443405942374962947e-01
9.357998201388917359e-01 2.473524371589265192e-01
9.357875045885202248e-01 2.479133370741992970e-01
9.357363471424040569e-01 2.502875079285660220e-01
9.356768125953793813e-01 2.531462039366965122e-01
9.356209901248733196e-01 2.559290775152631148e-01
9.355686634811917202e-01 2.586368221672025181e-01
9.355196264755539781e-01 2.612702591564389221e-01
9.354990931435199775e-01 2.624027924991912397e-01
9.354736828589008679e-01 2.638303245375579476e-01
9.354306461503938408e-01 2.663180566895022583e-01
9.353903394235499880e-01 2.687345844040168186e-01
9.353525950573343684e-01 2.710811155670931338e-01
9.353172544588868043e-01 2.733589264603877300e-01
9.352841677639363027e-01 2.755693516994957015e-01
9.352841677639363027e-01 2.755693516994958681e-01
