# n_s, r predictions of a polynomial alpha attractor model with k=2 and N_\star=54.
9.633570730089491274e-01 1.302229074453149227e-01
9.633570730089491274e-01 1.302229074453149782e-01
9.633590678487511383e-01 1.299305312348947306e-01
9.633611525539038656e-01 1.296307647048078604e-01
9.633633318889845976e-01 1.293233724329362344e-01
9.633656109069463902e-01 1.290081103035813082e-01
9.633679949685646227e-01 1.286847251641708434e-01
9.633704897633137421e-01 1.283529544693023661e-01
9.633722497709347188e-01 1.281227819455782457e-01
9.633731013317866632e-01 1.280125259118909675e-01
9.633758360897789474e-01 1.276631570412123939e-01
9.633787008541683239e-01 1.273045548676753347e-01
9.633817028707331032e-01 1.269364154542083900e-01
9.633848498440625852e-01 1.265584234941977970e-01
9.633881499697265482e-01 1.261702518759842129e-01
9.633912856018245208e-01 1.258087875380858034e-01
9.633916119688843427e-01 1.257715612340020161e-01
9.633952451255286542e-01 1.253619994867387899e-01
9.633990593265743252e-01 1.249412013617973993e-01
9.634030651050216054e-01 1.245087879084677690e-01
9.634072736864398578e-01 1.240643659983582114e-01
9.634116970390388390e-01 1.236075278147958645e-01
9.634150067599611678e-01 1.232722081223053406e-01
9.634163479276149911e-01 1.231378503318980300e-01
9.634212399716861608e-01 1.226548947844252196e-01
9.634263877081479244e-01 1.221582061297737248e-01
9.634318066588163365e-01 1.216473125037387387e-01
9.634375134032479027e-01 1.211217246719952095e-01
9.634435256572572159e-01 1.205809354795981669e-01
9.634443571657442806e-01 1.205071407314234622e-01
9.634498623575861176e-01 1.200244193012023897e-01
9.634565437532131016e-01 1.194516314951566266e-01
9.634635915038261000e-01 1.188620078651316525e-01
9.634710287860208666e-01 1.182549641335126911e-01
9.634788804078282531e-01 1.176298954314240613e-01
9.634803938619007635e-01 1.175111839983689760e-01
9.634871729322146416e-01 1.169861758109666805e-01
9.634959348102436483e-01 1.163231577860431160e-01
9.635051965246310690e-01 1.156401719090310726e-01
9.635149907444765516e-01 1.149365263915431562e-01
9.635242739314985316e-01 1.142860851989814658e-01
9.635253524919933366e-01 1.142115067786054761e-01
9.635363193221183620e-01 1.134643756867565328e-01
9.635479315158879121e-01 1.126943726180495847e-01
9.635602322886283044e-01 1.119007138629375814e-01
9.635732680138555661e-01 1.110825925073575943e-01
9.635772312315243893e-01 1.108382881118670782e-01
9.635870884640077572e-01 1.102391785603419883e-01
9.636017470690679820e-01 1.093696192207452428e-01
9.636173011941697730e-01 1.084730393036613255e-01
9.636338124373090563e-01 1.075485418492434925e-01
9.636405419406496309e-01 1.071793195963345602e-01
9.636513469482774763e-01 1.065952089390233143e-01
9.636699757699185298e-01 1.056121027473105600e-01
9.636897752027714370e-01 1.045982668578994274e-01
9.637108271941016158e-01 1.035527278790669276e-01
9.637154789389410503e-01 1.033259556138838159e-01
9.637332197522291422e-01 1.024744973927149416e-01
9.637570473869273568e-01 1.013625742764406312e-01
9.637824115764904720e-01 1.002159474402832678e-01
9.638032563775734696e-01 9.930011896429509488e-02
9.638094212618373291e-01 9.903359902282415916e-02
9.638381933677172553e-01 9.781450809415345726e-02
9.638688533507229206e-01 9.655765491585573124e-02
9.639015357733473621e-01 9.526202581051811114e-02
9.639049673066979462e-01 9.512848145218920359e-02
9.639363849027716702e-01 9.392661869517436590e-02
9.639735553323934836e-01 9.255044933443130895e-02
9.640132126233067478e-01 9.113255836957030731e-02
9.640215186692631111e-01 9.084177088745976070e-02
9.640555339619872877e-01 8.967201917947997813e-02
9.641007088293355176e-01 8.816794662758425938e-02
9.641489396749250984e-01 8.661950674571687603e-02
9.641535690487014199e-01 8.647381471254043939e-02
9.642004425888246466e-01 8.502592740082483280e-02
9.642554479616567420e-01 8.338650998312127638e-02
9.643014750060665552e-01 8.206038223151204680e-02
9.643142011216383480e-01 8.170064214446304263e-02
9.643769629351958139e-01 7.996781160291299706e-02
9.644440103553637567e-01 7.818762101324519542e-02
9.644652514785817532e-01 7.763791113052985471e-02
9.645156368995631002e-01 7.635980388316508660e-02
9.645921530355359153e-01 7.448424149087148893e-02
9.646445505146102883e-01 7.324221688708749955e-02
9.646738864511911205e-01 7.256098073095697265e-02
9.647611821809639610e-01 7.059025278229068279e-02
9.648386607480674559e-01 6.890728347161818867e-02
9.648544025580247929e-01 6.857249245334155752e-02
9.649539269583951029e-01 6.650835801743322506e-02
9.650465277777424689e-01 6.466422078498927639e-02
9.650601512997923903e-01 6.439875130297015304e-02
9.651734872550010724e-01 6.224483775214492004e-02
9.652667933999182770e-01 6.054045136892723805e-02
9.652943611366390231e-01 6.004806610748335965e-02
9.654232124079709099e-01 5.781018732873056953e-02
9.654978498125013076e-01 5.655916056002077003e-02
9.655604917721997138e-01 5.553327228684223904e-02
9.657066587913650801e-01 5.321972772705679811e-02
9.657379037282157741e-01 5.273901540229533613e-02
9.658621789848754746e-01 5.087230994357094110e-02
9.659850449118632110e-01 4.909413260038660021e-02
9.660275203569843594e-01 4.849413556630353256e-02
9.662031493016287609e-01 4.608868882933317424e-02
9.662373139474944583e-01 4.563425744501734688e-02
9.663895258312906744e-01 4.365982467420559399e-02
9.664927648816654671e-01 4.236510511479275182e-02
9.665870980725727035e-01 4.121176704296831972e-02
9.667495195558815091e-01 3.928881265430548414e-02
9.667962959627200981e-01 3.874910173876915109e-02
9.670058117089378458e-01 3.640445279488208757e-02
9.670175240655376481e-01 3.627676327721401917e-02
9.672511533959596841e-01 3.380001522138399717e-02
9.672600201135993503e-01 3.370856767506512364e-02
9.674975120930352501e-01 3.132442358296055190e-02
9.675106909884213513e-01 3.119568948665053104e-02
9.677565506368379644e-01 2.885882449151621135e-02
9.677568746987249559e-01 2.885582297542872710e-02
9.679965097071070446e-01 2.668988556992282421e-02
9.680294496680080796e-01 2.640027530706657091e-02
9.682296606697827768e-01 2.468006579767041339e-02
9.683153645292249534e-01 2.396402087581882973e-02
9.684552701260846774e-01 2.282015123350083011e-02
9.686146478009398653e-01 2.155342172817815635e-02
9.686727674460151594e-01 2.110077514727825079e-02
9.688817310423025742e-01 1.951261852430654156e-02
9.689272063140632607e-01 1.917489699639196923e-02
9.690818733572923449e-01 1.804656311662318491e-02
9.692527959555077288e-01 1.683484951329615800e-02
9.692730254069198415e-01 1.669380386802532534e-02
9.694551215093945018e-01 1.544592748267848564e-02
9.695909830509282790e-01 1.453958215079858771e-02
9.696281846389973591e-01 1.429496345884673225e-02
9.697923126920428016e-01 1.323341324234597084e-02
9.699410927462412957e-01 1.229520083087104129e-02
9.699476658330851153e-01 1.225426239350181461e-02
9.700944550015780932e-01 1.135097989171811143e-02
9.702329315976925272e-01 1.051750797610968673e-02
9.703021400611204772e-01 1.010749889049597158e-02
9.703633783250109612e-01 9.748245268445674544e-03
9.704861011422003525e-01 9.038025358268952578e-03
9.706014222605544584e-01 8.382092551196399996e-03
9.706727386821462078e-01 7.981814726946600408e-03
9.707096741159105813e-01 7.776076084886601909e-03
9.708111942391854932e-01 7.215963794396360043e-03
9.709063209479847911e-01 6.698075949636169563e-03
9.709953897814477264e-01 6.219039782371317895e-03
9.710509784868829319e-01 5.922852652553618064e-03
9.710787306013308751e-01 5.775765059422062302e-03
9.711566652840945002e-01 5.365420934227585134e-03
9.712295059314576262e-01 4.985414213790173577e-03
9.712975535304885222e-01 4.633369106356454055e-03
9.713610969985292387e-01 4.307108462281381174e-03
9.714204125535038647e-01 4.004636482269944252e-03
9.714342297229932033e-01 3.934457497623342417e-03
9.714757633552926208e-01 3.724122840641803413e-03
9.715273993697647326e-01 3.463888153527551386e-03
9.715755574126615501e-01 3.222390711113843047e-03
9.716204613361184572e-01 2.998214387380166487e-03
9.716623223257931929e-01 2.790057638945514420e-03
9.717013392816101769e-01 2.596723505514679162e-03
9.717376992593222962e-01 2.417110527273505331e-03
9.717715779542109855e-01 2.250204498647601515e-03
9.718031402115673290e-01 2.095070982727452458e-03
9.718185738665904294e-01 2.019329218984102815e-03
9.718325405516220483e-01 1.950848515952093585e-03
9.718599236991088963e-01 1.816742438085051838e-03
9.718854251097834851e-01 1.692019287914363693e-03
9.719091714879928290e-01 1.576001710333726569e-03
9.719312812908764698e-01 1.468063825427757532e-03
9.719518652159570005e-01 1.367627014838732622e-03
9.719710266698700085e-01 1.274156085008059432e-03
9.719888622167481840e-01 1.187155770856256499e-03
9.720054620054303651e-01 1.106167547086445071e-03
9.720209101750029168e-01 1.030766717605033139e-03
9.720352852388711717e-01 9.605597565098281327e-04
9.720486604474232184e-01 8.951818768169716696e-04
9.720611041300188937e-01 8.342948054844105807e-04
9.720726800165210291e-01 7.775847455029143932e-04
9.720834475398348884e-01 7.247605077106846578e-04
9.720934621195227443e-01 6.755517968056432053e-04
9.721027754278706023e-01 6.297076375271686097e-04
9.721114356390844202e-01 5.869949284080802025e-04
9.721194876625754988e-01 5.471971117318746467e-04
9.721269733611985764e-01 5.101129494497244187e-04
9.721339317552988302e-01 4.755553958078597506e-04
9.721403992134530769e-01 4.433505583272568393e-04
9.721464096306178249e-01 4.133367395785914988e-04
9.721519945945631402e-01 3.853635529086150003e-04
9.721571835412525786e-01 3.592911059154898384e-04
9.721620038999331248e-01 3.349892460468211560e-04
9.721664812285228940e-01 3.123368632099175800e-04
9.721706393399807133e-01 2.912212447481353148e-04
9.721745004201717277e-01 2.715374785531592572e-04
9.721780851380429356e-01 2.531879004595485459e-04
9.721814127479705414e-01 2.360815824129532787e-04
9.721845011857752628e-01 2.201338581919734733e-04
9.721873671579416287e-01 2.052658837632922507e-04
9.721900262249182356e-01 1.914042295807810614e-04
9.721924928786975784e-01 1.784805023758381261e-04
9.721924928786991327e-01 1.784805023758185834e-04
