# n_s, r predictions of a polynomial alpha attractor model with k=4 and N_\star=57.
9.707558204089442588e-01 3.525577367496843782e-05
9.707558204089442588e-01 3.525577367493369592e-05
9.707551049004453647e-01 3.807274726356140387e-05
9.707543159905758223e-01 4.111500489313554737e-05
9.707534471211717308e-01 4.440059915979604555e-05
9.707524911815029744e-01 4.794903541765146868e-05
9.707514404631971683e-01 5.178138973381279947e-05
9.707502866109661843e-01 5.592043659824278838e-05
9.707490205687983043e-01 6.039078722669252101e-05
9.707476325229603686e-01 6.521903936118310916e-05
9.707461118391156329e-01 7.043393957414583004e-05
9.707444469947047461e-01 7.606655916109772713e-05
9.707426255055229269e-01 8.215048481567666355e-05
9.707406338460861095e-01 8.872202539389256390e-05
9.707384573633751623e-01 9.582043619932253964e-05
9.707360801829236774e-01 1.034881623629777404e-04
9.707334851076719895e-01 1.117711030409013976e-04
9.707306535070143738e-01 1.207188983369404314e-04
9.707275651971054575e-01 1.303852410377539714e-04
9.707241983103390703e-01 1.408282154722710080e-04
9.707205291537075453e-01 1.521106660422710647e-04
9.707165320542580078e-01 1.643005982507346051e-04
9.707121791911227371e-01 1.774716153462838650e-04
9.707074404124730327e-01 1.917033940521092655e-04
9.707022830354812282e-01 2.070822032410469648e-04
9.706966716288430996e-01 2.237014698311625869e-04
9.706957930609629859e-01 2.262938230306543947e-04
9.706905677743615790e-01 2.416623967081637603e-04
9.706839298071301414e-01 2.610746380058993877e-04
9.706767125306188237e-01 2.820570377515373020e-04
9.706688669051490859e-01 3.047384385862641847e-04
9.706603397061925875e-01 3.292585681289852332e-04
9.706510731494848443e-01 3.557690115042670231e-04
9.706410044792814773e-01 3.844342796605083054e-04
9.706300655154417312e-01 4.154329843845124643e-04
9.706181821549988431e-01 4.489591323835222985e-04
9.706069480705289410e-01 4.805282522291187534e-04
9.706052738225660059e-01 4.852235525280006873e-04
9.705912528641162940e-01 5.244554723132840296e-04
9.705760238768278425e-01 5.669042619380292285e-04
9.705594829680163071e-01 6.128413670716593466e-04
9.705415169341484738e-01 6.625624545709746151e-04
9.705220023507103999e-01 7.163897990982245499e-04
9.705008045612930623e-01 7.746749430063201020e-04
9.704992401341523411e-01 7.789695085322562509e-04
9.704777765544628787e-01 8.378016669663498764e-04
9.704527577142713080e-01 9.061893149502449818e-04
9.704255724286905416e-01 9.802965244269793484e-04
9.703960285394654939e-01 1.060625421171487162e-03
9.703762039536366624e-01 1.114420556795613602e-03
9.703639156138492705e-01 1.147726348365587850e-03
9.703290030182696313e-01 1.242203211762512140e-03
9.702910377711606582e-01 1.344719537258251638e-03
9.702497421519149512e-01 1.456005354440999136e-03
9.702396192617587234e-01 1.483253701124091642e-03
9.702048110419987381e-01 1.576865040313648030e-03
9.701559089748605924e-01 1.708186281884510735e-03
9.701026668735766023e-01 1.850950345428392565e-03
9.700905171973570607e-01 1.883502578849581988e-03
9.700446784597862582e-01 2.006243874646419095e-03
9.699814963256292444e-01 2.175272480489888558e-03
9.699295525057847200e-01 2.314141499101460709e-03
9.699126276732913388e-01 2.359376432792375557e-03
9.698375297456456323e-01 2.560048818806291097e-03
9.697571812166354555e-01 2.774744324330202880e-03
9.697556049980172732e-01 2.778956596752191460e-03
9.696661960960252236e-01 3.017965043945154430e-03
9.695737604651883945e-01 3.265297543450518432e-03
9.695685808679253004e-01 3.279166179054451846e-03
9.694619673894491196e-01 3.564911826732572626e-03
9.693796104111176426e-01 3.786085634083623513e-03
9.693454894293204172e-01 3.877852090734693839e-03
9.692182025236369958e-01 4.220980110772163188e-03
9.691750537316720093e-01 4.337613962793986609e-03
9.690790809606123490e-01 4.597684103672144106e-03
9.689604391060880895e-01 4.920553159068305656e-03
9.689270159218937861e-01 5.011807841240858291e-03
9.687608149239399502e-01 5.467720912101819118e-03
9.687361518539620020e-01 5.535697292475524715e-03
9.685792025208693756e-01 5.970400377051756843e-03
9.685026142018771100e-01 6.183932145597008899e-03
9.683808219874314727e-01 6.525525783577907322e-03
9.682602779934436077e-01 6.866211619983214609e-03
9.681642374521354233e-01 7.139589976013547765e-03
9.680096130683533140e-01 7.583540882654485685e-03
9.679279357921962701e-01 7.820028724309280657e-03
9.677510944720222330e-01 8.336964897093913571e-03
9.676703276460603131e-01 8.575372865740097175e-03
9.674851910099305785e-01 9.127560909028893665e-03
9.673897472249708418e-01 9.415427345665798586e-03
9.672123566587890187e-01 9.956433497173995326e-03
9.670844512128820014e-01 1.035148216778478993e-02
9.669330253369603501e-01 1.082471099905259193e-02
9.667526178319202357e-01 1.139656073097302519e-02
9.666476087797613026e-01 1.173354242095915601e-02
9.663923479594483945e-01 1.256571125141984699e-02
9.663564968528535193e-01 1.268409425058292066e-02
9.660600595212751607e-01 1.367754684785802560e-02
9.660016708712229061e-01 1.387634684013299563e-02
9.657586497654325752e-01 1.471509026989616976e-02
9.655785576971611661e-01 1.534863915064139939e-02
9.654526068938614758e-01 1.579791949438912740e-02
9.651422598729663127e-01 1.692722906142720210e-02
9.651209460609949664e-01 1.700596900577891132e-02
9.648279304401354839e-01 1.810420717524083289e-02
9.646267797369700858e-01 1.887543451003275904e-02
9.645099358747696305e-01 1.933002931177610004e-02
9.641885913752525905e-01 2.060585137435876416e-02
9.640940675902260892e-01 2.098841201063467513e-02
9.638642120343542397e-01 2.193280243513991146e-02
9.635371144306494884e-01 2.331197709620108638e-02
9.635209665914726829e-01 2.338115667157798783e-02
9.632076178650604836e-01 2.474442750311029587e-02
9.629058942188906123e-01 2.609541571311704486e-02
9.628760452754653310e-01 2.623115504493817723e-02
9.625427238617165759e-01 2.777310177817768344e-02
9.622476758528500929e-01 2.917900640962889369e-02
9.622079854507162855e-01 2.937114161717475566e-02
9.618721666277694204e-01 3.102607134010803083e-02
9.615457324402416628e-01 3.268628019859048245e-02
9.615356086570098215e-01 3.273860146686874417e-02
9.611986572107276139e-01 3.450934707292833276e-02
9.608616619249221724e-01 3.633881861133248653e-02
9.608003121669544955e-01 3.667835115306192217e-02
9.605249757967680990e-01 3.822741282248184880e-02
9.601889544381193575e-01 4.017540381921212017e-02
9.600127663154828239e-01 4.122290986681192287e-02
9.598539551988286567e-01 4.218293444077058502e-02
9.595203361730507696e-01 4.425000797546591730e-02
9.591884551018798888e-01 4.637648035604469143e-02
9.591858628821987587e-01 4.639337337950695528e-02
9.588586681858778382e-01 4.856205293508938925e-02
9.585313288216261718e-01 5.080626594894160908e-02
9.583241208151441759e-01 5.226704476659738141e-02
9.582067862768558486e-01 5.310849277853125355e-02
9.578853843194380380e-01 5.546793511282735456e-02
9.575674598160313078e-01 5.788361911620603512e-02
9.574341321821225881e-01 5.892188952523893380e-02
9.572533413167005900e-01 6.035439269422090275e-02
9.569433476421805862e-01 6.287892394328427337e-02
9.566377864906540074e-01 6.545570085857067844e-02
9.565248195832097844e-01 6.643151315154684211e-02
9.563369530808927266e-01 6.808303236117277391e-02
9.560411288483643411e-01 7.075905069032380201e-02
9.557505802103928305e-01 7.348171518958451776e-02
9.556075543888307156e-01 7.485799897050472718e-02
9.554655574156974973e-01 7.624881749757746185e-02
9.551862934925966497e-01 7.905798813446812678e-02
9.549130033088683023e-01 8.190670445537834299e-02
9.546960443076615288e-01 8.424250842317143606e-02
9.546458827547381620e-01 8.479229992165335239e-02
9.543851080587150149e-01 8.771197462091316621e-02
9.541308352440535101e-01 9.066280694759783210e-02
9.538831997316495892e-01 9.364176633733116428e-02
9.538058971620371196e-01 9.459402659425794613e-02
9.536423160928101384e-01 9.664572693262805936e-02
9.534082779534188701e-01 9.967148204208998996e-02
9.531811580485505253e-01 1.027157592440830353e-01
9.529610084245813129e-01 1.057752359760375238e-01
9.529537952445038540e-01 1.058773750176464634e-01
9.527478607837357449e-01 1.088465554442427097e-01
9.525417269641029971e-01 1.119263426855901938e-01
9.523425995464221971e-01 1.150112206124094955e-01
9.521562822174377549e-01 1.180025151299891190e-01
9.521504525774210359e-01 1.180978258742844816e-01
9.519652423982167821e-01 1.211828243764026536e-01
9.517869085652594929e-01 1.242629263024648267e-01
9.516153748506092080e-01 1.273349005008011792e-01
9.514505503077592685e-01 1.303955881058233013e-01
9.514282705617291835e-01 1.308179504270914062e-01
9.512923303891507310e-01 1.334419152811311127e-01
9.511405981014776634e-01 1.364709049871639102e-01
9.509952251852316074e-01 1.394796876931670704e-01
9.508560733054252090e-01 1.424655109709193068e-01
9.507814976532195095e-01 1.441112530437154982e-01
9.507229952411642149e-01 1.454257479253196483e-01
9.505958360625335057e-01 1.483579044347077547e-01
9.504744342843884919e-01 1.512596251900356625e-01
9.503586229875619074e-01 1.541286985387773922e-01
9.502482308992875604e-01 1.569630601535751124e-01
9.502232443370960402e-01 1.576189322881767219e-01
9.501430834257675873e-01 1.597607955593391971e-01
9.500430036310201221e-01 1.625201415642900382e-01
9.499478131573301232e-01 1.652394866506244064e-01
9.498573330837593032e-01 1.679173703889993707e-01
9.497713847202611248e-01 1.705524819478135279e-01
9.497556267302825761e-01 1.710458763154647233e-01
9.496897903359533544e-01 1.731436577733705406e-01
9.496123738210270337e-01 1.756898785205177616e-01
9.495389612826110604e-01 1.781902653153319693e-01
9.494693815756379829e-01 1.806440754320310094e-01
9.494034667704090991e-01 1.830506974656202213e-01
9.493756530341730393e-01 1.840918840430519898e-01
9.493410525590848525e-01 1.854096460800333801e-01
9.492819786037793861e-01 1.877205564088044731e-01
9.492260888292745058e-01 1.899831781818976106e-01
9.491732316636959377e-01 1.921973696478085636e-01
9.491232602305380572e-01 1.943630913562865159e-01
9.490760324957522309e-01 1.964803998607911051e-01
9.490760324957522309e-01 1.964803998607913271e-01
