# n_s, r predictions of a polynomial alpha attractor model with k=3 and N_\star=59.
9.728641444492507340e-01 8.765114191583310750e-05
9.728641444492507340e-01 8.765114191583310750e-05
9.728624089017914311e-01 9.452008782102395458e-05
9.728605199071357346e-01 1.019283871281402310e-04
9.728584646808757785e-01 1.099185667047308313e-04
9.728562294022795598e-01 1.185365358581742443e-04
9.728537991306045463e-01 1.278318601876370108e-04
9.728511577148625245e-01 1.378580583952786101e-04
9.728482876957845749e-01 1.486729241095202452e-04
9.728451702000370238e-01 1.603388749757512176e-04
9.728417848253988476e-01 1.729233314966314528e-04
9.728381095164713166e-01 1.864991283558527116e-04
9.728341204299929545e-01 2.011449612445819488e-04
9.728297917887633872e-01 2.169458725232670606e-04
9.728250957232058571e-01 2.339937794074984148e-04
9.728200020994637320e-01 2.523880487663412628e-04
9.728144783327603573e-01 2.722361230705619612e-04
9.728084891847118554e-01 2.936542025325927655e-04
9.728019965430496629e-01 3.167679890560160406e-04
9.727949591820428399e-01 3.417134982609361989e-04
9.727873325021729745e-01 3.686379465785611406e-04
9.727790682463686167e-01 3.977007212654374213e-04
9.727701141913847049e-01 4.290744421133637601e-04
9.727604138112202481e-01 4.629461247467995286e-04
9.727499059104830481e-01 4.995184566159710645e-04
9.727385242241221031e-01 5.390111982522957038e-04
9.727261969809120057e-01 5.816627239504003214e-04
9.727128464266159291e-01 6.277317179639158289e-04
9.726983883031604661e-01 6.774990444388523641e-04
9.726827312794434910e-01 7.312698118337007365e-04
9.726718644663098212e-01 7.685244948395385158e-04
9.726657763290936787e-01 7.893756554598042006e-04
9.726474160500983013e-01 8.521772651340505343e-04
9.726275339207519632e-01 9.200671888201477754e-04
9.726060034860555259e-01 9.934729476522897746e-04
9.725826874682540479e-01 1.072860502979858851e-03
9.725574367949252341e-01 1.158738122175260012e-03
9.725300895378159449e-01 1.251660697051085614e-03
9.725004697555483801e-01 1.352234576998116288e-03
9.724683862335786744e-01 1.461122988575167285e-03
9.724336311150391099e-01 1.579052124484954739e-03
9.724220732293730185e-01 1.618269051987267010e-03
9.723959784175429943e-01 1.706817997828184242e-03
9.723551824320272319e-01 1.845294172632009309e-03
9.723109760024244430e-01 1.995440499032182565e-03
9.722630686884478068e-01 2.158313001528253030e-03
9.722111448180463800e-01 2.335075091763187151e-03
9.721548614429468271e-01 2.527010303423594516e-03
9.721377827511963332e-01 2.585328226693108748e-03
9.720938462183212891e-01 2.735536776577722484e-03
9.720276952381401436e-01 2.962223752045045535e-03
9.719559708698809475e-01 3.208810373478599917e-03
9.718781996465994943e-01 3.477227135659237151e-03
9.718265514052200071e-01 3.656132497628845988e-03
9.717938702899555636e-01 3.769620362000515503e-03
9.717024319537791444e-01 4.088380142277215148e-03
9.716032927924156404e-01 4.436172212948060606e-03
9.714958189692730617e-01 4.815974317078473496e-03
9.714929685576126905e-01 4.826088557471935880e-03
9.713793342261443087e-01 5.231117638854814941e-03
9.712531201309557716e-01 5.685333969227071745e-03
9.711406798963556630e-01 6.094080221873471835e-03
9.711164171097937947e-01 6.182809324359078706e-03
9.709684263504484436e-01 6.728244806357294716e-03
9.708083126453866951e-01 7.326925562719646678e-03
9.707729212781274208e-01 7.460511006936454415e-03
9.706352082326338282e-01 7.984798758805335822e-03
9.704482177079556404e-01 8.708561510059652580e-03
9.703926378096016103e-01 8.926424497798029004e-03
9.702464241358131902e-01 9.505759700225309070e-03
9.700288965906058714e-01 1.038489849652106563e-02
9.700024908250819422e-01 1.049306544080567255e-02
9.697946995154278493e-01 1.135556510441767392e-02
9.696048589635475334e-01 1.216164367713782300e-02
9.695429044825213394e-01 1.242856380650246215e-02
9.692726051561522116e-01 1.361606250457993161e-02
9.692018595845729445e-01 1.393319216371939791e-02
9.689829364661458611e-01 1.493174870949596882e-02
9.687953852869529703e-01 1.580846758813198374e-02
9.686730991687804160e-01 1.639099104651543098e-02
9.683871440611597770e-01 1.778787095824570230e-02
9.683423910732606998e-01 1.801099967635659202e-02
9.679902462194592827e-01 1.981097534652440442e-02
9.679786950368383103e-01 1.987137954527443823e-02
9.676162831738057690e-01 2.181223183069773766e-02
9.675714764201749363e-01 2.205848765986395330e-02
9.672203633193254824e-01 2.403827003764855141e-02
9.671668252834676460e-01 2.434815608754073435e-02
9.668026594862911827e-01 2.651477390158954450e-02
9.667659903052638892e-01 2.673877078252145240e-02
9.663701389862517921e-01 2.922811159509208431e-02
9.663637344123798822e-01 2.926948832436333456e-02
9.659803608164638788e-01 3.181333176444005317e-02
9.659046272298661417e-01 3.233192833749833073e-02
9.655976676517408208e-01 3.449094877051823299e-02
9.654269443515873794e-01 3.573285736948875191e-02
9.652229923138029299e-01 3.725684694240537914e-02
9.649329487078929235e-01 3.950346315885094189e-02
9.648571862121225751e-01 4.010629197732782508e-02
9.645010166074381441e-01 4.303395724496585084e-02
9.644256383220818352e-01 4.367415599234053536e-02
9.641551639933846340e-01 4.603396144652774358e-02
9.639088019396840901e-01 4.827292083390326977e-02
9.638202199554929406e-01 4.909991688461864262e-02
9.634966857694472475e-01 5.222498729411657187e-02
9.633870363770797862e-01 5.332317941462964145e-02
9.631849719171495794e-01 5.540195390474692699e-02
9.628853986269191312e-01 5.862328816841308465e-02
9.628657083228641111e-01 5.884116803566127180e-02
9.625981974810662312e-01 6.188122940264676602e-02
9.623508437642456226e-01 6.483291768835415525e-02
9.623235140795338705e-01 6.516786548552556957e-02
9.620614117021344391e-01 6.847521469282175088e-02
9.618489324443534327e-01 7.129103565283247124e-02
9.618118758742939534e-01 7.179530679598544740e-02
9.615748197122978569e-01 7.512026163643902021e-02
9.613666439323396151e-01 7.819162190806158708e-02
9.613500899037689118e-01 7.844236355013310680e-02
9.611374731673223426e-01 8.175413022549692099e-02
9.609367030311195546e-01 8.504837482595153930e-02
9.609104661723704144e-01 8.549178404711536838e-02
9.607474667732608387e-01 8.831826047869471841e-02
9.605694123755348368e-01 9.155734651359097309e-02
9.604862951709304264e-01 9.312829928924458434e-02
9.604021553557434698e-01 9.475962611327432006e-02
9.602452853607529315e-01 9.791955529826922022e-02
9.600990219835464634e-01 1.010179608703179882e-01
9.600983724215895743e-01 1.010320734086703615e-01
9.599609727920690450e-01 1.040926154498243439e-01
9.598326343126114546e-01 1.070971168389919653e-01
9.597521748263537766e-01 1.090599962621390806e-01
9.597129012601794962e-01 1.100420112210817730e-01
9.596013186630357739e-01 1.129242221143747227e-01
9.594974360747775544e-01 1.157411492036491685e-01
9.594476743642106342e-01 1.171406470359492996e-01
9.594008108155815950e-01 1.184906501216178298e-01
9.593110106996638464e-01 1.211710185544190715e-01
9.592276162766403269e-01 1.237809594778848943e-01
9.591857459337334024e-01 1.251395990289967397e-01
9.591502226208640236e-01 1.263195622835735499e-01
9.590784407071810680e-01 1.287862724917046287e-01
9.590118984139762714e-01 1.311808626774444986e-01
9.589650053497983384e-01 1.329375455871389666e-01
9.589502411953766403e-01 1.335034031604973026e-01
9.588931324640950216e-01 1.357542329301653361e-01
9.588402537250432234e-01 1.379339312011293173e-01
9.587913044977270927e-01 1.400432899216597638e-01
9.587827019039429910e-01 1.404238810770548629e-01
9.587460020627653901e-01 1.420832874873817764e-01
9.587040810648792544e-01 1.440550638511876314e-01
9.586652930015069352e-01 1.459598971640750364e-01
9.586350729978253549e-01 1.475034575760767741e-01
9.586294056229712757e-01 1.477991820328604933e-01
9.585962022669393123e-01 1.495744094388543333e-01
9.585654811468706793e-01 1.512871483264275896e-01
9.585370546112834678e-01 1.529390288415360954e-01
9.585177482120122994e-01 1.541015241644140277e-01
9.585107483880273005e-01 1.545317271771546874e-01
9.584864008253385359e-01 1.560669519647102654e-01
9.584638621393538616e-01 1.575464321369701437e-01
9.584429936757313806e-01 1.589719061790016985e-01
9.584261403006417712e-01 1.601663472652861409e-01
9.584236671915455918e-01 1.603451126768704604e-01
9.584057641620123968e-01 1.616677820712669467e-01
9.583891751154690608e-01 1.629416295217884503e-01
9.583737989989664641e-01 1.641683487886008708e-01
9.583595425759585673e-01 1.653496070404724683e-01
9.583557744075106299e-01 1.656694617172267681e-01
9.583463198568651364e-01 1.664870405015452248e-01
9.583340515626979084e-01 1.675822508533845734e-01
9.583226646214709765e-01 1.686368023135707828e-01
9.583120916967530212e-01 1.696522193171594306e-01
9.583025282260225763e-01 1.706038963089842875e-01
9.583022707474350144e-01 1.706299847325779551e-01
9.582931446175737555e-01 1.715715385488076616e-01
9.582846606550265989e-01 1.724782769759134193e-01
9.582767703574867069e-01 1.733515519060581933e-01
9.582694290444703222e-01 1.741926706870108588e-01
9.582627774536802701e-01 1.749809655475139947e-01
9.582625955537805718e-01 1.750028961647715209e-01
9.582562319609695400e-01 1.757834469563032964e-01
9.582503033203411125e-01 1.765354979174074690e-01
9.582447774260709483e-01 1.772601807745610991e-01
9.582396245920681288e-01 1.779585848929965408e-01
9.582348174492593129e-01 1.786317581564927925e-01
9.582334572993368438e-01 1.788262959701508170e-01
9.582303307590328556e-01 1.792807079372531198e-01
9.582261412416552826e-01 1.799064021368709521e-01
9.582222274185260291e-01 1.805097702817841931e-01
9.582185694672186171e-01 1.810917046587547374e-01
9.582151490883100697e-01 1.816530614778450459e-01
9.582120598084031826e-01 1.821756898101357658e-01
9.582119493830769663e-01 1.821946620520895621e-01
9.582089547411917207e-01 1.827172939845890798e-01
9.582061507376203879e-01 1.832217123551365956e-01
9.582035240379754848e-01 1.837086408996841946e-01
9.582010623116394843e-01 1.841787731770345160e-01
9.581987541520209373e-01 1.846327737180870621e-01
9.581965890033559141e-01 1.850712791537927338e-01
9.581965890033559141e-01 1.850712791537928725e-01
