# n_s, r predictions of a polynomial alpha attractor model with k=4 and N_\star=65.
9.743549726178647452e-01 2.832469356403429382e-05
9.743549726178482029e-01 2.832469356403429382e-05
9.743543739439480822e-01 3.058778361331942564e-05
9.743537149524833518e-01 3.303184401187701276e-05
9.743529902903595996e-01 3.567137300317878404e-05
9.743521941553705545e-01 3.852203493545808559e-05
9.743513202583723443e-01 4.160075483616705686e-05
9.743503617839498476e-01 4.492582078349055227e-05
9.743493113468858491e-01 4.851699474799143802e-05
9.743481609451990488e-01 5.239563262511450056e-05
9.743469019095059025e-01 5.658481425448520010e-05
9.743455248479961917e-01 6.110948428982581227e-05
9.743440195867355547e-01 6.599660486581418364e-05
9.743423751051196735e-01 7.127532110011906656e-05
9.743405794656515573e-01 7.697714056075634457e-05
9.743386197381680436e-01 8.313612794762578620e-05
9.743364819169955116e-01 8.978911634972753153e-05
9.743341508316811783e-01 9.697593658029164644e-05
9.743316100493543130e-01 1.047396662418978474e-04
9.743288417694278003e-01 1.131269003339247648e-04
9.743258267081573720e-01 1.221880454173565242e-04
9.743225439738798510e-01 1.319776395442647963e-04
9.743189709307217283e-01 1.425547004053704791e-04
9.743150830502307347e-01 1.539831044132968082e-04
9.743108537499265420e-01 1.663319997286521069e-04
9.743062542167180151e-01 1.796762565853881959e-04
9.743055342562892962e-01 1.817576918888726394e-04
9.743012532145419735e-01 1.940969586384780809e-04
9.742958168739783709e-01 2.096819394994758022e-04
9.742899084623042327e-01 2.265263691078547197e-04
9.742834881317908868e-01 2.447333951494547861e-04
9.742765126439604240e-01 2.644148453687763167e-04
9.742689350672784077e-01 2.856919973497827571e-04
9.742607044451173648e-01 3.086964231856464784e-04
9.742517654311435571e-01 3.335709174065228664e-04
9.742420578879901205e-01 3.604705176646042127e-04
9.742328835133197140e-01 3.857970342848257984e-04
9.742315164454203869e-01 3.895636289421161580e-04
9.742200700129529656e-01 4.210332635576744561e-04
9.742076412419730103e-01 4.550784109576340615e-04
9.741941459310754503e-01 4.919155533194367056e-04
9.741794923682770557e-01 5.317803453285327312e-04
9.741635806019374177e-01 5.749294792851542728e-04
9.741463016322662316e-01 6.216427599123734195e-04
9.741450266245489376e-01 6.250843034540694157e-04
9.741275365138392095e-01 6.722254170635186309e-04
9.741071553577894671e-01 7.270106890602868500e-04
9.740850162221118547e-01 7.863627146821416773e-04
9.740609638766588585e-01 8.506797781563205400e-04
9.740448284239231480e-01 8.937415990609699724e-04
9.740348284276031388e-01 9.203979590088617879e-04
9.740064237858084839e-01 9.959952474893078635e-04
9.739755459614284350e-01 1.077996196902613040e-03
9.739419711666185142e-01 1.166977196742563028e-03
9.739337426865645186e-01 1.188758727630764281e-03
9.739054537076772267e-01 1.263572465491082444e-03
9.738657236483421187e-01 1.368480879711639732e-03
9.738224842277135584e-01 1.482473777120235561e-03
9.738126194805880598e-01 1.508457490336380163e-03
9.737754090197635604e-01 1.606403896174818336e-03
9.737241388276436371e-01 1.741215643930543603e-03
9.736820040646591012e-01 1.851911192115668131e-03
9.736682783157001309e-01 1.887956918014785596e-03
9.736073923964972954e-01 2.047792748054040254e-03
9.735422794497941013e-01 2.218669822714039626e-03
9.735410024102751914e-01 2.222021067122346115e-03
9.734685821602662159e-01 2.412090975112613032e-03
9.733937462641695237e-01 2.608609670368941796e-03
9.733895539003061259e-01 2.619623913343446190e-03
9.733032844077376122e-01 2.846438233552006907e-03
9.732366720788956371e-01 3.021841478066962256e-03
9.732090813112950212e-01 3.094577715129180097e-03
9.731061898721079517e-01 3.366344663607852544e-03
9.730713227253584563e-01 3.458649143674987110e-03
9.729937904223301404e-01 3.664338315070661024e-03
9.728979808586029066e-01 3.919445952131196502e-03
9.728709966349379235e-01 3.991499382686596736e-03
9.727368547133917742e-01 4.351161725715534632e-03
9.727169543877020041e-01 4.404742041109117531e-03
9.725903434443704532e-01 4.747112315525497603e-03
9.725285767985937246e-01 4.915119976019663439e-03
9.724303748634647304e-01 5.183660937452901421e-03
9.723332016160179947e-01 5.451216735509194396e-03
9.722557950859719300e-01 5.665721417568441928e-03
9.721311935342854538e-01 6.013710919709230017e-03
9.720653847256386371e-01 6.198906602637704183e-03
9.719229186706387358e-01 6.603314086736530170e-03
9.718578583488710620e-01 6.789639831653114521e-03
9.717087358774727512e-01 7.220765117076115812e-03
9.716318626499501621e-01 7.445286178956281829e-03
9.714889902680934330e-01 7.866826566314273628e-03
9.713859734810732505e-01 8.174307270591447266e-03
9.712640093306219580e-01 8.542282130549864322e-03
9.711186924512932306e-01 8.986443928101030265e-03
9.710341014247438896e-01 9.247934574281460249e-03
9.708284443961258114e-01 9.892931238675255548e-03
9.707995561426208120e-01 9.984603697671625214e-03
9.705606459306999056e-01 1.075312410586880783e-02
9.705135775083624239e-01 1.090675084466067972e-02
9.703176284288583808e-01 1.155434267237305176e-02
9.701723682709987306e-01 1.204292520929959968e-02
9.700707491072272370e-01 1.238911566556381849e-02
9.698202439127245889e-01 1.325830554674066290e-02
9.698030335887016795e-01 1.331885818363164053e-02
9.695663417499504888e-01 1.416277746275313408e-02
9.694037527656348407e-01 1.475472507277870299e-02
9.693092667038298860e-01 1.510339545882588910e-02
9.690492399674752733e-01 1.608101843375492335e-02
9.689727023142561402e-01 1.637391309588480739e-02
9.687864814724130857e-01 1.709649585539417885e-02
9.685212112369745441e-01 1.815066325058840857e-02
9.685081070447593143e-01 1.820350893431719672e-02
9.682536504571076508e-01 1.924433748154959906e-02
9.680083114533051258e-01 2.027482294566780932e-02
9.679840223663032095e-01 2.037831182011344208e-02
9.677125528904427787e-01 2.155335083216688291e-02
9.674718759930984735e-01 2.262392819173768277e-02
9.674394711208568198e-01 2.277018508658070275e-02
9.671650096258518348e-01 2.402950570586050508e-02
9.668977031741541328e-01 2.529217487296598482e-02
9.668894046178713175e-01 2.533195877932891207e-02
9.666128959907447360e-01 2.667813966363523012e-02
9.663357272391481789e-01 2.806858719969365992e-02
9.662851982709257381e-01 2.832661489411869918e-02
9.660581452705534478e-01 2.950377787959010747e-02
9.657804001185360532e-01 3.098412000143899170e-02
9.656344682359416787e-01 3.178023481912287812e-02
9.655027445652881735e-01 3.250994785453381608e-02
9.652254336805143886e-01 3.408151598126584608e-02
9.649487242834969836e-01 3.569899356610464758e-02
9.649465595417767716e-01 3.571184672201185156e-02
9.646728743349627377e-01 3.736245900532120939e-02
9.643981422654138713e-01 3.907189471398045399e-02
9.642237302346394756e-01 4.018542578225401535e-02
9.641247862467563490e-01 4.082718222893692156e-02
9.638530634143411824e-01 4.262809766802108657e-02
9.635832290468648864e-01 4.447430760622755885e-02
9.634697425374760815e-01 4.526861593128748279e-02
9.633155357119600470e-01 4.636536542940557920e-02
9.630502323856824365e-01 4.830070822465330760e-02
9.627875635544564936e-01 5.027965426425814316e-02
9.626901491878911976e-01 5.103006407464093924e-02
9.625277683083532931e-01 5.230140113659082629e-02
9.622710794348147134e-01 5.436502457281502942e-02
9.620177225220859496e-01 5.646947801265102956e-02
9.618925295139432174e-01 5.753521662656330138e-02
9.617679150816742517e-01 5.861359294575826939e-02
9.615218656990768276e-01 6.079608005764779860e-02
9.612797732218297808e-01 6.301553120050772117e-02
9.610866121058775358e-01 6.484026421515354244e-02
9.610418259936072127e-01 6.527042220002571282e-02
9.608082011426362090e-01 6.755911649940291031e-02
9.605790639321084567e-01 6.987986963141348817e-02
9.603545671795546967e-01 7.223083449879445783e-02
9.602842050036205501e-01 7.298411258279115243e-02
9.601348507513167707e-01 7.461006743263687291e-02
9.599200411373220998e-01 7.701553498802209130e-02
9.597102511103469125e-01 7.944512142612103478e-02
9.595055794728872822e-01 8.189663682248263243e-02
9.594988506205731627e-01 8.197865237164070340e-02
9.593061108935575509e-01 8.436782573288352516e-02
9.591119158339164175e-01 8.685637634004693408e-02
9.589230505653055792e-01 8.935992999864120212e-02
9.587451430499605021e-01 9.179822437515212930e-02
9.587395572742661853e-01 9.187609109047303879e-02
9.585614642539566077e-01 9.440243709824144847e-02
9.583887861779873951e-01 9.693652880394895699e-02
9.582215244521353759e-01 9.947592051737889907e-02
9.580596676385680910e-01 1.020181702408361063e-01
9.580377002805667841e-01 1.023699611840037799e-01
9.579031919464752187e-01 1.045608496786329666e-01
9.577520617824032412e-01 1.071015540034652852e-01
9.576062303530986641e-01 1.096379112968749875e-01
9.574656403133943172e-01 1.121675915867823559e-01
9.573898736232064888e-01 1.135674069723635465e-01
9.573302244513308690e-01 1.146883154128180010e-01
9.571999064027996162e-01 1.171978618573573244e-01
9.570746013879181113e-01 1.196940759892782119e-01
9.569542169615772309e-01 1.221748756762106453e-01
9.568386537708555295e-01 1.246382577303619399e-01
9.568123825860721521e-01 1.252100924687331029e-01
9.567278063123685339e-01 1.270823033622872633e-01
9.566215636830642799e-01 1.295051829261773813e-01
9.565198103184899825e-01 1.319051599491318782e-01
9.564224267131178348e-01 1.342805944453753231e-01
9.563292901179127892e-01 1.366299455243041583e-01
9.563121451791438687e-01 1.370711567891388372e-01
9.562402752109475657e-01 1.389517733085271767e-01
9.561552547374998490e-01 1.412447401846138317e-01
9.560741001166861430e-01 1.435076114150150572e-01
9.559966820123045883e-01 1.457392551445417794e-01
9.559228708661398066e-01 1.479386418388873026e-01
9.558915824068398015e-01 1.488934787658927339e-01
9.558525373925426116e-01 1.501048431959075280e-01
9.557855530336135663e-01 1.522370305728203421e-01
9.557217903747952104e-01 1.543344729741225885e-01
9.556611235211067701e-01 1.563965346459518790e-01
9.556034284346368590e-01 1.584226723228520373e-01
9.555485832342437424e-01 1.604124321725374225e-01
9.555485832342437424e-01 1.604124321725375613e-01
