# n_s, r predictions of a polynomial alpha attractor model with k=2 and N_\star=45.
9.560908199517272887e-01 1.588769156280847583e-01
9.560908199517272887e-01 1.588769156280848138e-01
9.560925777916297053e-01 1.585708776089599648e-01
9.560944167442750885e-01 1.582568515555156929e-01
9.560963412332905698e-01 1.579345715046092391e-01
9.560983559591431646e-01 1.576037610372648667e-01
9.561004659185671217e-01 1.572641328238560121e-01
9.561026764254901833e-01 1.569153881491189562e-01
9.561042374147120659e-01 1.566732551987682909e-01
9.561049931335837693e-01 1.565572164162382929e-01
9.561074220605743079e-01 1.561892946292464113e-01
9.561099696144619298e-01 1.558112868529868966e-01
9.561126426218101715e-01 1.554228436498946708e-01
9.561154483582793295e-01 1.550236014928718375e-01
9.561183945815983076e-01 1.546131821535552398e-01
9.561211976156729353e-01 1.542306131306026284e-01
9.561214895671805714e-01 1.541911920653153689e-01
9.561247421466132490e-01 1.537572216603718678e-01
9.561281617492658480e-01 1.533108446804696545e-01
9.561317584472901476e-01 1.528516174606424360e-01
9.561355430043039227e-01 1.523790781856826926e-01
9.561395269280802411e-01 1.518927461190562322e-01
9.561425119500674974e-01 1.515353963883939725e-01
9.561437225275916107e-01 1.513921208041404121e-01
9.561481429747912264e-01 1.508766812378354305e-01
9.561528023715460956e-01 1.503458850167983807e-01
9.561577158221739037e-01 1.497991674567917542e-01
9.561628995120794450e-01 1.492359406859146420e-01
9.561683707930269671e-01 1.486555927128163646e-01
9.561691282852555762e-01 1.485763344668441510e-01
9.561741482756332955e-01 1.480574864713731231e-01
9.561802519297194491e-01 1.474409588437539942e-01
9.561867031932150818e-01 1.468053196643163416e-01
9.561935250903681460e-01 1.461498507073642206e-01
9.562007423600794587e-01 1.454738046624869108e-01
9.562021353164864568e-01 1.453452839324456125e-01
9.562083815952531207e-01 1.447764041019761472e-01
9.562164713941262439e-01 1.440568404457197027e-01
9.562250425246244800e-01 1.433142729299890228e-01
9.562341281028753359e-01 1.425478275877054557e-01
9.562427596868525725e-01 1.418380559543326314e-01
9.562437637871034068e-01 1.417565962490928699e-01
9.562539879882266947e-01 1.409396355731204753e-01
9.562648420985773168e-01 1.400959661218367236e-01
9.562763707402733848e-01 1.392245714916063581e-01
9.562886220348841837e-01 1.383243975174034968e-01
9.562923535335360326e-01 1.380552125945620767e-01
9.563016478961358091e-01 1.373943515687303107e-01
9.563155043475303208e-01 1.364333019584170748e-01
9.563302518668554963e-01 1.354400774885611836e-01
9.563459557596831750e-01 1.344134671611991738e-01
9.563523703524433595e-01 1.340027654371227783e-01
9.563626865640599828e-01 1.333522200849881212e-01
9.563805204886878242e-01 1.322550456132483010e-01
9.563995398869887810e-01 1.311206137531736038e-01
9.564198337695031249e-01 1.299475558908958772e-01
9.564243277096842188e-01 1.296927029245459051e-01
9.564414983571216666e-01 1.287344658823794952e-01
9.564646376776528847e-01 1.274799015658339696e-01
9.564893642081943037e-01 1.261823867574525804e-01
9.565097564183996370e-01 1.251432733911856665e-01
9.565157995656803358e-01 1.248404137987772361e-01
9.565440752478179265e-01 1.234524467308262263e-01
9.565743334263666631e-01 1.220169251772116048e-01
9.566067277943652858e-01 1.205322690257287499e-01
9.566101373057536161e-01 1.203789614385936818e-01
9.566414244684092738e-01 1.189968840051883331e-01
9.566786029464445784e-01 1.174091682613812165e-01
9.567184571206955868e-01 1.157675200428171375e-01
9.567268284695480407e-01 1.154301167626180374e-01
9.567611963442977929e-01 1.140703466129235344e-01
9.568070465488721643e-01 1.123160745104126168e-01
9.568562514086641491e-01 1.105031612830238569e-01
9.568609877075705539e-01 1.103322255053827278e-01
9.569090735448876339e-01 1.086301088213350724e-01
9.569657957615467225e-01 1.066954784181316090e-01
9.570134962592815597e-01 1.051248510566596961e-01
9.570267223011822422e-01 1.046979076742108050e-01
9.570921801056715417e-01 1.026361293626126686e-01
9.571625200633431252e-01 1.005089923491449266e-01
9.571848907867565037e-01 9.985030846546794070e-02
9.572381182191994631e-01 9.831548464668438125e-02
9.573193769200207814e-01 9.605475865271090319e-02
9.573753103834241607e-01 9.455216791438177115e-02
9.574067258602336761e-01 9.372615858356865559e-02
9.575006229883499254e-01 9.132925007175984877e-02
9.575844642482925773e-01 8.927370237838401501e-02
9.576015552264933728e-01 8.886385183626918649e-02
9.577100389482144926e-01 8.633006926603464803e-02
9.578116236266697170e-01 8.405639906242665105e-02
9.578266201516975054e-01 8.372832967506178836e-02
9.579518742571793144e-01 8.105941889267140321e-02
9.580556390213432749e-01 7.893864294135589932e-02
9.580864054489443005e-01 7.832451874461221486e-02
9.582308454739076886e-01 7.552524486111093782e-02
9.583149809669030406e-01 7.395465629055529566e-02
9.583858518007972727e-01 7.266368411823657947e-02
9.585521050365453100e-01 6.974243088219131415e-02
9.585878002927763486e-01 6.913374541756348024e-02
9.587303054899397603e-01 6.676462108654709904e-02
9.588720021362383550e-01 6.449987082281902206e-02
9.589211687669130235e-01 6.373396303567703536e-02
9.591254202769430304e-01 6.065476370076083173e-02
9.591653271925761892e-01 6.007152524811730510e-02
9.593437885252690256e-01 5.753194916616018867e-02
9.594654338025981888e-01 5.586187951335070540e-02
9.595769970596792486e-01 5.437107780309961835e-02
9.597699753169408599e-01 5.187914066265355423e-02
9.598257549310104109e-01 5.117834470429324933e-02
9.600766684881335555e-01 4.812706075417942653e-02
9.600907455089847664e-01 4.796057591670986608e-02
9.603726134625285571e-01 4.472521106764029697e-02
9.603833501492301528e-01 4.460553619270472836e-02
9.606719496557489801e-01 4.148027309390963507e-02
9.606880209024484252e-01 4.131124459588601805e-02
9.609888757920376223e-01 3.823827642203540128e-02
9.609892736099258093e-01 3.823432395226299130e-02
9.612843228815252106e-01 3.537872988054210216e-02
9.613250130144666006e-01 3.499640539169634329e-02
9.615729912738399943e-01 3.272324843986110926e-02
9.616794795000723761e-01 3.177596406954977942e-02
9.618537304316612246e-01 3.026148957077475984e-02
9.620528394694860541e-01 2.858276042199449363e-02
9.621256027315742143e-01 2.798252075957006688e-02
9.623878710864371966e-01 2.587514423000550345e-02
9.624450781618842932e-01 2.542676063721200155e-02
9.626399832612273499e-01 2.392815540535996738e-02
9.628559542638517321e-01 2.231801063761128245e-02
9.628815542433603047e-01 2.213054223240397411e-02
9.631123477511644992e-01 2.047163342645533929e-02
9.632849412902819708e-01 1.926648988238587046e-02
9.633322577023195610e-01 1.894120381210567458e-02
9.635412902347409991e-01 1.752954451071748326e-02
9.637311508025757645e-01 1.628194073138645309e-02
9.637395466824971724e-01 1.622750498788343154e-02
9.639272077607853317e-01 1.502651308625408896e-02
9.641045191017152405e-01 1.391857824696918731e-02
9.641932316452533902e-01 1.337366587912668277e-02
9.642717782019818440e-01 1.289628223827461034e-02
9.644293227868221408e-01 1.195276090519636729e-02
9.645775205561383236e-01 1.108167974844024607e-02
9.646692386276540798e-01 1.055028244748373520e-02
9.647167602527194630e-01 1.027720553892039895e-02
9.648474439752184884e-01 9.533975672019943254e-03
9.649699806471925267e-01 8.847066553628079796e-03
9.650847805463741436e-01 8.211961976835806948e-03
9.651564582973779505e-01 7.819418714450597496e-03
9.651922507943647700e-01 7.624522182236805404e-03
9.652927917058561347e-01 7.080954085000853125e-03
9.653867938974024510e-01 6.577782988593950525e-03
9.654746360592878496e-01 6.111825979372065634e-03
9.655566832986046677e-01 5.680167101432978191e-03
9.656332859682141834e-01 5.280134340556566150e-03
9.656511318143270461e-01 5.187341047830637715e-03
9.657047789033825769e-01 4.909278395076401708e-03
9.657714809956672308e-01 4.565353175768237064e-03
9.658336950417921729e-01 4.246297952893298561e-03
9.658917078128022027e-01 3.950221053769581089e-03
9.659457902967539811e-01 3.675385006139875697e-03
9.659961980748126287e-01 3.420193019720175771e-03
9.660431717973052557e-01 3.183176698908185033e-03
9.660869377317620188e-01 2.962984882856203612e-03
9.661277083601311766e-01 2.758373513947896989e-03
9.661476435372292615e-01 2.658492391884889269e-03
9.661656830065877832e-01 2.568196441625891259e-03
9.662010484811249800e-01 2.391397074973837435e-03
9.662339797271807251e-01 2.227000804119738924e-03
9.662646404642094566e-01 2.074108117163043011e-03
9.662931838182511335e-01 1.931888345754126813e-03
9.663197529353116932e-01 1.799573978568041110e-03
9.663444815738452265e-01 1.676455487644024208e-03
9.663674946736826588e-01 1.561876617886355382e-03
9.663889088998771637e-01 1.455230094893531466e-03
9.664088331603984949e-01 1.355953710769688351e-03
9.664273690974466424e-01 1.263526751609480659e-03
9.664446115522850045e-01 1.177466734035984182e-03
9.664606490041275366e-01 1.097326421467469462e-03
9.664755639839328616e-01 1.022691093759446439e-03
9.664894334632762041e-01 9.531760465882428354e-04
9.665023292200185523e-01 8.884242992622092688e-04
9.665143181813048434e-01 8.281044918567999433e-04
9.665254627451375091e-01 7.719089544554153881e-04
9.665358210816028528e-01 7.195519330016390781e-04
9.665454474147971986e-01 6.707679578032613556e-04
9.665543922865966753e-01 6.253103420983563854e-04
9.665627028032588441e-01 5.829497993198784391e-04
9.665704228659089958e-01 5.434731687938213060e-04
9.665775933858886670e-01 5.066822405860306423e-04
9.665842524859011853e-01 4.723926710940461377e-04
9.665904356878136650e-01 4.404329817665409894e-04
9.665961760879835385e-01 4.106436340418559428e-04
9.666015045209895851e-01 3.828761742280387733e-04
9.666064497122882626e-01 3.569924426256902640e-04
9.666110384208285167e-01 3.328638416928923326e-04
9.666152955719812256e-01 3.103706585315804201e-04
9.666192443819079383e-01 2.894014373713648769e-04
9.666229064727281939e-01 2.698523981316472290e-04
9.666263019811773827e-01 2.516268974334102656e-04
9.666294496589514784e-01 2.346349288002425851e-04
9.666294496589520335e-01 2.346349288003100767e-04
