# n_s, r predictions of a polynomial alpha attractor model with k=1 and N_\star=43.
9.689814528118074755e-01 1.227114906431393284e-04
9.689814528118032566e-01 1.227114906431231195e-04
9.689802897156651884e-01 1.346737675155299755e-04
9.689790056039393473e-01 1.478020010574721899e-04
9.689775882076593350e-01 1.622098063195400721e-04
9.689760240434935890e-01 1.780218635790000803e-04
9.689742982974903773e-01 1.953749948090592159e-04
9.689723946978835434e-01 2.144193446113412075e-04
9.689702953765743088e-01 2.353196756804617508e-04
9.689679807182649540e-01 2.582567898308250941e-04
9.689654291963141208e-01 2.834290866547060071e-04
9.689626171944442090e-01 3.110542730123880403e-04
9.689595188128939940e-01 3.413712377935036193e-04
9.689561056587762122e-01 3.746421077105116341e-04
9.689523466187226486e-01 4.111545013529512883e-04
9.689482076134454669e-01 4.512240002749233828e-04
9.689436513329654499e-01 4.951968575824302471e-04
9.689386369516799213e-01 5.434529662861467330e-04
9.689331198224829800e-01 5.964091116113837653e-04
9.689270511491798743e-01 6.545225335003530993e-04
9.689203776372307120e-01 7.182948276760174220e-04
9.689130411219019079e-01 7.882762159032687599e-04
9.689049781750347368e-01 8.650702183378704713e-04
9.688961196905824247e-01 9.493387632114062748e-04
9.688863904506488378e-01 1.041807771356560068e-03
9.688757086742463276e-01 1.143273255246326451e-03
9.688639855522293010e-01 1.254607974133587628e-03
9.688511247726036002e-01 1.376768688439472315e-03
9.688370220432391822e-01 1.510804057403874979e-03
9.688215646192170905e-01 1.657863224151093391e-03
9.688046308460663836e-01 1.819205131032811291e-03
9.687860897319822140e-01 1.996208605215812979e-03
9.687658005659760541e-01 2.190383249136033592e-03
9.687436126028818872e-01 2.403381161912849454e-03
9.687193648409733182e-01 2.637009505017446319e-03
9.686928859235353073e-01 2.893243907061933146e-03
9.686639942022569061e-01 3.174242676789774259e-03
9.686324980073801605e-01 3.482361758091661718e-03
9.685981961781693350e-01 3.820170313339542583e-03
9.685608789155454312e-01 4.190466758455744720e-03
9.685203290285048228e-01 4.596294990729640588e-03
9.684763236552864640e-01 5.040960443964520241e-03
9.684286365487897452e-01 5.528045469776979998e-03
9.683770410240436499e-01 6.061423372570585305e-03
9.683213136693276102e-01 6.645270213282090770e-03
9.682612389237086337e-01 7.284073236876784964e-03
9.681966146174387777e-01 7.982634466522130559e-03
9.681272585564698607e-01 8.746067640973690521e-03
9.680530162049986176e-01 9.579786253369323643e-03
9.679737694769343648e-01 1.048947998911430035e-02
9.678894465851548556e-01 1.148107637861888429e-02
9.678000328133001817e-01 1.256068401370970776e-02
9.677055819667097492e-01 1.373451328172735006e-02
9.676062281269272036e-01 1.500877033176127064e-02
9.675021971810798815e-01 1.638952001635886682e-02
9.673938174309152371e-01 1.788251399366403219e-02
9.672815284195686036e-01 1.949298120000761067e-02
9.671658869673802617e-01 2.122537969440478275e-02
9.670475693082208890e-01 2.308311160227040013e-02
9.669273681986320090e-01 2.506820665460265940e-02
9.668061839695302195e-01 2.718098462086624909e-02
9.666850087387265367e-01 2.941971256620867781e-02
9.665649034243722904e-01 3.178027886259428975e-02
9.664469677956033511e-01 3.425591147809067122e-02
9.663323045345654227e-01 3.683697219598131012e-02
9.662219790915712592e-01 3.951085982477837294e-02
9.661169778791998120e-01 4.226205293290432458e-02
9.660181679325828830e-01 4.507231530672297509e-02
9.660112440911726717e-01 4.527844411883101550e-02
9.659262614202505093e-01 4.792107502650331391e-02
9.658417882154383127e-01 5.078597162221250988e-02
9.657650790947464037e-01 5.364354714725585310e-02
9.656962610764893151e-01 5.647003902118714891e-02
9.656352650971223861e-01 5.924221832945695404e-02
9.656330213081475433e-01 5.934991489237510798e-02
9.655818448695956402e-01 6.193820973139217700e-02
9.655356046064642594e-01 6.453822988950108641e-02
9.654980546200506719e-01 6.689098586539564406e-02
9.654960325158880030e-01 6.702519044355113864e-02
9.654625366924182162e-01 6.938512739281792185e-02
9.654344802232633915e-01 7.160743843965276800e-02
9.654343224089438902e-01 7.162072630141452789e-02
9.654112129145048238e-01 7.368492999278189459e-02
9.653991886910997522e-01 7.487002740574065507e-02
9.653920978530509123e-01 7.561369302736081766e-02
9.653777791771310790e-01 7.724160767335724875e-02
9.653765318888082314e-01 7.739283967450612256e-02
9.653639599047173503e-01 7.902413931124431523e-02
9.653637776947778804e-01 7.904941731562042939e-02
9.653541257840339007e-01 8.047339743692795422e-02
9.653538833475350245e-01 8.051159425386063273e-02
9.653471948949967629e-01 8.162418529946288692e-02
9.653458638827838723e-01 8.186099198796446819e-02
9.653420528685369151e-01 8.257358451853234749e-02
9.653395232221958500e-01 8.307946469567897840e-02
9.653381348427424458e-01 8.337024332491371759e-02
9.653350823373231249e-01 8.404829872240807132e-02
9.653345401907625911e-01 8.417507920190929471e-02
9.653326589757191822e-01 8.463241484501028700e-02
9.653307037907224997e-01 8.514085728015488574e-02
9.653306460039224879e-01 8.515647266088506584e-02
9.653291041082453505e-01 8.558744252770823790e-02
9.653277791593963819e-01 8.598281537485383264e-02
9.653276185645989216e-01 8.603254226358328371e-02
9.653266698304108218e-01 8.633530992040894247e-02
9.653257320572546929e-01 8.665154446681022637e-02
9.653252764056476920e-01 8.681219149426019910e-02
9.653249324558264011e-01 8.693684157406617041e-02
9.653242453631865061e-01 8.719553044061223446e-02
9.653236507922487997e-01 8.743116836329115071e-02
9.653234727250473712e-01 8.750413118812500057e-02
9.653231329913740666e-01 8.764670546767713843e-02
9.653226794127874877e-01 8.784460897176421534e-02
9.653222799624381345e-01 8.802695812645361384e-02
9.653220898059688970e-01 8.811673078743302578e-02
9.653219264468841931e-01 8.819551760145852293e-02
9.653216121602330446e-01 8.835179481849829430e-02
9.653213315720450272e-01 8.849708518490118081e-02
9.653210800889658882e-01 8.863250810584318018e-02
9.653210339892299707e-01 8.865791355982481636e-02
9.653208538708465403e-01 8.875903589659481230e-02
9.653206496875739173e-01 8.887751717609612689e-02
9.653204648066359139e-01 8.898869593304101211e-02
9.653202969041118076e-01 8.909322717057302499e-02
9.653202312724399325e-01 8.913508886715630630e-02
9.653201439936737183e-01 8.919168982514684429e-02
9.653200043695554511e-01 8.928459749805299495e-02
9.653198765604378284e-01 8.937240741985065517e-02
9.653197592919265935e-01 8.945552797813834112e-02
9.653196514558436414e-01 8.953432507030906207e-02
9.653196235452010665e-01 8.955511458669475344e-02
9.653195520849542355e-01 8.960912748985636056e-02
9.653194603320580658e-01 8.968023151353046729e-02
9.653193754526064874e-01 8.974790482434434613e-02
9.653192967901810251e-01 8.981238987997666734e-02
9.653192237643091200e-01 8.987390681594477349e-02
9.653191654280739442e-01 8.992428325033123560e-02
9.653191558601968980e-01 8.993265595682924107e-02
9.653190926200420074e-01 8.998881999592918401e-02
9.653190336356562984e-01 9.004256589332668148e-02
9.653189785421755209e-01 9.009404653390870599e-02
9.653189270126784072e-01 9.014340218003533134e-02
9.653188787535690318e-01 9.019076174792710343e-02
9.653188335005979948e-01 9.023624393223471374e-02
9.653188216591980231e-01 9.024832618800089634e-02
9.653187910154279461e-01 9.027995819945103251e-02
9.653187510826566342e-01 9.032200566766993011e-02
9.653187135072306413e-01 9.036247988758008831e-02
9.653186781121925186e-01 9.040146753739163044e-02
9.653186447367123613e-01 9.043904904256212796e-02
9.653186132343648529e-01 9.047529912964777377e-02
9.653185834716158098e-01 9.051028732230768925e-02
9.653185649614695052e-01 9.053243079440544128e-02
9.653185553264912455e-01 9.054407838638883765e-02
9.653185286874029769e-01 9.057673273008887138e-02
9.653185034521112318e-01 9.060830676439809994e-02
9.653184795268052731e-01 9.063885322834602798e-02
9.653184568252881625e-01 9.066842148299827930e-02
9.653184352682511182e-01 9.069705777765084409e-02
9.653184147826271433e-01 9.072480549124264937e-02
9.653183953010143759e-01 9.075170535163530616e-02
9.653183767611602795e-01 9.077779563509384697e-02
9.653183743208537670e-01 9.078126688362155028e-02
9.653183591054997903e-01 9.080311234802154741e-02
9.653183422807403158e-01 9.082768939276468501e-02
9.653183262374898099e-01 9.085155871909227077e-02
9.653183109299210418e-01 9.087475046277489199e-02
9.653182963154693930e-01 9.089729307252589208e-02
9.653182823545598534e-01 9.091921342643012605e-02
9.653182690103606634e-01 9.094053693886099132e-02
9.653182562485592699e-01 9.096128765878144784e-02
9.653182440371607109e-01 9.098148836022790231e-02
9.653182336094708882e-01 9.099901889124030474e-02
9.653182323463026515e-01 9.100116062569180153e-02
9.653182211480889618e-01 9.102032492304261424e-02
9.653182104164375055e-01 9.103900067656703343e-02
9.653182001269413615e-01 9.105720633264334507e-02
9.653181902567422590e-01 9.107495942051825610e-02
9.653181807844154472e-01 9.109227660860591547e-02
9.653181716898637799e-01 9.110917375669040641e-02
9.653181629542207931e-01 9.112566596437524091e-02
9.653181545597626645e-01 9.114176761608940025e-02
9.653181464898263897e-01 9.115749242293515187e-02
9.653181387287355086e-01 9.117285346162944115e-02
9.653181312617308274e-01 9.118786321077501644e-02
9.653181304931732765e-01 9.118942139332637808e-02
9.653181240749085790e-01 9.120253358467035609e-02
9.653181171551604711e-01 9.121687596485192340e-02
9.653181104901215059e-01 9.123090122954440051e-02
9.653181040681199088e-01 9.124461978117824612e-02
9.653180978781316091e-01 9.125804157212143164e-02
9.653180919097378299e-01 9.127117612875969288e-02
9.653180861530860080e-01 9.128403257404628379e-02
9.653180805988537116e-01 9.129661964863491908e-02
9.653180752382153340e-01 9.130894573069751885e-02
9.653180700628107846e-01 9.132101885452208190e-02
9.653180650647161798e-01 9.133284672797753467e-02
9.653180602364180851e-01 9.134443674892406273e-02
9.653180555707875365e-01 9.135579602064380911e-02
9.653180555707875365e-01 9.135579602064379523e-02
