# n_s, r predictions of a polynomial alpha attractor model with k=1 and N_\star=45.
9.703600825620023462e-01 1.154951095436040914e-04
9.703600825620002368e-01 1.154951095435883298e-04
9.703589786094285463e-01 1.267539928497652497e-04
9.703577600783447332e-01 1.391102878579206204e-04
9.703564153701905726e-01 1.526709329598029054e-04
9.703549317392342610e-01 1.675532820008000985e-04
9.703532951828756081e-01 1.838861176282908366e-04
9.703514903215400000e-01 2.018107629950041670e-04
9.703495002678188541e-01 2.214823013038463525e-04
9.703473064839566176e-01 2.430709135821417833e-04
9.703448886268257745e-01 2.667633460563607526e-04
9.703422243791730573e-01 2.927645195691163998e-04
9.703392892670128500e-01 3.212992946303306458e-04
9.703360564608675132e-01 3.526144069815267761e-04
9.703324965611491715e-01 3.869805898876125367e-04
9.703285773659963143e-01 4.246949008715568603e-04
9.703242636208373462e-01 4.660832721864108371e-04
9.703195167488084527e-01 5.115033060292626527e-04
9.703142945611880066e-01 5.613473373255839331e-04
9.703085509474679293e-01 6.160457888415877149e-04
9.703022355440040769e-01 6.760708454413426631e-04
9.702952933820858661e-01 7.419404763961778924e-04
9.702876645147088253e-01 8.142228368909328268e-04
9.702792836232567719e-01 8.935410820579554577e-04
9.702700796052461385e-01 9.805786290790854433e-04
9.702599751451970178e-01 1.076084904986445096e-03
9.702488862717014717e-01 1.180881619680691687e-03
9.702367219048028124e-01 1.295869605234519677e-03
9.702233833996218859e-01 1.422036263537474182e-03
9.702087640934821122e-01 1.560463664572400580e-03
9.701927488664882082e-01 1.712337336666012750e-03
9.701752137278599752e-01 1.878955787565802366e-03
9.701560254436657482e-01 2.061740790518256598e-03
9.701350412253769706e-01 2.262248461929678659e-03
9.701121085031623181e-01 2.482181145691912498e-03
9.700870648129877871e-01 2.723400102617802663e-03
9.700597378330384490e-01 2.987938979995887704e-03
9.700299456109493512e-01 3.278018004252257131e-03
9.699974970322127188e-01 3.596058796241829048e-03
9.699621925874304385e-01 3.944699651226220814e-03
9.699238255055422364e-01 4.326811050031204725e-03
9.698821833289887895e-01 4.745511070131446657e-03
9.698370500152742046e-01 5.204180240410613383e-03
9.697882086569897808e-01 5.706475225454356488e-03
9.697354449170541013e-01 6.256340528749268319e-03
9.696785512772221338e-01 6.858017163164348458e-03
9.696173321930348088e-01 7.516046946964448881e-03
9.695516102352820242e-01 8.235270741702488753e-03
9.694812332737787752e-01 9.020818556087394774e-03
9.694060827206014697e-01 9.878089005330169953e-03
9.693260827936617252e-01 1.081271515642884089e-02
9.692412106846263198e-01 1.183051333842566506e-02
9.691515074156803466e-01 1.293741110392860119e-02
9.690570890471448262e-01 1.413935026921705335e-02
9.689581577549033486e-01 1.544216093837893870e-02
9.688550121393776360e-01 1.685140276528980866e-02
9.687480559681079795e-01 1.837217058542386927e-02
9.686378044096037865e-01 2.000886313192124649e-02
9.685248867123922301e-01 2.176491600175338437e-02
9.684100442500856998e-01 2.364250347570582417e-02
9.682941229265443761e-01 2.564221823242500767e-02
9.681780591471585984e-01 2.776274327392421956e-02
9.680628589375542825e-01 3.000053609818574898e-02
9.679495703341283175e-01 3.234955062615201687e-02
9.678392498573590297e-01 3.480102663975438021e-02
9.677329246450189215e-01 3.734337833853468985e-02
9.676315525677348095e-01 3.996221188468825070e-02
9.675359832421532857e-01 4.264049557184089456e-02
9.675292796830426978e-01 4.283707488338653335e-02
9.674469231609428288e-01 4.535889523448403265e-02
9.673649080633985875e-01 4.809627234857132699e-02
9.672902851272346947e-01 5.083032464651984078e-02
9.672232066104597958e-01 5.353833157358321021e-02
9.671636353438173295e-01 5.619795258315300746e-02
9.671614416880842668e-01 5.630135035042271863e-02
9.671113611705228763e-01 5.878801789563278118e-02
9.670660262768303594e-01 6.128925074224729486e-02
9.670291445279028952e-01 6.355551283200820689e-02
9.670271565472697839e-01 6.368486759798538954e-02
9.669941957273125999e-01 6.596101716895765021e-02
9.669665392955900662e-01 6.810703734098422224e-02
9.669663835948877351e-01 6.811987671918234843e-02
9.669435654556367554e-01 7.011552869836830404e-02
9.669316774173460916e-01 7.126227922906903933e-02
9.669246614086871583e-01 7.198226052666219232e-02
9.669104801534361693e-01 7.355935544684540084e-02
9.669092439008423190e-01 7.370593816880770255e-02
9.668967738071202467e-01 7.528786810436276233e-02
9.668965929407625781e-01 7.531239237334715064e-02
9.668870060910900177e-01 7.669447118937898489e-02
9.668867651246885186e-01 7.673155920350710479e-02
9.668801136767407600e-01 7.781220213493682258e-02
9.668787891543019208e-01 7.804229618344896147e-02
9.668749949371268082e-01 7.873487460084864498e-02
9.668724748557617765e-01 7.922671575585790715e-02
9.668710911375992811e-01 7.950948856623896166e-02
9.668680472667517956e-01 8.016905677568009203e-02
9.668675064032956623e-01 8.029240878771670697e-02
9.668656289966026662e-01 8.073745089034599365e-02
9.668636766126350590e-01 8.123236221192815798e-02
9.668636188890953331e-01 8.124756429602013330e-02
9.668620782292846050e-01 8.166718111086715415e-02
9.668607535861443170e-01 8.205222965326139373e-02
9.668605929763504081e-01 8.210066420600961590e-02
9.668596439040124668e-01 8.239559313537135610e-02
9.668587053426700439e-01 8.270369501149645031e-02
9.668582491284973823e-01 8.286023208517995231e-02
9.668579046697707291e-01 8.298170310937845462e-02
9.668572163263551289e-01 8.323382221567446337e-02
9.668566203971259432e-01 8.346350847177151644e-02
9.668564418687219941e-01 8.353463474816502643e-02
9.668561011802345728e-01 8.367362892352768478e-02
9.668556461624826515e-01 8.386658192781677734e-02
9.668552452737666503e-01 8.404438918154175098e-02
9.668550543711209588e-01 8.413193268937939340e-02
9.668548903371017023e-01 8.420876688222957152e-02
9.668545746577410505e-01 8.436118134078922359e-02
9.668542927126040354e-01 8.450289287095498481e-02
9.668540399129890162e-01 8.463499074112165732e-02
9.668539935608719826e-01 8.465977356630489947e-02
9.668538124214623997e-01 8.475842124251584120e-02
9.668536070092429435e-01 8.487401040528359808e-02
9.668534209441664862e-01 8.498248251658301056e-02
9.668532519019660265e-01 8.508447531882548653e-02
9.668531858069339124e-01 8.512532218015919638e-02
9.668530978954847921e-01 8.518055256235111672e-02
9.668529572177997355e-01 8.527121443470310480e-02
9.668528283962192216e-01 8.535690627410452702e-02
9.668527101548439751e-01 8.543802588769798534e-02
9.668526013839174871e-01 8.551492972843835472e-02
9.668525732246364690e-01 8.553522032359175964e-02
9.668525011145973069e-01 8.558793813306246612e-02
9.668524084980775202e-01 8.565733978354114764e-02
9.668523227882276361e-01 8.572339552308638755e-02
9.668522433270865246e-01 8.578634163309591110e-02
9.668521695326891541e-01 8.584639265783822193e-02
9.668521105624532375e-01 8.589557025248188704e-02
9.668521008888049106e-01 8.590374384806394314e-02
9.668520369362564315e-01 8.595857328220726790e-02
9.668519772655413957e-01 8.601104371374027058e-02
9.668519215105451092e-01 8.606130418505808510e-02
9.668518693431579214e-01 8.610949144161150759e-02
9.668518204686558093e-01 8.615573117454825014e-02
9.668517746217213382e-01 8.620013911564666786e-02
9.668517626220568539e-01 8.621193619847668244e-02
9.668517315630047460e-01 8.624282200462796144e-02
9.668516910761466576e-01 8.628387844587133426e-02
9.668516529651876024e-01 8.632339966900966222e-02
9.668516170523139275e-01 8.636147020575569988e-02
9.668515831758860424e-01 8.639816849353003370e-02
9.668515511887127989e-01 8.643356741496269202e-02
9.668515209565361479e-01 8.646773478107817879e-02
9.668515021485608596e-01 8.648935912516439450e-02
9.668514923566975394e-01 8.650073376490571841e-02
9.668514652769611972e-01 8.653262329134879527e-02
9.668514396144743950e-01 8.656345838837717355e-02
9.668514152748470813e-01 8.659329050394479199e-02
9.668513921713328685e-01 8.662216779247416953e-02
9.668513702241028351e-01 8.665013537426263790e-02
9.668513493595974895e-01 8.667723557075093788e-02
9.668513295099480098e-01 8.670350811823364368e-02
9.668513106124591028e-01 8.672899036228250147e-02
9.668513081245208030e-01 8.673238074189121294e-02
9.668512926091453741e-01 8.675371743488184684e-02
9.668512754463155501e-01 8.677772241604565784e-02
9.668512590741988877e-01 8.680103648147695361e-02
9.668512434466083327e-01 8.682368903765794177e-02
9.668512285206373180e-01 8.684570784560084744e-02
9.668512142563859824e-01 8.686711913435439525e-02
9.668512006167128137e-01 8.688794770524312094e-02
9.668511875670112721e-01 8.690821702770823443e-02
9.668511750750058420e-01 8.692794932753100667e-02
9.668511644035349129e-01 8.694507355986033637e-02
9.668511631105669579e-01 8.694716566813548431e-02
9.668511516455441379e-01 8.696588602559428283e-02
9.668511406536123287e-01 8.698412935790078571e-02
9.668511301101332389e-01 8.700191366901242895e-02
9.668511199920273302e-01 8.701925606811898584e-02
9.668511102776589095e-01 8.703617282454681470e-02
9.668511009467288808e-01 8.705267941866934311e-02
9.668510919801786008e-01 8.706879058915870107e-02
9.668510833600997278e-01 8.708452037688113601e-02
9.668510750696529543e-01 8.709988216571186437e-02
9.668510670929931772e-01 8.711488872051800780e-02
9.668510594151999982e-01 8.712955222253668253e-02
9.668510586247518468e-01 8.713107446807002998e-02
9.668510520222146631e-01 8.714388430235406324e-02
9.668510449007807761e-01 8.715789607067307709e-02
9.668510380383915637e-01 8.717159814704115994e-02
9.668510314232389158e-01 8.718500068669352010e-02
9.668510250441680887e-01 8.719811340565528091e-02
9.668510188906349612e-01 8.721094560423196806e-02
9.668510129526667329e-01 8.722350618900935604e-02
9.668510072208255091e-01 8.723580369346944918e-02
9.668510016861743273e-01 8.724784629732568186e-02
9.668509963402465157e-01 8.725964184466732110e-02
9.668509911750158281e-01 8.727119786099910015e-02
9.668509861828697982e-01 8.728252156925218885e-02
9.668509813565848710e-01 8.729361990484031664e-02
9.668509813565848710e-01 8.729361990484031664e-02
