# n_s, r predictions of a polynomial alpha attractor model with k=3 and N_\star=43.
9.627656500475268997e-01 1.454177789301164053e-04
9.627656500475351153e-01 1.454177789301518045e-04
9.627629582814366538e-01 1.568163576346721455e-04
9.627600227397619115e-01 1.691104532463605131e-04
9.627568228939452633e-01 1.823707636711258519e-04
9.627533365429713497e-01 1.966736251747674968e-04
9.627495396777773218e-01 2.121014714650976693e-04
9.627454063351292834e-01 2.287433316867605517e-04
9.627409084389234595e-01 2.466953708810027844e-04
9.627360156285270643e-01 2.660614768103161643e-04
9.627306950728105051e-01 2.869538974676407871e-04
9.627249112684599375e-01 3.094939340294424260e-04
9.627186258213762393e-01 3.338126945287618217e-04
9.627117972095073917e-01 3.600519140914268043e-04
9.627043805254743569e-01 3.883648482234039879e-04
9.626963271971374914e-01 4.189172463614387778e-04
9.626875846839740847e-01 4.518884137209230336e-04
9.626780961472024556e-01 4.874723704028883445e-04
9.626678000909349997e-01 5.258791177772081634e-04
9.626566299718090081e-01 5.673360233570906661e-04
9.626445137739846336e-01 6.120893367451806909e-04
9.626313735461798915e-01 6.604058507944168821e-04
9.626171248970508687e-01 7.125747239041910382e-04
9.626016764449072394e-01 7.689094814237875742e-04
9.625849292171585470e-01 8.297502164762821878e-04
9.625667759946798796e-01 8.954660132197998562e-04
9.625471005954931991e-01 9.664576186769479899e-04
9.625257770918744793e-01 1.043160392854946064e-03
9.625026689542390823e-01 1.126047571041926014e-03
9.624776281146485424e-01 1.215633876977182748e-03
9.624602391919057087e-01 1.277722271556145641e-03
9.624504939419368243e-01 1.312479531197033051e-03
9.624210921201664659e-01 1.417194705339440810e-03
9.623892334209688260e-01 1.530444480773618995e-03
9.623547123601119413e-01 1.652954378717770784e-03
9.623173057278279208e-01 1.785516539285219792e-03
9.622767709821368198e-01 1.928996638887461043e-03
9.622328444941096182e-01 2.084341649399896242e-03
9.621852396342078784e-01 2.252588558820510078e-03
9.621336446893522520e-01 2.434874192168074922e-03
9.620777206016888350e-01 2.632446293526402928e-03
9.620591158227291828e-01 2.698183126185888393e-03
9.620170985220720672e-01 2.846676055894436889e-03
9.619513771750380915e-01 3.079072315317844723e-03
9.618801200363901183e-01 3.331297660321454624e-03
9.618028523324924084e-01 3.605186747179278325e-03
9.617190578794513334e-01 3.902767156882299381e-03
9.616281757937048535e-01 4.226283180898245118e-03
9.616005883982916558e-01 4.324661130470318186e-03
9.615295971222354021e-01 4.578222980362998094e-03
9.614226614617557010e-01 4.961349627165315655e-03
9.613066536619310209e-01 5.378736605127313990e-03
9.611808007377006247e-01 5.833808424461740284e-03
9.610971882643181141e-01 6.137542617299726264e-03
9.610442691496261514e-01 6.330387081530214691e-03
9.608961626464096462e-01 6.872745177024821434e-03
9.607355208982629735e-01 7.465666586527957421e-03
9.605613191789829086e-01 8.114515655326691446e-03
9.605566984128055541e-01 8.131813707160994581e-03
9.603724693741595431e-01 8.825315960936367179e-03
9.601678225987224646e-01 9.604839747834806665e-03
9.599855112695966364e-01 1.030790009890784724e-02
9.599461736972916270e-01 1.046070918333426129e-02
9.597062678788310652e-01 1.140151060107752815e-02
9.594468097134172258e-01 1.243692287098700951e-02
9.593894783220300315e-01 1.266833715208122262e-02
9.591664747123630486e-01 1.357786092906375884e-02
9.588639237489628986e-01 1.483663526254826517e-02
9.587740604117294119e-01 1.521623529747953389e-02
9.585378206811552282e-01 1.622712769066802715e-02
9.581868537265607610e-01 1.776498298535315878e-02
9.581442943451347061e-01 1.795449650947810588e-02
9.578097614122610404e-01 1.946781457390698439e-02
9.575047597329582327e-01 2.088538216657638211e-02
9.574053642476029191e-01 2.135542054615079469e-02
9.569726035943336706e-01 2.345000319647095807e-02
9.568595904956034293e-01 2.401024377585046429e-02
9.565105894601498848e-01 2.577638107007591828e-02
9.562125192940077456e-01 2.732932723486869442e-02
9.560186590351296143e-01 2.836217662368435352e-02
9.555669321956017370e-01 3.084161409617420038e-02
9.554964476380074512e-01 3.123795481690697096e-02
9.549439732479387821e-01 3.443727793687993005e-02
9.549259176734522514e-01 3.454468933450221407e-02
9.543617348655752952e-01 3.799662960763674352e-02
9.542923030642974647e-01 3.843463601202971175e-02
9.537508234573865984e-01 4.195514650442637439e-02
9.536686776746581273e-01 4.250596069627788492e-02
9.531130420660829383e-01 4.635408073131936507e-02
9.530574046517686915e-01 4.675155377519686628e-02
9.524606246796293307e-01 5.116268788295452036e-02
9.524510287182472723e-01 5.123590121682337212e-02
9.518802545268104653e-01 5.572905625922935924e-02
9.517683720182574802e-01 5.664293259834264627e-02
9.513179830535793968e-01 6.043885129083732821e-02
9.510697049632508282e-01 6.261543084519276270e-02
9.507752667664659540e-01 6.527888184419372575e-02
9.503607580493426132e-01 6.918901462198571994e-02
9.502533265013030084e-01 7.023472637967709264e-02
9.497531463579300670e-01 7.529091733406369225e-02
9.496483491155554013e-01 7.639142020877533190e-02
9.492754756073448208e-01 8.043115095896348488e-02
9.489402860576122700e-01 8.423863547882604053e-02
9.488208339440604711e-01 8.563851579646132584e-02
9.483895201605863079e-01 9.089573232510597678e-02
9.482451614100863013e-01 9.273060037804813083e-02
9.479816240774535663e-01 9.618539605728546049e-02
9.475970413705161466e-01 1.014902165213676932e-01
9.475720267023848287e-01 1.018468322060799153e-01
9.472354907983303596e-01 1.067932450903377462e-01
9.469299504962757075e-01 1.115425204993501923e-01
9.468965332437981886e-01 1.120780854712473962e-01
9.465795919431898575e-01 1.173290817695005067e-01
9.463274862946653432e-01 1.217457926517445943e-01
9.462839732764829481e-01 1.225314803012673565e-01
9.460088875287928634e-01 1.276715626543617199e-01
9.457721014539275384e-01 1.323569126284652453e-01
9.457534690954302325e-01 1.327367488063074252e-01
9.455167956844069410e-01 1.377156703236437074e-01
9.452979061618689283e-01 1.425982147310640991e-01
9.452696393167200339e-01 1.432500736731829039e-01
9.450958167806576826e-01 1.473755430139742084e-01
9.449095356239033405e-01 1.520400828837026042e-01
9.448238960111193796e-01 1.542781414286052422e-01
9.447380751795783072e-01 1.565855008882982846e-01
9.445804630351184450e-01 1.610066567051649522e-01
9.444363842831937639e-01 1.652802166618056734e-01
9.444357507417582287e-01 1.652995430268028865e-01
9.443030209455335333e-01 1.694612143763906953e-01
9.441813929163451746e-01 1.734897079978014456e-01
9.441063280131020141e-01 1.760913153984344226e-01
9.440700266290953380e-01 1.773839596870514235e-01
9.439681255632219603e-01 1.811437170992177548e-01
9.438749383906768209e-01 1.847694527030810108e-01
9.438308886038719869e-01 1.865529681638642134e-01
9.437897597193195542e-01 1.882622781871846340e-01
9.437119300505298902e-01 1.916238617630232344e-01
9.436408350981210225e-01 1.948563494763368709e-01
9.436055801490321748e-01 1.965232834398890072e-01
9.435759046017001550e-01 1.979622913345160939e-01
9.435166107525609913e-01 2.009445727917848479e-01
9.434624663348604168e-01 2.038063519061266149e-01
9.434247975506896422e-01 2.058851004159160669e-01
9.434130226699141142e-01 2.065510022924021416e-01
9.433678674373281448e-01 2.091820618430840772e-01
9.433266224337520933e-01 2.117031870681717332e-01
9.432889413183844773e-01 2.141181128157123859e-01
9.432823696623556797e-01 2.145512542562612868e-01
9.432545073841014371e-01 2.164306170698612752e-01
9.432230313841823977e-01 2.186444904806470468e-01
9.431942494370226804e-01 2.207635102547606809e-01
9.431720592397668801e-01 2.224665654274534388e-01
9.431679210248539169e-01 2.227914180262799693e-01
9.431438270972297699e-01 2.247319013271477928e-01
9.431217682857491180e-01 2.265885782867325671e-01
9.431015632330593812e-01 2.283649852055964491e-01
9.430879566548638904e-01 2.296067630964066242e-01
9.430830470364880425e-01 2.300645666687500812e-01
9.430660698045811863e-01 2.316906678866134939e-01
9.430504953232770049e-01 2.332465289763800964e-01
9.430361998273253388e-01 2.347352809214833802e-01
9.430247448899117257e-01 2.359750045493792525e-01
9.430230708717928234e-01 2.361599429716995935e-01
9.430110062980086028e-01 2.375234212704759318e-01
9.429999132880420021e-01 2.388285085190111900e-01
9.429897075017152908e-01 2.400778845081407709e-01
9.429803122901725398e-01 2.412741173691713981e-01
9.429778400862411925e-01 2.415968773735310826e-01
9.429716579802631671e-01 2.424196654127398209e-01
9.429636812239968746e-01 2.435168794425132954e-01
9.429563244078925655e-01 2.445680054441981277e-01
9.429495351170626982e-01 2.455751875652535388e-01
9.429434295545870981e-01 2.465147737073452583e-01
9.429432656493427212e-01 2.465404713120491476e-01
9.429374725750414576e-01 2.474658069022131479e-01
9.429321163382231585e-01 2.483530527193733572e-01
9.429271608957309203e-01 2.492039788258489375e-01
9.429225733904773588e-01 2.500202704961451694e-01
9.429184367109129106e-01 2.507823702514910269e-01
9.429183238558022095e-01 2.508035317404736508e-01
9.429143849479828532e-01 2.515552887930315173e-01
9.429107317042231262e-01 2.522769935445544065e-01
9.429073413236994661e-01 2.529700269027432835e-01
9.429041929694521595e-01 2.536357020676971441e-01
9.429012675891178530e-01 2.542752677124691107e-01
9.429004419771429557e-01 2.544597176607218958e-01
9.428985477526892200e-01 2.548899110614095687e-01
9.428960175056508852e-01 2.554807608611137648e-01
9.428936622360091224e-01 2.560488902405869682e-01
9.428914685538637430e-01 2.565953194587540787e-01
9.428894241823111422e-01 2.571210185386816338e-01
9.428875835470086342e-01 2.576092100858863310e-01
9.428875178585766070e-01 2.576269097889107296e-01
9.428857392443881213e-01 2.581138702131325346e-01
9.428840788446971599e-01 2.585827338101058803e-01
9.428825279339390075e-01 2.590342937662567513e-01
9.428810784891074048e-01 2.594693045438036805e-01
9.428797231289880454e-01 2.598884838675739606e-01
9.428784550589571767e-01 2.602925146139047907e-01
9.428784550589572877e-01 2.602925146139045687e-01
