# n_s, r predictions of a polynomial alpha attractor model with k=1 and N_\star=55.
9.757493060037202293e-01 8.838490901751691175e-05
9.757493060037222277e-01 8.838490901751693885e-05
9.757484323494380885e-01 9.700123233207866703e-05
9.757474688935857676e-01 1.064574382767521173e-04
9.757464066001063641e-01 1.168353778976480040e-04
9.757452355423279489e-01 1.282248757139460170e-04
9.757439448175959651e-01 1.407245057566922531e-04
9.757425224540755559e-01 1.544424429820824628e-04
9.757409553091056509e-01 1.694973973440426311e-04
9.757392289586472867e-01 1.860196385005490863e-04
9.757373275763701059e-01 2.041521198954894848e-04
9.757352338029745553e-01 2.240517117631227650e-04
9.757329286035413274e-01 2.458905535271337615e-04
9.757303911130775775e-01 2.698575370204255529e-04
9.757275984690936266e-01 2.961599330253091890e-04
9.757245256304758474e-01 3.250251747762228447e-04
9.757211451818879056e-01 3.567028133085516648e-04
9.757174271228064022e-01 3.914666608746698580e-04
9.757133386409847509e-01 4.296171400666159968e-04
9.757088438688970022e-01 4.714838578380722497e-04
9.757039036236239138e-01 5.174284252010656615e-04
9.756984751293141800e-01 5.678475451050417388e-04
9.756925117224253263e-01 6.231763927596487224e-04
9.756859625399786351e-01 6.838923144869114108e-04
9.756787721916586609e-01 7.505188730145711563e-04
9.756708804169896831e-01 8.236302689209930045e-04
9.756622217294712573e-01 9.038561696388535023e-04
9.756527250506084048e-01 9.918869789143315227e-04
9.756423133377221113e-01 1.088479580795806033e-03
9.756309032106685875e-01 1.194463592909715674e-03
9.756184045843175889e-01 1.310748163733157709e-03
9.756047203155165937e-01 1.438329347506065716e-03
9.755897458756331853e-01 1.578298087933479839e-03
9.755733690625145726e-01 1.731848837398843217e-03
9.755554697691963817e-01 1.900288831346062498e-03
9.755359198301709611e-01 2.085048026999878831e-03
9.755145829711322492e-01 2.287689700434927809e-03
9.754913148927244482e-01 2.509921674974516410e-03
9.754659635249869343e-01 2.753608125065076188e-03
9.754383694955194306e-01 3.020781861097521139e-03
9.754083668613502400e-01 3.313656949432702923e-03
9.753757841617169966e-01 3.634641454994372561e-03
9.753404458562036083e-01 3.986350007477690825e-03
9.753021742191650967e-01 4.371615782300017870e-03
9.752607917667472925e-01 4.793501349174844779e-03
9.752161242956118858e-01 5.255307669901208151e-03
9.751680046116851797e-01 5.760580318073644200e-03
9.751162770209853559e-01 6.313111743503008882e-03
9.750608026408453810e-01 6.916938111908705472e-03
9.750014655662642138e-01 7.576328918450315163e-03
9.749381798901224361e-01 8.295767210536542091e-03
9.748708975250891529e-01 9.079917878743067744e-03
9.747996167070474005e-01 9.933581114882983690e-03
9.747243909735934242e-01 1.086162784027297490e-02
9.746453383068863774e-01 1.186891374270731755e-02
9.745626500107058554e-01 1.296016861892466780e-02
9.744765987631701654e-01 1.413985811592031148e-02
9.743875451599924853e-01 1.541201583445068503e-02
9.742959419541977750e-01 1.678004524444563425e-02
9.742023351285948873e-01 1.824649309235131661e-02
9.741073609329600202e-01 1.981279903143612006e-02
9.740117381073321035e-01 2.147903005447742569e-02
9.739162547218039867e-01 2.324361277376423354e-02
9.738217494080927406e-01 2.510308128485838272e-02
9.737290872372049710e-01 2.705186263529868115e-02
9.736391310822983813e-01 2.908212494120940642e-02
9.735527099359987391e-01 3.118371396688308927e-02
9.734705862359581685e-01 3.334420156894365300e-02
9.734648003325593324e-01 3.350323346454518736e-02
9.733934246806288382e-01 3.554906317923414022e-02
9.733217651801701065e-01 3.778199141845687420e-02
9.732560024062355541e-01 4.002533975938835781e-02
9.731963738582588563e-01 4.226067551066414740e-02
9.731429575066253834e-01 4.446940754531722440e-02
9.731409814673687153e-01 4.455554834548590415e-02
9.730956790320818284e-01 4.663344364348435273e-02
9.730543276303456057e-01 4.873582717118280644e-02
9.730204140843562444e-01 5.065163454300972840e-02
9.730185784734450838e-01 5.076130424356533472e-02
9.729880193578409608e-01 5.269678039568001515e-02
9.729621788947264704e-01 5.453163869189511792e-02
9.729620328492614156e-01 5.454264613578899135e-02
9.729405537964380679e-01 5.625790680943356520e-02
9.729292987735025378e-01 5.724748537789606934e-02
9.729226332993851090e-01 5.787027626870999003e-02
9.729091028734111468e-01 5.923853320651666088e-02
9.729079194117449259e-01 5.936599029207587086e-02
9.728959423514691451e-01 6.074462616010973398e-02
9.728957680737588820e-01 6.076604385805011582e-02
9.728865046675158057e-01 6.197529173278075454e-02
9.728862711389839601e-01 6.200780277369347115e-02
9.728798100501928614e-01 6.295649342828107953e-02
9.728785197629127302e-01 6.315884468348893777e-02
9.728748161434309649e-01 6.376866977800743630e-02
9.728723496217775990e-01 6.420243101091251126e-02
9.728709928647738536e-01 6.445207188449070257e-02
9.728680016178056222e-01 6.503509982334949868e-02
9.728674690714412820e-01 6.514425264696933893e-02
9.728656178892618467e-01 6.553836852839525773e-02
9.728636880456840164e-01 6.597720605046532294e-02
9.728636309090948897e-01 6.599069506976838750e-02
9.728621040840249590e-01 6.636324722182235236e-02
9.728607882867356116e-01 6.670548332892499432e-02
9.728606285407433996e-01 6.674855805423710042e-02
9.728596835767490125e-01 6.701097287638645150e-02
9.728587472746916820e-01 6.728533463920782776e-02
9.728582914492139855e-01 6.742481814313723565e-02
9.728579469526740242e-01 6.753309705490130599e-02
9.728572576168847963e-01 6.775795054482000590e-02
9.728566597536678628e-01 6.796293284556724490e-02
9.728564804350023909e-01 6.802643538348571162e-02
9.728561379493739780e-01 6.815056722660629840e-02
9.728556798992183952e-01 6.832296700271006662e-02
9.728552756847170802e-01 6.848191555797525365e-02
9.728550829642972353e-01 6.856020262676222610e-02
9.728549172396452338e-01 6.862892832542009935e-02
9.728545979503424590e-01 6.876530129805426272e-02
9.728543123530890568e-01 6.889214936725987504e-02
9.728540559025254941e-01 6.901043689357161393e-02
9.728540088397003016e-01 6.903263358386994841e-02
9.728538247926785676e-01 6.912100228621559372e-02
9.728536158173711756e-01 6.922457791812332284e-02
9.728534262604181526e-01 6.932180637762412612e-02
9.728532538085609138e-01 6.941325381969656871e-02
9.728531863146024916e-01 6.944988465080405293e-02
9.728530964819183113e-01 6.949942100331814310e-02
9.728529525780392762e-01 6.958075246968736804e-02
9.728528206266011669e-01 6.965764421672149265e-02
9.728526993525029587e-01 6.973045014964246446e-02
9.728525876456199928e-01 6.979948752949254043e-02
9.728525587020570020e-01 6.981770506956215538e-02
9.728524845358834661e-01 6.986504159662505764e-02
9.728523891726387207e-01 6.992736951134012613e-02
9.728523008074638767e-01 6.998670372651072391e-02
9.728522187798024357e-01 7.004325488548368561e-02
9.728521425048947124e-01 7.009721432143256603e-02
9.728520814805893258e-01 7.014141005235718929e-02
9.728520714635968680e-01 7.014875622068143801e-02
9.728520051937602497e-01 7.019803950155521777e-02
9.728519432829000335e-01 7.024520945146535411e-02
9.728518853619413376e-01 7.029039915776585934e-02
9.728518310998629515e-01 7.033373076206710095e-02
9.728517801990961278e-01 7.037531656290889337e-02
9.728517323915583104e-01 7.041525998776025641e-02
9.728517198686914558e-01 7.042587189246757307e-02
9.728516874352239885e-01 7.045365645206320970e-02
9.728516451111526298e-01 7.049059412034382188e-02
9.728516052209015275e-01 7.052615458217467714e-02
9.728515675842730470e-01 7.056041345389867103e-02
9.728515320373430919e-01 7.059344091545594058e-02
9.728514984307340407e-01 7.062530219033577583e-02
9.728514666280978496e-01 7.065605797556237522e-02
9.728514468225182288e-01 7.067552466540309719e-02
9.728514365047788992e-01 7.068576482767885416e-02
9.728514079466359377e-01 7.071447550989572173e-02
9.728513808489981374e-01 7.074223930488744705e-02
9.728513551157407235e-01 7.076910229713836986e-02
9.728513306584644083e-01 7.079510762824120507e-02
9.728513073957639756e-01 7.082029572812403861e-02
9.728512852525772470e-01 7.084470452481264613e-02
9.728512641596031019e-01 7.086836963501691455e-02
9.728512440527811167e-01 7.089132453755705998e-02
9.728512414036930567e-01 7.089437878099284773e-02
9.728512248728241607e-01 7.091360073140430542e-02
9.728512065647998419e-01 7.093522787990635958e-02
9.728511890777540305e-01 7.095623394258575301e-02
9.728511723643706866e-01 7.097664529574289338e-02
9.728511563806663265e-01 7.099648684295815915e-02
9.728511410857128006e-01 7.101578211646536465e-02
9.728511264413880477e-01 7.103455337026594318e-02
9.728511124121487219e-01 7.105282166575736802e-02
9.728510989648240237e-01 7.107060695056895139e-02
9.728510874629378025e-01 7.108604230628669252e-02
9.728510860684301820e-01 7.108792813122538634e-02
9.728510736939994796e-01 7.110480314019507198e-02
9.728510618144259325e-01 7.112124899782221177e-02
9.728510504043241802e-01 7.113728186959293598e-02
9.728510394399004779e-01 7.115291711914070727e-02
9.728510288988350130e-01 7.116816935735577332e-02
9.728510187601746573e-01 7.118305248792895779e-02
9.728510090042331582e-01 7.119757974962853675e-02
9.728509996125022097e-01 7.121176375557974891e-02
9.728509905675671865e-01 7.122561652979246538e-02
9.728509818530308717e-01 7.123914954115931342e-02
9.728509734534444009e-01 7.125237373512582906e-02
9.728509725880214454e-01 7.125374659454611348e-02
9.728509653542412039e-01 7.126529956321725479e-02
9.728509575416783850e-01 7.127793701058862674e-02
9.728509500027813228e-01 7.129029562175123735e-02
9.728509427252934882e-01 7.130238452461479248e-02
9.728509356976288158e-01 7.131421245297221712e-02
9.728509289088289602e-01 7.132578776754376626e-02
9.728509223485228841e-01 7.133711847568716125e-02
9.728509160068898876e-01 7.134821224987099308e-02
9.728509098746250805e-01 7.135907644500112668e-02
9.728509039429069638e-01 7.136971811468269256e-02
9.728508982033686747e-01 7.138014402649257850e-02
9.728508926480693431e-01 7.139036067633240668e-02
9.728508872694694443e-01 7.140037430192577861e-02
9.728508872694694443e-01 7.140037430192570922e-02
