# n_s, r predictions of a polynomial alpha attractor model with k=2 and N_\star=62.
9.682760787037826278e-01 9.449982239633511472e-02
9.682895936583294505e-01 9.374521164418499197e-02
9.682936965676941510e-01 9.352012683763538670e-02
9.683038893530975244e-01 9.296864282442952876e-02
9.683190162945028989e-01 9.216944981522291747e-02
9.683350284714551393e-01 9.134695414022091231e-02
9.683519835955987087e-01 9.050046595704250296e-02
9.683588818356076988e-01 9.016285557279191121e-02
9.683699433561453462e-01 8.962928523704602468e-02
9.683889736897639544e-01 8.873270315703390976e-02
9.684091450658569578e-01 8.781000372520962605e-02
9.684305327874641600e-01 8.686046566508297262e-02
9.684352506296100005e-01 8.665478403531670648e-02
9.684532173078977957e-01 8.588336458250396543e-02
9.684772845630318372e-01 8.487797544237317415e-02
9.685028263189675579e-01 8.384357538283235267e-02
9.685237593003607204e-01 8.301909798631004755e-02
9.685299405345365598e-01 8.277944689582439342e-02
9.685587317378000494e-01 8.168488140375623763e-02
9.685893114153428796e-01 8.055918326253651285e-02
9.686217984127356573e-01 7.940167422139436659e-02
9.686252030368202037e-01 7.928253362105780466e-02
9.686563193440456132e-01 7.821169836951100129e-02
9.686930090076757427e-01 7.698862759861629934e-02
9.687320108052308587e-01 7.573186760872557821e-02
9.687401614954415097e-01 7.547454745600150339e-02
9.687734771592387828e-01 7.444086448199158101e-02
9.688175699248157136e-01 7.311511184563546095e-02
9.688644607893500682e-01 7.175415864029607849e-02
9.688689518251449861e-01 7.162630937252791041e-02
9.689143316532394801e-01 7.035761750384404711e-02
9.689673749835467920e-01 6.892517377293912173e-02
9.690115938723826705e-01 6.776959323212410069e-02
9.690237941311681258e-01 6.745659509509518981e-02
9.690838036007304312e-01 6.595174163259752420e-02
9.691476292609779719e-01 6.441057682613315905e-02
9.691677913193460503e-01 6.393565093465902738e-02
9.692155084818636634e-01 6.283317867034059201e-02
9.692876901829743375e-01 6.121975143555753729e-02
9.693369308847927801e-01 6.015415583946401995e-02
9.693644347763028524e-01 5.957063774985147525e-02
9.694460139847748126e-01 5.788633093299178078e-02
9.695180997685255431e-01 5.645229035851912630e-02
9.695327105163906722e-01 5.616748744954349476e-02
9.696248175723953810e-01 5.441493932199248373e-02
9.697101195836022036e-01 5.285403268481485978e-02
9.697226381665970951e-01 5.262970631718517228e-02
9.698264842318782275e-01 5.081300769095210834e-02
9.699115934155799756e-01 4.937967293116173745e-02
9.699366754891145526e-01 4.896627324735784714e-02
9.700535380531887242e-01 4.709115344152089988e-02
9.701209616063342089e-01 4.604556376269670209e-02
9.701774027505363218e-01 4.518952822954733217e-02
9.703086031227148300e-01 4.326351434702459253e-02
9.703365614792598404e-01 4.286408868672023781e-02
9.704474730905414681e-01 4.131547068057223049e-02
9.705566864654558978e-01 3.984381503963557031e-02
9.705943442534821219e-01 3.934800138603429531e-02
9.707495427983636738e-01 3.736395640452223887e-02
9.707796408162370216e-01 3.698978940210342903e-02
9.709133859897536301e-01 3.536642903443713154e-02
9.710037871013810218e-01 3.430393035579851202e-02
9.710861782102219175e-01 3.335875023552921370e-02
9.712275847983857791e-01 3.178547591182811355e-02
9.712682065104207840e-01 3.134447937077027013e-02
9.714496193130465196e-01 2.943144890061944949e-02
9.714597356140629580e-01 2.932739113300956643e-02
9.716610022970383342e-01 2.731145845554645846e-02
9.716686216279041277e-01 2.723711141390264615e-02
9.718722090175634376e-01 2.530083126486159031e-02
9.718834794007682465e-01 2.519638760663480206e-02
9.720932407257217855e-01 2.330224178507035379e-02
9.720935166060226118e-01 2.329981099431004121e-02
9.722971119510384064e-01 2.154700513056662103e-02
9.723250357161705715e-01 2.131282082806111935e-02
9.724944509665354175e-01 1.992264939369587165e-02
9.725668165749338234e-01 1.934437166607221384e-02
9.726847572759048655e-01 1.842100945024822620e-02
9.728188363214095302e-01 1.739902376144149276e-02
9.728676600028025589e-01 1.703395890497255358e-02
9.730429047800893683e-01 1.575354419862166899e-02
9.730809828675388573e-01 1.548134382883477843e-02
9.732103402672898085e-01 1.457208317215206474e-02
9.733530337192797255e-01 1.359585707364096598e-02
9.733699048505282114e-01 1.348223400127306938e-02
9.735216139128349822e-01 1.247704002909760107e-02
9.736346275720987320e-01 1.174699292566249928e-02
9.736655479255562629e-01 1.154995544535432003e-02
9.738018415043914189e-01 1.069485609707373532e-02
9.739252258180445265e-01 9.939022130124815918e-03
9.739306734940378352e-01 9.906039042617378540e-03
9.740522580896749938e-01 9.178213825242410168e-03
9.741668369671271366e-01 8.506487870113226338e-03
9.742240605450135371e-01 8.175981158604071417e-03
9.742746723712795154e-01 7.886347911588586015e-03
9.743760411008219879e-01 7.313638936954922412e-03
9.744712293218640298e-01 6.784541785038878357e-03
9.745300651071330256e-01 6.461577840922935918e-03
9.745605281419672528e-01 6.295550255187043823e-03
9.746442298766369028e-01 5.843448355789267190e-03
9.747226249422094035e-01 5.425288142449097989e-03
9.747959993110948407e-01 5.038368456147575107e-03
9.748417802181382763e-01 4.799070555705057389e-03
9.748646324676998320e-01 4.680214763769093358e-03
9.749287958059577042e-01 4.348560221006245868e-03
9.749887514122723697e-01 4.041328015721030661e-03
9.750447511812010415e-01 3.756615003997200181e-03
9.750970362144257830e-01 3.492676618153373221e-03
9.751458364584129068e-01 3.247913002620848692e-03
9.751572034394199173e-01 3.191113564107086759e-03
9.751913705396018095e-01 3.020856318320110003e-03
9.752338457609598388e-01 2.810159146430397763e-03
9.752734582278621556e-01 2.614583917369588464e-03
9.753103930754798423e-01 2.432993288961550916e-03
9.753448247739218147e-01 2.264341398323250695e-03
9.753769174911326445e-01 2.107665914247274994e-03
9.754068254964551876e-01 1.962080820302702228e-03
9.754346935913679184e-01 1.826769862882549923e-03
9.754606575559249260e-01 1.700980603000756472e-03
9.754733542929069356e-01 1.639557876439696029e-03
9.754848446019457331e-01 1.584019015246188305e-03
9.755073738258102090e-01 1.475244581949775166e-03
9.755283566553251129e-01 1.374065835123667754e-03
9.755478972864520815e-01 1.279936303024636597e-03
9.755660931067761110e-01 1.192350822232099254e-03
9.755830351034981973e-01 1.110842179880270958e-03
9.755988082544363449e-01 1.034978054141966284e-03
9.756134919011830720e-01 9.643582242187433021e-04
9.756271601036629049e-01 8.986120239900790424e-04
9.756398819765209618e-01 8.373960160319514996e-04
9.756517220068192664e-01 7.803918651413500147e-04
9.756627403539211985e-01 7.273043925496629290e-04
9.756729931318002258e-01 6.778597939595314235e-04
9.756825326745172111e-01 6.318040062212711356e-04
9.756914077853718892e-01 5.889012090108671719e-04
9.756996639707837815e-01 5.489324492171203385e-04
9.757073436592236249e-01 5.116943769997096998e-04
9.757144864064051237e-01 4.769980835421382299e-04
9.757211290871447007e-01 4.446680315290722188e-04
9.757273060748625770e-01 4.145410702348982339e-04
9.757330494093157114e-01 3.864655279032434246e-04
9.757383889533695065e-01 3.603003747930210842e-04
9.757433525394609841e-01 3.359144508957925281e-04
9.757479661060913800e-01 3.131857528995310273e-04
9.757522538257176192e-01 2.920007754530719768e-04
9.757562382239277632e-01 2.722539022746331243e-04
9.757599402902973340e-01 2.538468430346924650e-04
9.757633795824403045e-01 2.366881122953803593e-04
9.757665743226132671e-01 2.206925471545436313e-04
9.757695414882282536e-01 2.057808605025465763e-04
9.757722968958968401e-01 1.918792270994455556e-04
9.757748552801127628e-01 1.789188998954359974e-04
9.757772303665119829e-01 1.668358542544160904e-04
9.757794349402922895e-01 1.555704579318952603e-04
9.757814809098684927e-01 1.450671648393669000e-04
9.757814809098710462e-01 1.450671648394021636e-04
