# n_s, r predictions of a polynomial alpha attractor model with k=2 and N_\star=51.
9.705635971682501362e-01 1.555123637758437421e-04
9.705635971682480267e-01 1.555123637758620923e-04
9.705614362870095269e-01 1.671454725853730426e-04
9.705590991544693624e-01 1.796504055443978981e-04
9.705565719604092312e-01 1.930927552264234865e-04
9.705538398386532872e-01 2.075430892339417976e-04
9.705508867873550161e-01 2.230773337874273233e-04
9.705476955835565800e-01 2.397771878477845736e-04
9.705442476913338501e-01 2.577305703500847207e-04
9.705405231630922502e-01 2.770321033604251719e-04
9.705365005334993800e-01 2.977836342341910227e-04
9.705321567055518184e-01 3.200948001408299918e-04
9.705274668281541617e-01 3.440836386460820553e-04
9.705224041645553745e-01 3.698772483972225054e-04
9.705169399510711337e-01 3.976125043539935062e-04
9.705110432453252223e-01 4.274368324464926025e-04
9.705046807632567996e-01 4.595090490325524132e-04
9.704978167041197201e-01 4.940002710724361720e-04
9.704904125625222200e-01 5.310949035454041534e-04
9.704824269267746661e-01 5.709917113102966563e-04
9.704738152623488823e-01 6.139049833754228356e-04
9.704645296797296261e-01 6.600657983813698485e-04
9.704545186853270611e-01 7.097234010609701277e-04
9.704437269144601252e-01 7.631467004964605618e-04
9.704320948455025242e-01 8.206259021780332999e-04
9.704195584934227625e-01 8.824742872351510909e-04
9.704060490822106200e-01 9.490301536670263816e-04
9.703914926946339836e-01 1.020658936119032360e-03
9.703758098980479474e-01 1.097755522635816957e-03
9.703589153456354532e-01 1.180746788913803304e-03
9.703407173514196904e-01 1.270094373009007837e-03
9.703211174387366134e-01 1.366297716064497235e-03
9.703000098611233026e-01 1.469897397655866743e-03
9.702772810954194416e-01 1.581478797663489174e-03
9.702528093070293957e-01 1.701676120313641918e-03
9.702264637878937892e-01 1.831176820171957157e-03
9.701981043683640671e-01 1.970726474459231787e-03
9.701675808050617134e-01 2.121134151125087918e-03
9.701595053993564699e-01 2.160966901561719652e-03
9.701347321478905883e-01 2.283278327666767114e-03
9.700993860907918265e-01 2.458113421722836825e-03
9.700613583125053951e-01 2.646677000994428122e-03
9.700204518157942157e-01 2.850097746982097925e-03
9.699764562760995190e-01 3.069604254314643212e-03
9.699291474138157509e-01 3.306534754898110464e-03
9.698782864079557031e-01 3.562347863561836619e-03
9.698236193735105815e-01 3.838634448923747191e-03
9.697648769297647631e-01 4.137130739465351946e-03
9.697428993835013333e-01 4.249253299885220533e-03
9.697017738926970720e-01 4.459732779601156306e-03
9.696340091311097531e-01 4.808512353055424335e-03
9.695612656332823764e-01 5.185734489999161909e-03
9.694832108387129166e-01 5.593876668713086003e-03
9.693994972975353841e-01 6.035649810215813413e-03
9.693274700211503836e-01 6.419223748482258754e-03
9.693097637284359136e-01 6.514021142979362772e-03
9.692136365538612797e-01 7.032238981646706313e-03
9.691107319987819491e-01 7.593859414927300530e-03
9.690006588458240921e-01 8.202774829072827234e-03
9.689176518879396571e-01 8.667749692205559131e-03
9.688830219449384717e-01 8.863244098988478162e-03
9.687574265796726758e-01 9.579924152308405549e-03
9.686234837943753506e-01 1.035790244440786337e-02
9.685164081011929937e-01 1.099036893982479821e-02
9.684808167871790108e-01 1.120272966441898665e-02
9.683290684721136410e-01 1.212045171219089564e-02
9.681679103097362571e-01 1.311763963046391757e-02
9.681258863564526918e-01 1.338161933465694536e-02
9.679970524976366786e-01 1.420141573109079923e-02
9.678162555987267490e-01 1.537947360412102518e-02
9.677476403573377350e-01 1.583530384871385463e-02
9.676253436611066405e-01 1.666008903269278543e-02
9.674242188450856705e-01 1.805211804737694853e-02
9.673827675576956997e-01 1.834470282387731105e-02
9.672128775122158517e-01 1.956497744593489740e-02
9.670320119674432613e-01 2.090274371582794694e-02
9.669914276409419251e-01 2.120860209977935493e-02
9.667601073051396154e-01 2.299337231597720424e-02
9.666958422106141091e-01 2.350213959129491756e-02
9.665193037789062691e-01 2.493000351041828669e-02
9.663745102743178661e-01 2.613550547411413669e-02
9.662695726089927106e-01 2.702938961307935553e-02
9.660680957231069232e-01 2.879545853912227407e-02
9.660116557285073347e-01 2.930239117117641734e-02
9.657765394117595603e-01 3.147470558738501428e-02
9.657464973807620146e-01 3.175955931727370701e-02
9.654996697850203313e-01 3.416611954988568733e-02
9.654752563038851987e-01 3.441078797420013546e-02
9.652372239666355824e-01 3.686280582100819742e-02
9.651993123309622336e-01 3.726488928311609550e-02
9.649888651365656767e-01 3.955815878108252109e-02
9.649202653405442032e-01 4.032909168428248231e-02
9.647541971869043609e-01 4.224590872921820534e-02
9.646399244173307075e-01 4.360846670613368475e-02
9.645327773002426719e-01 4.492015947529944681e-02
9.643602852326437214e-01 4.710529949318752879e-02
9.643241268668327759e-01 4.757541694549942413e-02
9.641277410124919900e-01 5.020660928595277461e-02
9.640834941086221521e-01 5.081842924334051270e-02
9.639430969201985278e-01 5.280909907379155444e-02
9.638117980497107329e-01 5.474259831671096643e-02
9.637696610752852777e-01 5.537868834730295953e-02
9.636068955337535602e-01 5.791161724013030310e-02
9.635474812270826694e-01 5.886786142772519603e-02
9.634542632966758280e-01 6.040455704634024175e-02
9.633112328650300649e-01 6.285459855574211663e-02
9.632927899322466514e-01 6.317911691845606859e-02
9.631772820452750850e-01 6.525923648476815442e-02
9.630519010735993923e-01 6.761635079352729116e-02
9.630498497288798587e-01 6.765582793040866849e-02
9.629345951253931446e-01 6.992418562762359180e-02
9.628248862748954862e-01 7.218132655970557754e-02
9.628205801842164568e-01 7.227199946604870306e-02
9.627223149677296421e-01 7.438667673510976353e-02
9.626264410665166249e-01 7.653943245090473468e-02
9.626066138374039793e-01 7.699646549387978434e-02
9.625368445263521311e-01 7.863905862290422599e-02
9.624531257531988571e-01 8.068526452210314504e-02
9.624092266317340050e-01 8.179351740203126553e-02
9.623749056941129920e-01 8.267798009296482842e-02
9.623018257038775669e-01 8.461733310220870274e-02
9.622335472281986490e-01 8.650362730904888331e-02
9.622292866403390210e-01 8.662387240482483097e-02
9.621697513392400980e-01 8.833732179666888007e-02
9.621101381550296594e-01 9.011901156015185432e-02
9.620672264505204518e-01 9.144594167843178578e-02
9.620544261702403954e-01 9.184940940798641540e-02
9.620023515220768040e-01 9.352932920229563296e-02
9.619536672115268638e-01 9.515967043663586811e-02
9.619230421663199637e-01 9.621731903501418159e-02
9.619081422970857664e-01 9.674140412905024577e-02
9.618655610752141483e-01 9.827555999147595533e-02
9.618257222592808686e-01 9.976321482401766250e-02
9.617963189990552664e-01 1.008963789943467387e-01
9.617884381665182669e-01 1.012054820734586275e-01
9.617535339205872669e-01 1.026035024891584491e-01
9.617208466756809182e-01 1.039584358056961783e-01
9.616902248666732156e-01 1.052714533798253665e-01
9.616862803631701651e-01 1.054438547741787385e-01
9.616615274886060050e-01 1.065437317091194880e-01
9.616346234077989275e-01 1.077764467607661009e-01
9.616093907060205837e-01 1.089707690410222501e-01
9.615918548391167997e-01 1.098242662067453607e-01
9.615857160584702079e-01 1.101278593386204180e-01
9.615634941457562590e-01 1.112488650787053918e-01
9.615426270996069169e-01 1.123349172275264762e-01
9.615230239817056379e-01 1.133871276919037607e-01
9.615117537555892824e-01 1.140070854367996322e-01
9.615046002947352788e-01 1.144065871615433383e-01
9.614872775245764114e-01 1.153943633459649371e-01
9.614709827123851804e-01 1.163514995619213538e-01
9.614556480552214346e-01 1.172790136307492320e-01
9.614445517047146561e-01 1.179675610882878478e-01
9.614412105338216996e-01 1.181778970487313979e-01
9.614276115660799205e-01 1.190491143969330673e-01
9.614147966847933491e-01 1.198936029601613967e-01
9.614027152382452757e-01 1.207122725276791875e-01
9.613913201122256114e-01 1.215060053510718246e-01
9.613887629919273259e-01 1.216871630283398314e-01
9.613805674721289662e-01 1.222756562372185052e-01
9.613704165238201593e-01 1.230220527566701083e-01
9.613608292920113874e-01 1.237459955498855790e-01
9.613517704149552312e-01 1.244482587157381970e-01
9.613432069543177416e-01 1.251295902684834427e-01
9.613429085644997762e-01 1.251536522840391574e-01
9.613351082191595731e-01 1.257907126509970608e-01
9.613274456030134196e-01 1.264323232935424812e-01
9.613201924331091774e-01 1.270550952086446916e-01
9.613133238308589901e-01 1.276596776138233802e-01
9.613068165827683975e-01 1.282466965749911869e-01
9.613055699569071910e-01 1.283608171440240309e-01
9.613006490209996535e-01 1.288167556642746125e-01
9.612948009128657878e-01 1.293704366268463857e-01
9.612892533585808419e-01 1.299083000521177589e-01
9.612839886966458858e-01 1.304308860452961794e-01
9.612789904162897248e-01 1.309387148959088309e-01
9.612754288246189160e-01 1.313079422485922687e-01
9.612742430764276147e-01 1.314322877404100753e-01
9.612697322306440473e-01 1.319120872164535607e-01
9.612654443577371977e-01 1.323785781068124723e-01
9.612613667974004850e-01 1.328322079712879744e-01
9.612574876906508914e-01 1.332734077652570626e-01
9.612537959246386654e-01 1.337025924437823809e-01
9.612512923831869616e-01 1.339990906274070026e-01
9.612502810815046761e-01 1.341201615504471756e-01
9.612469333909758884e-01 1.345264997902768100e-01
9.612437436864158524e-01 1.349219775862975923e-01
9.612407033640629761e-01 1.353069516194274347e-01
9.612378043452182164e-01 1.356817653515304534e-01
9.612350390411559253e-01 1.360467495315813846e-01
9.612324003205521272e-01 1.364022226849770647e-01
9.612321063356802364e-01 1.364422799176331635e-01
9.612298814792400448e-01 1.367484915861200412e-01
9.612274762121180149e-01 1.370858517144616373e-01
9.612251785870464804e-01 1.374145876942534095e-01
9.612229830205863967e-01 1.377349737183006240e-01
9.612208842554417210e-01 1.380472739560492379e-01
9.612188773394765295e-01 1.383517429463697324e-01
9.612169576061933007e-01 1.386486259754240169e-01
9.612169576061933007e-01 1.386486259754240169e-01
