# n_s, r predictions of a polynomial alpha attractor model with k=4 and N_\star=52.
9.679440543551761644e-01 4.108490388691585796e-05
9.679440543551927068e-01 4.108490388691585796e-05
9.679432456234762228e-01 4.436771556782978634e-05
9.679423527717635478e-01 4.791308440514895376e-05
9.679413682458000157e-01 5.174205335685838094e-05
9.679402838542995324e-01 5.587735944120370999e-05
9.679390907150036139e-01 6.034357140460974624e-05
9.679377791992803681e-01 6.516723878916878495e-05
9.679363388697985737e-01 7.037705338903945328e-05
9.679347584139220695e-01 7.600402416212249750e-05
9.679330255715782316e-01 8.208166676817265945e-05
9.679311270569161962e-01 8.864620901649037255e-05
9.679290484734434097e-01 9.573681362338137531e-05
9.679267742220178938e-01 1.033958198186342117e-04
9.679242874009654773e-01 1.116690054858869363e-04
9.679215696978860084e-01 1.206058716908642943e-04
9.679186012718643539e-01 1.302599516337682071e-04
9.679153606258570353e-01 1.406891462688939366e-04
9.679118244678903693e-01 1.519560890655580903e-04
9.679079675601330868e-01 1.641285426371655732e-04
9.679037625545751089e-01 1.772798302619854594e-04
9.678991798146989733e-01 1.914893056268146911e-04
9.678941872204575025e-01 2.068428645142910425e-04
9.678887499563729735e-01 2.234335025344631395e-04
9.678828302798612171e-01 2.413619234942625019e-04
9.678763872690474557e-01 2.607372034979661799e-04
9.678753783093784202e-01 2.637595235030000301e-04
9.678693765463992627e-01 2.816775164964461782e-04
9.678617499772826926e-01 3.043109276516397133e-04
9.678534553394217976e-01 3.287762616885194574e-04
9.678444359613290748e-01 3.552240542591743148e-04
9.678346303254715677e-01 3.838175953922655479e-04
9.678239716327875497e-01 4.147340752410400596e-04
9.678123873240123132e-01 4.481658437005797669e-04
9.677997985531717751e-01 4.843217970111391747e-04
9.677861196073370698e-01 5.234289062690054145e-04
9.677731851512846317e-01 5.602562840657104859e-04
9.677712572673391467e-01 5.657339048280845412e-04
9.677551101010903878e-01 6.115051540499036190e-04
9.677375676829060858e-01 6.610347096359143896e-04
9.677185097291221005e-01 7.146406141368378487e-04
9.676978051401153857e-01 7.726694450993938906e-04
9.676753109372956407e-01 8.354991528946654252e-04
9.676508710821213333e-01 9.035422276610607017e-04
9.676490671734186977e-01 9.085561901361248688e-04
9.676243151626727768e-01 9.772492411702937178e-04
9.675954569314116904e-01 1.057112816979248818e-03
9.675640926757813620e-01 1.143672091192448432e-03
9.675299994015176264e-01 1.237517736816857571e-03
9.675071177520125909e-01 1.300376082503696806e-03
9.674929328060987155e-01 1.339297637395637066e-03
9.674526250178896447e-01 1.449723310755214730e-03
9.674087820746827271e-01 1.569577201778188293e-03
9.673610811138025900e-01 1.699720984709189022e-03
9.673493862261821619e-01 1.731592632583881224e-03
9.673091672454983136e-01 1.841105041265110901e-03
9.672526500819024209e-01 1.994779311530369987e-03
9.671910998966214423e-01 2.161905751142714424e-03
9.671770519245557196e-01 2.200021938780172010e-03
9.671240433956738158e-01 2.343772671526780840e-03
9.670509590905770336e-01 2.541811290905516413e-03
9.669908580585417912e-01 2.704581371770102289e-03
9.669712722794120419e-01 2.757614883556977394e-03
9.668843496655893377e-01 2.992960983940647947e-03
9.667913189896896187e-01 3.244892899529008227e-03
9.667894936755495605e-01 3.249837181862768112e-03
9.666859365797343395e-01 3.530471134914608001e-03
9.665788369284137316e-01 3.821065479672356748e-03
9.665728345742339300e-01 3.837365525239052038e-03
9.664492620418069224e-01 4.173338799225280969e-03
9.663537745611543439e-01 4.433561164482948888e-03
9.663142062734488835e-01 4.541572651511426202e-03
9.661665629829286894e-01 4.945667350894235488e-03
9.661165015422030766e-01 5.083104502690203447e-03
9.660051329667587172e-01 5.389706161326108039e-03
9.658674222210119620e-01 5.770616630644646861e-03
9.658286202255509378e-01 5.878330298333087588e-03
9.656356317450067728e-01 6.416826100553904219e-03
9.656069882038752494e-01 6.497165263690924189e-03
9.654246789239668836e-01 7.011226416972943763e-03
9.653356985897023623e-01 7.263926430775872849e-03
9.651941803529764385e-01 7.668428645412444546e-03
9.650540911728164861e-01 8.072155804279583166e-03
9.649424653566275323e-01 8.396332431092634954e-03
9.647627284340455356e-01 8.923168083324399882e-03
9.646677775321216286e-01 9.204000743275837088e-03
9.644621820941677859e-01 9.818322859131844646e-03
9.643682775805147989e-01 1.010184884820730135e-02
9.641530192478943162e-01 1.075901524404368655e-02
9.640420451346789488e-01 1.110186649535295673e-02
9.638357919052801259e-01 1.174666955832113190e-02
9.636870800394549130e-01 1.221787930487543139e-02
9.635110305580252277e-01 1.278273459715830937e-02
9.633013045165207400e-01 1.346585574822986228e-02
9.631792414768838295e-01 1.386867936440699077e-02
9.628825686564840280e-01 1.486426610626466645e-02
9.628409069457102287e-01 1.500598854473432324e-02
9.624964874941678294e-01 1.619615730904805373e-02
9.624286625495812597e-01 1.643449918991376005e-02
9.621464252758761271e-01 1.744068527655935272e-02
9.619373390240949506e-01 1.820134112524509143e-02
9.617911479267109431e-01 1.874106959572443762e-02
9.614310724425030319e-01 2.009879717764419607e-02
9.614063514523093490e-01 2.019351763741306094e-02
9.610666087898791510e-01 2.151533614525341642e-02
9.608335115204513777e-01 2.244429620107049259e-02
9.606981630953215223e-01 2.299212656822587075e-02
9.603261403456647693e-01 2.453057055144983525e-02
9.602167723236727515e-01 2.499213593971063782e-02
9.599509465879986214e-01 2.613202174075516040e-02
9.595729906473932092e-01 2.779777430744076461e-02
9.595543426222123973e-01 2.788135954614973447e-02
9.591926853956709298e-01 2.952905147407097058e-02
9.588448384017098647e-01 3.116280052657444122e-02
9.588104486096515888e-01 3.132699364826360688e-02
9.584267034572905297e-01 3.319264623821784749e-02
9.580874776503317536e-01 3.489434803227606935e-02
9.580418786475620729e-01 3.512694723292160426e-02
9.576564082765047781e-01 3.713071464063935623e-02
9.572823229044730153e-01 3.914126755912571143e-02
9.572707313984806232e-01 3.920463389069218929e-02
9.568852913486436407e-01 4.134924531546615295e-02
9.565005348407006336e-01 4.356493184048922801e-02
9.564305727788947609e-01 4.397611662954050565e-02
9.561169108621837553e-01 4.585190702149609387e-02
9.557348693889144986e-01 4.821020357613692298e-02
9.555348973040472815e-01 4.947800033239111578e-02
9.553548599399458441e-01 5.063966256558316559e-02
9.549773299944801508e-01 5.313992338640686347e-02
9.546027232927969397e-01 5.571041473562526186e-02
9.545998012506936581e-01 5.573082779872286230e-02
9.542314780439123956e-01 5.835034671142585311e-02
9.538640250635206375e-01 6.105870420836749524e-02
9.536319837920895770e-01 6.282015303383067795e-02
9.535007858665417446e-01 6.383424175870894279e-02
9.531421707392747633e-01 6.667547996072958894e-02
9.527885768166183267e-01 6.958070362047603930e-02
9.526406419011321791e-01 7.082814402840532930e-02
9.524403861900081480e-01 7.254796171534781679e-02
9.520979640715750980e-01 7.557506926651733070e-02
9.517616570394913378e-01 7.865961118266422136e-02
9.516376410847481315e-01 7.982627645167576780e-02
9.514317913885196321e-01 8.179894811033915081e-02
9.511086716084076187e-01 8.499022429693305070e-02
9.507925790110349773e-01 8.823037744120704184e-02
9.506374564262537463e-01 8.986556712853450979e-02
9.504837705247840551e-01 9.151615047535630043e-02
9.501824776724147048e-01 9.484410518980691818e-02
9.498889057454430462e-01 9.821063758215414774e-02
9.496567802279389792e-01 1.009646270391328510e-01
9.496032331850889907e-01 1.016119947816992303e-01
9.493256111764452054e-01 1.050442933743177959e-01
9.490561634590657381e-01 1.085035389285361196e-01
9.487949863537066264e-01 1.119856465036026538e-01
9.487137144387092214e-01 1.130965642002120380e-01
9.485421490015270019e-01 1.154864619045391505e-01
9.482976938087928076e-01 1.190017834380421718e-01
9.480616370870714738e-01 1.225273839169463280e-01
9.478339698761507615e-01 1.260590326598641508e-01
9.478265299504397001e-01 1.261767329411283833e-01
9.476146589344863758e-01 1.295925172365864353e-01
9.474036478800162975e-01 1.331236647183937638e-01
9.472008584624991290e-01 1.366483622060142844e-01
9.470120830237788168e-01 1.400542494467276466e-01
9.470061919474991319e-01 1.401625764247662886e-01
9.468195305913630344e-01 1.436623721974827350e-01
9.466407391863260745e-01 1.471439296291318644e-01
9.464696666550023174e-01 1.506035598629043015e-01
9.463061476741650990e-01 1.540377192941420614e-01
9.462841108960852177e-01 1.545106135651757029e-01
9.461500043084475342e-01 1.574430221569916022e-01
9.460010476359760334e-01 1.608162514255518927e-01
9.458590793492439586e-01 1.641543679990417892e-01
9.457238933162260830e-01 1.674545181661160342e-01
9.456517360200058508e-01 1.692681686360340554e-01
9.455952770884780145e-01 1.707140393677402113e-01
9.454730133448114859e-01 1.739304643001090833e-01
9.453568812610156913e-01 1.771015234187770238e-01
9.452466577979590223e-01 1.802251459221704821e-01
9.451421189022214397e-01 1.832994593069355582e-01
9.451185303167448648e-01 1.840092218771423593e-01
9.450430406151353324e-01 1.863227875990033089e-01
9.449492000877298681e-01 1.892936483729412145e-01
9.448603765005522126e-01 1.922107486781546026e-01
9.447763518886796996e-01 1.950729799939931730e-01
9.446969118733987703e-01 1.978794123369997382e-01
9.446823878487741188e-01 1.984037718648989368e-01
9.446218463030539025e-01 2.006292876426228611e-01
9.445509498064081910e-01 2.033220125410060142e-01
9.444840222625576764e-01 2.059571506421801479e-01
9.444208691919844245e-01 2.085344144404133737e-01
9.443613020737319230e-01 2.110536569408917595e-01
9.443362445627705437e-01 2.121409702721891166e-01
9.443051385939731368e-01 2.135148631045208911e-01
9.442522028313893312e-01 2.159181411987447508e-01
9.442023253848501607e-01 2.182637141340231790e-01
9.441553434488473284e-01 2.205519108572292775e-01
9.441111008420177697e-01 2.227831578650042166e-01
9.440694479940149320e-01 2.249579708913738707e-01
9.440694479940150430e-01 2.249579708913737874e-01
