# n_s, r predictions of a polynomial alpha attractor model with k=3 and N_\star=51.
9.686069070987254337e-01 1.106702901895410937e-04
9.686069070987192164e-01 1.106702901895718986e-04
9.686047792763197162e-01 1.193440878968053545e-04
9.686024613634389713e-01 1.286991261825580230e-04
9.685999374485989577e-01 1.387891494774334171e-04
9.685971903274869232e-01 1.496721820457986283e-04
9.685942013986600374e-01 1.614108753660982800e-04
9.685909505505536643e-01 1.740728847808101915e-04
9.685874160392312637e-01 1.877312780530041058e-04
9.685835743559708666e-01 2.024649787336989498e-04
9.685794000838309215e-01 2.183592475395302159e-04
9.685748657422825758e-01 2.355062052713846794e-04
9.685699416186823729e-01 2.540054011717228673e-04
9.685645955855970435e-01 2.739644310391261260e-04
9.685587929025776255e-01 2.954996098783778456e-04
9.685524960009936901e-01 3.187367043943338963e-04
9.685456642504171043e-01 3.438117312285462654e-04
9.685382537047303453e-01 3.708718275072488070e-04
9.685302168262418521e-01 4.000762010262253658e-04
9.685215021855219097e-01 4.315971682606286643e-04
9.685120541347814749e-01 4.656212893657063023e-04
9.685018124524190641e-01 5.023506104398646043e-04
9.684907119554381216e-01 5.420040246137246970e-04
9.684786820773508831e-01 5.848187649507033360e-04
9.684656464073664317e-01 6.310520438508908023e-04
9.684515221880004576e-01 6.809828555156125689e-04
9.684362197661466887e-01 7.349139602775898832e-04
9.684196419936103029e-01 7.931740720997339580e-04
9.684016835718710636e-01 8.561202734935621436e-04
9.683822303356862671e-01 9.241406854821157838e-04
9.683687255791121329e-01 9.712746100909577318e-04
9.683611584695790420e-01 9.976574241568373583e-04
9.683383336507086492e-01 1.077129879923218727e-03
9.683136101111549099e-01 1.163058360810711187e-03
9.682868296121395213e-01 1.255988147366364754e-03
9.682578203222249602e-01 1.356514013797453051e-03
9.682263955912089326e-01 1.465285278360745026e-03
9.681923526111729794e-01 1.583011455694128536e-03
9.681554709561710492e-01 1.710468595102068896e-03
9.681155109923238467e-01 1.848506401974489696e-03
9.680722121509620637e-01 1.998056254844068381e-03
9.680578105585083692e-01 2.047800300036839351e-03
9.680252910585390724e-01 2.160140248427146973e-03
9.679744395198890405e-01 2.335881413589305320e-03
9.679193223540547564e-01 2.526515289102944720e-03
9.678595750870699899e-01 2.733403047506318892e-03
9.677948015128461368e-01 2.958046408784779230e-03
9.677245711415546348e-01 3.202104611426983584e-03
9.677032568106263000e-01 3.276286658122770905e-03
9.676484165667351700e-01 3.467413750701519963e-03
9.675658307963412863e-01 3.756008839115680502e-03
9.674762646102611496e-01 4.070148993835887713e-03
9.673791240269340452e-01 4.412346210200236707e-03
9.673146005444361872e-01 4.640568592885746871e-03
9.672737679839222835e-01 4.785398238906396137e-03
9.671595063603857234e-01 5.192426146393213510e-03
9.670355984911633840e-01 5.636917202554807965e-03
9.669012523396958159e-01 6.122773806404000624e-03
9.668976889786320417e-01 6.135718695407042789e-03
9.667556245071193821e-01 6.654369227761329150e-03
9.665978212545310866e-01 7.236611010492239454e-03
9.664572363442061054e-01 7.761095409659302981e-03
9.664269007037337156e-01 7.875012948583622052e-03
9.662418763612306005e-01 8.575776606784895131e-03
9.660417220887406176e-01 9.345883404660948121e-03
9.659974855821575890e-01 9.517847967653465455e-03
9.658253786351611581e-01 1.019319830064278030e-02
9.655917618683125259e-01 1.112658607225786543e-02
9.655223428604227109e-01 1.140778433140580625e-02
9.653397729195631882e-01 1.215604104331046917e-02
9.650683105939955597e-01 1.329283078895467617e-02
9.650353716007091798e-01 1.343280168290606445e-02
9.647762866039942820e-01 1.454965375977727501e-02
9.645397826363111271e-01 1.559457729307483879e-02
9.644626444388644249e-01 1.594080978200432611e-02
9.641263829542973118e-01 1.748238085790241800e-02
9.640384538456198138e-01 1.789437968329453052e-02
9.637665860096432668e-01 1.919241741872945370e-02
9.635339715441787467e-01 2.033293366542151745e-02
9.633824596487879921e-01 2.109112194574151722e-02
9.630286778633918576e-01 2.291031088089819090e-02
9.629733783646973189e-01 2.320101740763588077e-02
9.625389418575952538e-01 2.554708197756488941e-02
9.625247130572784915e-01 2.562583604826985939e-02
9.620790433341702697e-01 2.815682371638044551e-02
9.620240479861348337e-01 2.847800711070188825e-02
9.615939497237614431e-01 3.106025916804331169e-02
9.615285062291351048e-01 3.146443035456696763e-02
9.610843931086017200e-01 3.428974818440756744e-02
9.610397772775506331e-01 3.458177230500894539e-02
9.605594228840307336e-01 3.782573012752431241e-02
9.605516710645685130e-01 3.787962434296560793e-02
9.600888786065251423e-01 4.119102188597160291e-02
9.599977513787016914e-01 4.186554743566808096e-02
9.596294523033536139e-01 4.467139749704953505e-02
9.594253737001599003e-01 4.628349434064350093e-02
9.591823210041774406e-01 4.825967063223674663e-02
9.588381371704857159e-01 5.116830151132709809e-02
9.587485272742560793e-01 5.194777117651549342e-02
9.583289759242555883e-01 5.572681718780131410e-02
9.582405592860503418e-01 5.655168269269409548e-02
9.579244316939699022e-01 5.958720464390183935e-02
9.576380878347651171e-01 6.245967744917090003e-02
9.575355183474221210e-01 6.351871265422340262e-02
9.571627194531283633e-01 6.751062128711059207e-02
9.570370458182877460e-01 6.890954833054897810e-02
9.568063809818697640e-01 7.155183875486083311e-02
9.564667157335325909e-01 7.563103443094794376e-02
9.564444903138703546e-01 7.590624334063181267e-02
9.561438095035047491e-01 7.973677406314540195e-02
9.558679718822289395e-01 8.343867503756127735e-02
9.558376288179284419e-01 8.385765359526735352e-02
9.555480300058496468e-01 8.798242821138864411e-02
9.553151926068169653e-01 9.147622415228072457e-02
9.552747693347453106e-01 9.210013355179300087e-02
9.550175139131179547e-01 9.620019649377122006e-02
9.547935781040706171e-01 9.996602188958467194e-02
9.547758530582608483e-01 1.002725334116101874e-01
9.545493098366631957e-01 1.043076343952698409e-01
9.543373525061660256e-01 1.082966324832459748e-01
9.543097996729816845e-01 1.088316506789490656e-01
9.541394056198950757e-01 1.122313575218618215e-01
9.539548605891682298e-01 1.161043747752726618e-01
9.538693024106659202e-01 1.179738693623651469e-01
9.537830855431012056e-01 1.199090088584035124e-01
9.536234343639322653e-01 1.236393539358667665e-01
9.534759070426647165e-01 1.272737704833201700e-01
9.534752548169990183e-01 1.272902714170146554e-01
9.533378957311329227e-01 1.308573765798366761e-01
9.532107132178129216e-01 1.343370156783559033e-01
9.531315511620704894e-01 1.365984115888019823e-01
9.530930759450153555e-01 1.377262351371770221e-01
9.529843695040296492e-01 1.410227444229879834e-01
9.528839999245861669e-01 1.442248741176558324e-01
9.528362166532942101e-01 1.458084901968066671e-01
9.527913964058132290e-01 1.473315306129318603e-01
9.527060133382567741e-01 1.503421487141791690e-01
9.526273316960813808e-01 1.532566432904755027e-01
9.525880571694104182e-01 1.547671745946661293e-01
9.525548598792639154e-01 1.560753609500226680e-01
9.524881340837549892e-01 1.587990325606385145e-01
9.524267182738150872e-01 1.614287272811655016e-01
9.523837013075211466e-01 1.633489041645188600e-01
9.523702038256165459e-01 1.639658086253244773e-01
9.523182089051901444e-01 1.664118929479686815e-01
9.522703776373258044e-01 1.687688106265738397e-01
9.522263791153992019e-01 1.710385701090464117e-01
9.522186750245258402e-01 1.714469409774970476e-01
9.521859062955744246e-01 1.732233249124986718e-01
9.521486748125898014e-01 1.753253435859833953e-01
9.521144217485065786e-01 1.773469825922932008e-01
9.520878702467463484e-01 1.789787083539812473e-01
9.520829043804738268e-01 1.792906620185543698e-01
9.520538989287616882e-01 1.811588439910628290e-01
9.520271993220792428e-01 1.829540136451643928e-01
9.520026159934847909e-01 1.846786624845339342e-01
9.519859889418254006e-01 1.858884113639465707e-01
9.519799747170077930e-01 1.863352739545996728e-01
9.519591154923927601e-01 1.879263110508150869e-01
9.519398914831005420e-01 1.894542057829046722e-01
9.519221680108214123e-01 1.909213503200609674e-01
9.519079096698785936e-01 1.921469543352690157e-01
9.519058216082029178e-01 1.923300896486216383e-01
9.518907391303227383e-01 1.936827155817704427e-01
9.518768169243123634e-01 1.949814619711683350e-01
9.518639600560042657e-01 1.962285009796899127e-01
9.518520815916987621e-01 1.974259402862315604e-01
9.518489489092628597e-01 1.977496056953122749e-01
9.518411019328570921e-01 1.985758211037659815e-01
9.518309482011998446e-01 1.996801169026620471e-01
9.518215536715186609e-01 2.007407327415420550e-01
9.518128572494074513e-01 2.017595051177556165e-01
9.518050138546003680e-01 2.027121182341329320e-01
9.518048029910902708e-01 2.027382022587841393e-01
9.517973396625464266e-01 2.036785247845056268e-01
9.517904203351874592e-01 2.045821066782237685e-01
9.517840020154345604e-01 2.054505165116817522e-01
9.517780453056517986e-01 2.062852588759618577e-01
9.517726611570462847e-01 2.070660742207208471e-01
9.517725140940180850e-01 2.070877759762238535e-01
9.517673752710479329e-01 2.078594493537036514e-01
9.517625984706147291e-01 2.086016017032997771e-01
9.517581558334644587e-01 2.093154987594594563e-01
9.517540217913464939e-01 2.100023512269795223e-01
9.517501728700226149e-01 2.106633167368078263e-01
9.517490852381168542e-01 2.108541306207266097e-01
9.517465875095407757e-01 2.112995018099790845e-01
9.517432459002919121e-01 2.119119638155179952e-01
9.517401298334732251e-01 2.125017129105070401e-01
9.517372225647039441e-01 2.130697139525701556e-01
9.517345086896338291e-01 2.136168883768362337e-01
9.517320614366151510e-01 2.141256587111770582e-01
9.517319740304873710e-01 2.141441160309905667e-01
9.517296055325724646e-01 2.146522369633891703e-01
9.517273911698680422e-01 2.151420531603538688e-01
9.517253198588820906e-01 2.156143302297777731e-01
9.517233813800394238e-01 2.160697990290150194e-01
9.517215663059278574e-01 2.165091572357491223e-01
9.517198659357887225e-01 2.169330708611486025e-01
9.517198659357887225e-01 2.169330708611486858e-01
