# n_s, r predictions of a polynomial alpha attractor model with k=4 and N_\star=41.
9.593446124529187991e-01 6.105315058657490696e-05
9.593446124528444141e-01 6.105315058648346806e-05
9.593435126056059081e-01 6.593180841288336384e-05
9.593422935181604716e-01 7.120073081329187726e-05
9.593409443250972002e-01 7.689121050518781799e-05
9.593394532382434337e-01 8.303706212852526348e-05
9.593378074712279879e-01 8.967482766970001108e-05
9.593359931554787945e-01 9.684399899272042305e-05
9.593339952525751224e-01 1.045872589472977881e-04
9.593317974557828975e-01 1.129507426992019378e-04
9.593293820867805355e-01 1.219843210381665671e-04
9.593267299806871318e-01 1.317419076338838203e-04
9.593238203632217243e-01 1.422817923584394830e-04
9.593206307169985791e-01 1.536670030317753696e-04
9.593171366362744923e-01 1.659656981675158122e-04
9.593133116695874429e-01 1.792515935534329751e-04
9.593091271482658833e-01 1.936044258037730172e-04
9.593045520009126914e-01 2.091104563227246243e-04
9.592995525510551458e-01 2.258630195041310329e-04
9.592940922972569284e-01 2.439631193853154985e-04
9.592881316738256503e-01 2.635200794290533388e-04
9.592816277901513589e-01 2.846522506351493922e-04
9.592745341465821474e-01 3.074877837536308485e-04
9.592668003242411645e-01 3.321654720401589567e-04
9.592583716476449363e-01 3.588356717173142607e-04
9.592491888138541256e-01 3.876613082192060990e-04
9.592477500295125692e-01 3.921580666760139753e-04
9.592391874895120907e-01 4.188189771559317452e-04
9.592282978679923522e-01 4.525001501644579024e-04
9.592164441850525858e-01 4.889124969817455627e-04
9.592035441875756963e-01 5.282813365799281192e-04
9.591895085501047635e-01 5.708512318613476536e-04
9.591742402339229479e-01 6.168877443373937952e-04
9.591576337815853615e-01 6.666793674543526355e-04
9.591395745398603179e-01 7.205396598101004033e-04
9.591199378024232169e-01 7.788096025237166735e-04
9.591013580852419951e-01 8.336955342983791602e-04
9.590985878635761575e-01 8.418602084972651818e-04
9.590753769710730348e-01 9.100954154684084627e-04
9.590501441671479554e-01 9.839552994786223555e-04
9.590227140033634745e-01 1.063919651087446303e-03
9.589928951138676494e-01 1.150511963279197188e-03
9.589604786294778638e-01 1.244303887873780563e-03
9.589252364126736872e-01 1.345920226543165753e-03
9.589226343286656462e-01 1.353409866833697782e-03
9.588869190910463969e-01 1.456044533577274249e-03
9.588452538638966294e-01 1.575425420663590856e-03
9.587999420537201001e-01 1.704883669597272730e-03
9.587506563709797813e-01 1.845320277528691988e-03
9.587175611345544191e-01 1.939432677416340735e-03
9.586970378573717033e-01 1.997725581710320213e-03
9.586386924695148304e-01 2.163189637482522323e-03
9.585751872620172920e-01 2.342914055342643857e-03
9.585060461269500065e-01 2.538225541403896831e-03
9.584890874479603529e-01 2.586081445041995500e-03
9.584307450455813449e-01 2.750591431670616500e-03
9.583487068098179851e-01 2.981637565700610143e-03
9.582592951752243460e-01 3.233168911052580405e-03
9.582388786892871435e-01 3.290573138229418559e-03
9.581618084171099614e-01 3.507193428152367322e-03
9.580554722774867749e-01 3.805949757719699362e-03
9.579679622684224016e-01 4.051785920210699762e-03
9.579394323171603887e-01 4.131939421362639496e-03
9.578127457248379883e-01 4.487964352215021574e-03
9.576770365783133787e-01 4.869673371483295224e-03
9.576743726903610421e-01 4.877170717223751860e-03
9.575231675204666226e-01 5.303100156925161929e-03
9.573666460823391233e-01 5.744942057459572968e-03
9.573578697667380899e-01 5.769749751555886333e-03
9.571770957415643988e-01 6.281642223557398763e-03
9.570372913510480917e-01 6.678851065236654158e-03
9.569793309097264222e-01 6.843908105486945677e-03
9.567629237410337772e-01 7.462381841097584512e-03
9.566895002929901581e-01 7.673073751056134692e-03
9.565260816624183704e-01 8.143714053854915133e-03
9.563238710891943661e-01 8.729594506692254369e-03
9.562668697156179176e-01 8.895502529807293099e-03
9.559832123691538452e-01 9.726444853307399455e-03
9.559410918053465878e-01 9.850628127634406678e-03
9.556728986310996099e-01 1.064651615122273222e-02
9.555419406988251430e-01 1.103855633333701396e-02
9.553335901924829843e-01 1.166717609432899212e-02
9.551272721383160524e-01 1.229587888588783672e-02
9.549628319074148219e-01 1.280161020286067070e-02
9.546979940496289618e-01 1.362517740309896613e-02
9.545580636719313006e-01 1.406501157822012509e-02
9.542550428524070316e-01 1.502908959437353892e-02
9.541166329219404885e-01 1.547491031114585705e-02
9.537993607327678314e-01 1.651029114758965910e-02
9.536358076971890307e-01 1.705155876262781298e-02
9.533318782373925160e-01 1.807148235101316627e-02
9.531127915227284308e-01 1.881838134287580622e-02
9.528535032456356690e-01 1.971537684484349698e-02
9.525447430526792214e-01 2.080249692240557224e-02
9.523651159007566758e-01 2.144469050599678503e-02
9.519288051860624877e-01 2.303532012354389882e-02
9.518675682542099281e-01 2.326212915398996953e-02
9.513616871230982097e-01 2.517037435887416186e-02
9.512621498951244758e-01 2.555324384464517998e-02
9.508482787802087222e-01 2.717206706289546428e-02
9.505420461393339071e-01 2.839839854924046045e-02
9.503281343882339360e-01 2.926978899836225542e-02
9.498020354139327104e-01 3.146604203315153669e-02
9.497659589688548509e-01 3.161947270339662830e-02
9.492707585394953851e-01 3.376322564701592088e-02
9.489316883047624884e-01 3.527256119979726989e-02
9.487350798014311248e-01 3.616361277264998342e-02
9.481957778333134357e-01 3.866932424990091044e-02
9.480375558712368367e-01 3.942198185714246988e-02
9.476536361814476006e-01 4.128230215258200247e-02
9.471094447160731677e-01 4.400428226279060745e-02
9.470826480455772911e-01 4.414096067035309240e-02
9.465640001896958866e-01 4.683676598783068079e-02
9.460671203324031442e-01 4.951203073123650045e-02
9.460181060074122072e-01 4.978099204048381382e-02
9.454725712790639225e-01 5.283790823211722415e-02
9.449925647170630549e-01 5.562691480601747451e-02
9.449282092240081088e-01 5.600814375782328658e-02
9.443858349984192158e-01 5.929198238175935332e-02
9.438624329232628840e-01 6.258556763928349587e-02
9.438462630148232169e-01 6.268933695508392689e-02
9.433103038228083381e-01 6.619972571923812832e-02
9.427787606208978266e-01 6.982225085823511035e-02
9.426824950521355273e-01 7.049394828231134169e-02
9.422524254705458846e-01 7.355557976633159134e-02
9.417320752848492571e-01 7.739792948881468737e-02
9.414612930108910982e-01 7.945999523940169840e-02
9.412184676661509153e-01 8.134705477327663914e-02
9.407123366682467180e-01 8.540024013514826984e-02
9.402143885592586514e-01 8.955429629601567576e-02
9.402105216416453137e-01 8.958722886081149639e-02
9.397252976616022879e-01 9.380556129317467462e-02
9.392457023437318364e-01 9.814990648908057669e-02
9.389452404688025666e-01 1.009654745227540618e-01
9.387762012359707198e-01 1.025827476272759414e-01
9.383173497386047002e-01 1.070990609912750163e-01
9.378696568849046455e-01 1.116934046260628921e-01
9.376837931740600318e-01 1.136584812981410869e-01
9.374335826148001427e-01 1.163599444813259026e-01
9.370095355066553333e-01 1.210924852342779440e-01
9.365978710052069722e-01 1.258845054512099937e-01
9.364473040076061183e-01 1.276888035899857166e-01
9.361988901734515922e-01 1.307291966538169925e-01
9.358128389853035412e-01 1.356195057725406716e-01
9.354399081648069325e-01 1.405481803963558596e-01
9.352586488507544926e-01 1.430212669187709007e-01
9.350802335664039067e-01 1.455078161708765749e-01
9.347338970801313263e-01 1.504909056543833890e-01
9.344009280355435321e-01 1.554898879170529269e-01
9.341408803821196205e-01 1.595475610696503455e-01
9.340813050691344488e-01 1.604971981623197208e-01
9.337749584122284618e-01 1.655053166609662674e-01
9.334817725499323648e-01 1.705068163175008367e-01
9.332015891969069887e-01 1.754944082332090538e-01
9.331152242247500173e-01 1.770756630841806012e-01
9.329342105325009182e-01 1.804609846890048719e-01
9.326794026361664436e-01 1.853996590415464274e-01
9.324368990640174992e-01 1.903038021052404216e-01
9.322064045087463668e-01 1.951670746779987919e-01
9.321989293409723709e-01 1.953283042310271778e-01
9.319875984877642461e-01 1.999834559569279024e-01
9.317801390081598134e-01 2.047472676788237023e-01
9.315836661616865300e-01 2.094531939067648396e-01
9.314033901480718303e-01 2.139538981442906662e-01
9.313978056082568013e-01 2.140962964659759715e-01
9.312221719121457353e-01 2.186720261075290606e-01
9.310563717010509333e-01 2.231762295458419587e-01
9.309000066241475135e-01 2.276051525742359971e-01
9.307526760911338792e-01 2.319554395113057610e-01
9.307329828434811603e-01 2.325509084249689773e-01
9.306139797798479441e-01 2.362241292693345873e-01
9.304835199052293726e-01 2.404086483644346517e-01
9.303609032471134022e-01 2.445068012069869234e-01
9.302457429385232457e-01 2.485167580208760274e-01
9.301849254702779790e-01 2.507029919638735782e-01
9.301376600197311939e-01 2.524370407418323192e-01
9.300362847663833366e-01 2.562665072398645494e-01
9.299412578024348619e-01 2.600043341993172330e-01
9.298522310105237221e-01 2.636499989737569050e-01
9.297688682538575167e-01 2.672032607121868630e-01
9.297502048168362343e-01 2.680187137848294432e-01
9.296908459245131207e-01 2.706641410302966233e-01
9.296178533336520999e-01 2.740329044746450116e-01
9.295495929592445528e-01 2.773100390015563188e-01
9.294857805667554596e-01 2.804962366656212902e-01
9.294261452178327332e-01 2.835923746861807593e-01
9.294153164008703838e-01 2.841678138449483804e-01
9.293704291814260943e-01 2.865994970344064030e-01
9.293183877610051713e-01 2.895187966590819784e-01
9.292697890506634861e-01 2.923515984461576012e-01
9.292244136319497416e-01 2.950993429859020689e-01
9.291820542222777313e-01 2.977635712021067804e-01
9.291643652712081591e-01 2.989068889283074681e-01
9.291425152847562208e-01 3.003459098804059924e-01
9.291056126082877231e-01 3.028480581173678687e-01
9.290711728658113122e-01 3.052717746985482705e-01
9.290390331576341421e-01 3.076188664021280439e-01
9.290090405459161538e-01 3.098911772149455235e-01
9.289810515855463358e-01 3.120905784396071359e-01
9.289810515855462247e-01 3.120905784396073579e-01
