# n_s, r predictions of a polynomial alpha attractor model with k=4 and N_\star=40.
9.583283633780281807e-01 6.361799251772066370e-05
9.583283633779867694e-01 6.361799251776735216e-05
9.583272288534039340e-01 6.870163666562290972e-05
9.583259707313372955e-01 7.419195113972228909e-05
9.583245777305688939e-01 8.012154575655300130e-05
9.583230376114407756e-01 8.652565870952682724e-05
9.583213370969010381e-01 9.344237071978308217e-05
9.583194617857755393e-01 1.009128370294898536e-04
9.583173960610960052e-01 1.089815387753227693e-04
9.583151229885795708e-01 1.176965554551990677e-04
9.583126242081962953e-01 1.271098603304096207e-04
9.583098798154634501e-01 1.372776408083747001e-04
9.583068682336696176e-01 1.482606460331417164e-04
9.583035660746532791e-01 1.601245641376390421e-04
9.582999479880839333e-01 1.729404318533102271e-04
9.582959864972675490e-01 1.867850794479533649e-04
9.582916518221180624e-01 2.017416142503822122e-04
9.582869116849640490e-01 2.178999463947435468e-04
9.582817311008378081e-01 2.353573607514375149e-04
9.582760721488111644e-01 2.542191394789122794e-04
9.582698937231151071e-01 2.745992400843977744e-04
9.582631512620315428e-01 2.966210344385052208e-04
9.582557964525335592e-01 3.204181147902502701e-04
9.582477769077392127e-01 3.461351735297729811e-04
9.582390358157870658e-01 3.739289642121223513e-04
9.582295115543022490e-01 4.039693523002462210e-04
9.582280191834531280e-01 4.086556436470434425e-04
9.582191372711619248e-01 4.364404650092881441e-04
9.582078404237588387e-01 4.715419509153198651e-04
9.581955422750364493e-01 5.094903612249209899e-04
9.581821573406885673e-01 5.505206661869189782e-04
9.581675927819538474e-01 5.948879218777560970e-04
9.581517477385302906e-01 6.428691046111343309e-04
9.581345125941738150e-01 6.947651325990427144e-04
9.581157681676963911e-01 7.509030971985148923e-04
9.580953848204616374e-01 8.116387292676210605e-04
9.580760973263146019e-01 8.688486268433579006e-04
9.580732214705020011e-01 8.773591298481440374e-04
9.580491245023163849e-01 9.484857987190801294e-04
9.580229265590722854e-01 1.025477999464253663e-03
9.579944452038512415e-01 1.108836505607144456e-03
9.579634814327134817e-01 1.199107779469312483e-03
9.579298180217165060e-01 1.296888643655338610e-03
9.578932176869431325e-01 1.402831514939979762e-03
9.578905152300509762e-01 1.410640241599981021e-03
9.578534210339819666e-01 1.517650282006409706e-03
9.578101442705030388e-01 1.642126922391422619e-03
9.577630766522505779e-01 1.777118970578884247e-03
9.577118776294494262e-01 1.923567968995174840e-03
9.576774956389231264e-01 2.021714954674297491e-03
9.576561736572026806e-01 2.082509057376832201e-03
9.575955546299907972e-01 2.255081884392364823e-03
9.575295698973990133e-01 2.442543059480028686e-03
9.574577238160170145e-01 2.646280403711495643e-03
9.574401008592205997e-01 2.696203719191278027e-03
9.573794707914295987e-01 2.867829307492270486e-03
9.572942097657141103e-01 3.108891561514710074e-03
9.572012781107520629e-01 3.371357097372436676e-03
9.571800567892755351e-01 3.431261095693533079e-03
9.570999448976201807e-01 3.657329157453239644e-03
9.569894035297999979e-01 3.969153512129140748e-03
9.568984256466371852e-01 4.225775796985844698e-03
9.568687637553717762e-01 4.309452457743806475e-03
9.567370431138979558e-01 4.681164463167706256e-03
9.565959280661413544e-01 5.079760742959733670e-03
9.565931579311033328e-01 5.087590486851303537e-03
9.564359140503847501e-01 5.532448160990775972e-03
9.562731257465036938e-01 5.994017188642271864e-03
9.562639975865772080e-01 6.019935234075839137e-03
9.560759660998212617e-01 6.554803876912421688e-03
9.559305363671534161e-01 6.969925642205258669e-03
9.558702407063293105e-01 7.142447689495758784e-03
9.556450997474474907e-01 7.789003498808991580e-03
9.555687080761918750e-01 8.009301334505740735e-03
9.553986746966713905e-01 8.501470318771029225e-03
9.551882644495073293e-01 9.114285957166338992e-03
9.551289489536533006e-01 9.287848172197911770e-03
9.548337600127582148e-01 1.015729988490670331e-02
9.547899250597836618e-01 1.028726280592899382e-02
9.545108051808894878e-01 1.112033950260590820e-02
9.543745058159271988e-01 1.153078973848343548e-02
9.541576505865124735e-01 1.218905170416615530e-02
9.539429041974817336e-01 1.284754736480596578e-02
9.537717427819994986e-01 1.337734751923958486e-02
9.534960755708770108e-01 1.424030053543810272e-02
9.533504219907232846e-01 1.470126277017837213e-02
9.530350068418493859e-01 1.571187077092674536e-02
9.528909362231696711e-01 1.617930681058897535e-02
9.525606925336819186e-01 1.726511671924521596e-02
9.523904562579506017e-01 1.783287006548290796e-02
9.520741164328897499e-01 1.890291955744753671e-02
9.518460928638352581e-01 1.968669922114041002e-02
9.515762399200003996e-01 2.062817057299735912e-02
9.512549194303587807e-01 2.176944821640135197e-02
9.510679965514798884e-01 2.244375880313085117e-02
9.506140050403022457e-01 2.411431091977781979e-02
9.505502915873141889e-01 2.435255733763745656e-02
9.500240048894346145e-01 2.635740752302167741e-02
9.499204646327070733e-01 2.675973684616394024e-02
9.494899957395238621e-01 2.846110076707200620e-02
9.491715340895284792e-01 2.975022345483473510e-02
9.489491084305430313e-01 3.066635793414612329e-02
9.484021778264503100e-01 3.297580648319530655e-02
9.483646788156627760e-01 3.313716592759453905e-02
9.478500343804269201e-01 3.539195558003662562e-02
9.474977447098775762e-01 3.697972559888360045e-02
9.472935083261988520e-01 3.791716945125839927e-02
9.467334329110680402e-01 4.055363926555129173e-02
9.465691602652107628e-01 4.134564837734577836e-02
9.461706466374080193e-01 4.330335384302341079e-02
9.456059945364171382e-01 4.616806951231201134e-02
9.455781975380125326e-01 4.631192092018115991e-02
9.450403285291667510e-01 4.914927945935577969e-02
9.445252971547944965e-01 5.196509128363869384e-02
9.444745069447291197e-01 5.224818294112119205e-02
9.439093932712081525e-01 5.546565476970561487e-02
9.434124572479943849e-01 5.840099977854637525e-02
9.433458542171948569e-01 5.880221550476249365e-02
9.427847571612620881e-01 6.225800282243427325e-02
9.422436767509100308e-01 6.572356608634370712e-02
9.422269670670275765e-01 6.583274455439080963e-02
9.416733429417860624e-01 6.952573390856485458e-02
9.411247339177238880e-01 7.333580739185704966e-02
9.410254282758121480e-01 7.404216983366987415e-02
9.405819750363570986e-01 7.726132595219639687e-02
9.400458828186163407e-01 8.130015984162147769e-02
9.397671137871291824e-01 8.346706815345095176e-02
9.395172507046708477e-01 8.544967767225980504e-02
9.389968444488034915e-01 8.970674009247875391e-02
9.384853975547744476e-01 9.406769845171532307e-02
9.384814280129328834e-01 9.410226259285169037e-02
9.379836068365809965e-01 9.852839874834788680e-02
9.374921281868600076e-01 1.030841910696058822e-01
9.371845238700029501e-01 1.060353352583525005e-01
9.370115726316207150e-01 1.077299446343759209e-01
9.365425027443561312e-01 1.124600684439395343e-01
9.360854294854543678e-01 1.172685374337036485e-01
9.358958502087502129e-01 1.193241210298185001e-01
9.356408095241005585e-01 1.221489239047196668e-01
9.352090430897522788e-01 1.270944339007589463e-01
9.347904723890272383e-01 1.320979480887239099e-01
9.346375302436106258e-01 1.339807662854756443e-01
9.343853806117666805e-01 1.371520666008831102e-01
9.339939915374932955e-01 1.422491572103771751e-01
9.336164697408567692e-01 1.473814061395571640e-01
9.334331884760304066e-01 1.499547737465402319e-01
9.332529213824317660e-01 1.525408707462134472e-01
9.329033955592690441e-01 1.577195332993063803e-01
9.325678861795195784e-01 1.629093550396636392e-01
9.323062301588332934e-01 1.671179088664784540e-01
9.322463343156434101e-01 1.681023297295650698e-01
9.319386309832946580e-01 1.732905359206273754e-01
9.316446202868724491e-01 1.784661872150610507e-01
9.313641028685764045e-01 1.836216798572267717e-01
9.312777278138931747e-01 1.852549485213447478e-01
9.310968395954676291e-01 1.887496370683512392e-01
9.308425554185062456e-01 1.938429496241817485e-01
9.306009433386640550e-01 1.988948122700200660e-01
9.303716684178601204e-01 2.038987556666458090e-01
9.303642390739532697e-01 2.040645487780171075e-01
9.301543717764078067e-01 2.088486736608163585e-01
9.299486745236605900e-01 2.137388457723123913e-01
9.297541815743632920e-01 2.185639548830860535e-01
9.295760005668051162e-01 2.231733480866672226e-01
9.295704853095715370e-01 2.233191002007020587e-01
9.293971690476925396e-01 2.279998056460302847e-01
9.292338102979496028e-01 2.326020238827348485e-01
9.290799837752210522e-01 2.371221362626233786e-01
9.289352641615562511e-01 2.415569490059549518e-01
9.289159365235692967e-01 2.421635969053993476e-01
9.287992286055908320e-01 2.459036859694582744e-01
9.286714589564739608e-01 2.501599783773907348e-01
9.285515437337026334e-01 2.543238519032660072e-01
9.284390798383979071e-01 2.583937114927358780e-01
9.283797509195246267e-01 2.606107614079524737e-01
9.283336740149525923e-01 2.623683243131593179e-01
9.282349440750130576e-01 2.662468012017785712e-01
9.281425198975650215e-01 2.700285769682477244e-01
9.280560442208907190e-01 2.737133898822525224e-01
9.279751732428999089e-01 2.773012606525737112e-01
9.279570817406693761e-01 2.781241608777560992e-01
9.278995770471683002e-01 2.807924711740884538e-01
9.278289398720021008e-01 2.841875432904578114e-01
9.277629602397788888e-01 2.874872177894380876e-01
9.277013509633088573e-01 2.906924338180349454e-01
9.276438390452795835e-01 2.938043088756803756e-01
9.276334026951633671e-01 2.943823742153952594e-01
9.275901654859728396e-01 2.968241195159878054e-01
9.275400850134600805e-01 2.997532828617768819e-01
9.274933657493961148e-01 3.025933390141969381e-01
9.274497888224223496e-01 3.053459344150935006e-01
9.274091479400501381e-01 3.080128062023259616e-01
9.273921883035588509e-01 3.091566353975751524e-01
9.273712489287747607e-01 3.105957675805693374e-01
9.273359092510780055e-01 3.130966942151895971e-01
9.273029575069327013e-01 3.155175116439616900e-01
9.272722329264416752e-01 3.178601836905949884e-01
9.272435848593161278e-01 3.201267018551062216e-01
9.272168722660570905e-01 3.223190756488724662e-01
9.272168722660569795e-01 3.223190756488725772e-01
