# n_s, r predictions of a polynomial alpha attractor model with k=1 and N_\star=48.
9.722126225689670109e-01 1.059734409356379064e-04
9.722126225689670109e-01 1.059734409356379064e-04
9.722115980042738137e-01 1.163042166229326483e-04
9.722104674536933278e-01 1.276419584686330538e-04
9.722092202102311509e-01 1.400847945329525691e-04
9.722078445094709531e-01 1.537404108248045429e-04
9.722063274280040579e-01 1.687269813368821273e-04
9.722046547727652976e-01 1.851741883688744260e-04
9.722028109604052837e-01 2.032243418553363067e-04
9.722007788857931487e-01 2.230336072412590165e-04
9.721985397792074490e-01 2.447733523495718242e-04
9.721960730504093373e-01 2.686316246793909210e-04
9.721933561202608098e-01 2.948147716196495910e-04
9.721903642373443954e-01 3.235492172575051332e-04
9.721870702797495989e-01 3.550834106933083698e-04
9.721834445406812852e-01 3.896899621502539213e-04
9.721794544971066321e-01 4.276679846326867014e-04
9.721750645605975460e-01 4.693456604627090729e-04
9.721702358095599683e-01 5.150830537162327978e-04
9.721649257024707058e-01 5.652751913654893842e-04
9.721590877712149581e-01 6.203554378455937175e-04
9.721526712948957982e-01 6.807991897222977120e-04
9.721456209537981952e-01 7.471279192087432923e-04
9.721378764642896186e-01 8.199135973495315149e-04
9.721293721956120182e-01 8.997835297738686821e-04
9.721200367704815326e-01 9.874256399088981138e-04
9.721097926520704258e-01 1.083594236384917940e-03
9.720985557210242156e-01 1.189116302907715665e-03
9.720862348476377868e-01 1.304898349951856855e-03
9.720727314659400875e-01 1.431933868028230274e-03
9.720579391582537809e-01 1.571311421706131318e-03
9.720417432613916997e-01 1.724223421602549301e-03
9.720240205084685892e-01 1.891975607701329096e-03
9.720046387237748498e-01 2.075997270945032468e-03
9.719834565922202962e-01 2.277852230192697718e-03
9.719603235296930821e-01 2.499250567233698983e-03
9.719350796859618224e-01 2.742061102221458792e-03
9.719075561184351564e-01 3.008324563760849790e-03
9.718775751816335351e-01 3.300267369900878548e-03
9.718449511852931266e-01 3.620315885534106798e-03
9.718094913820652936e-01 3.971110955029524131e-03
9.717709973542310031e-01 4.355522422321922785e-03
9.717292668769450525e-01 4.776663239631658703e-03
9.716840963427816336e-01 5.237902625339359297e-03
9.716352838373251144e-01 5.742877555922065724e-03
9.715826329575922848e-01 6.295501660683332050e-03
9.715259574616545990e-01 6.899970326699916313e-03
9.714650868273796425e-01 7.560760511841627812e-03
9.713998727778304643e-01 8.282623406285967785e-03
9.713301967977516771e-01 9.070567683482319218e-03
9.712559786166778952e-01 9.929830654398400652e-03
9.711771855667059583e-01 1.086583421074936544e-02
9.710938426347083263e-01 1.188412205715077066e-02
9.710060429190721099e-01 1.299027445356564295e-02
9.709139580714486462e-01 1.418979660853039032e-02
9.708178481595823861e-01 1.548797709884850056e-02
9.707180702376557724e-01 1.688971338721649562e-02
9.706150847710228735e-01 1.839930282731020925e-02
9.705094589544868144e-01 2.002019964556017717e-02
9.704018659148871961e-01 2.175474139429672132e-02
9.702930788317815081e-01 2.360385232192738908e-02
9.701839591762538850e-01 2.556673589666667509e-02
9.700754385827763393e-01 2.764057403382571068e-02
9.699684943422997030e-01 2.982025583206141320e-02
9.698641191203237755e-01 3.209816296509009070e-02
9.697632862113892971e-01 3.446404122974309342e-02
9.696669123540255786e-01 3.690498698526525206e-02
9.695758207300388953e-01 3.940557239145762308e-02
9.695694221054670381e-01 3.958928125021399930e-02
9.694907071296434697e-01 4.194812403351763641e-02
9.694121122670914525e-01 4.451315608792450612e-02
9.693404028187000421e-01 4.707994299366036889e-02
9.692757629430783783e-01 4.962719991005346692e-02
9.692181969364696004e-01 5.213382486967752666e-02
9.692160739965722804e-01 5.223137381185640610e-02
9.691675424512433690e-01 5.457964720459890229e-02
9.691234925740628281e-01 5.694612450127740227e-02
9.690875634317974718e-01 5.909421231631436372e-02
9.690856242143471855e-01 5.921693566955107957e-02
9.690534298212004627e-01 6.137842980491595157e-02
9.690263494616352391e-01 6.341990717573040004e-02
9.690261968136419934e-01 6.343213157815304204e-02
9.690038006960953743e-01 6.533372692709804586e-02
9.689921109817544176e-01 6.642781501098769803e-02
9.689852043532619641e-01 6.711525299677713330e-02
9.689712250381724568e-01 6.862247551895919728e-02
9.689700050820171384e-01 6.876266295962851771e-02
9.689576863031541532e-01 7.027665276063854716e-02
9.689575074453758985e-01 7.030013935604659259e-02
9.689480185288531500e-01 7.162451287542244416e-02
9.689477797950835081e-01 7.166007336571597608e-02
9.689411850259993519e-01 7.269669245590996975e-02
9.689398705740922546e-01 7.291753395199554455e-02
9.689361027271398141e-01 7.358251999558738932e-02
9.689335979647297759e-01 7.405500161059327957e-02
9.689322218441920320e-01 7.432673285657624695e-02
9.689291924598160133e-01 7.496079909123462559e-02
9.689286538256118853e-01 7.507942104743423051e-02
9.689267832725555474e-01 7.550750074420900515e-02
9.689248364306081163e-01 7.598373903003445562e-02
9.689247788442375553e-01 7.599837071261789090e-02
9.689232412292242413e-01 7.640231777217285081e-02
9.689219181754195054e-01 7.677311464200538282e-02
9.689217576877379168e-01 7.681976513494842562e-02
9.689208089993562867e-01 7.710387220783761208e-02
9.689198702049567347e-01 7.740074543762748283e-02
9.689194136357741627e-01 7.755160759394094661e-02
9.689190687958723069e-01 7.766868889381793595e-02
9.689183793769848840e-01 7.791173584912461370e-02
9.689177821478721642e-01 7.813320296440656731e-02
9.689176031575145176e-01 7.820179290559500784e-02
9.689172614878392986e-01 7.833584270908659775e-02
9.689168049413162676e-01 7.852195845795309492e-02
9.689164024792299434e-01 7.869349251110986654e-02
9.689162107461324336e-01 7.877795705591005004e-02
9.689160459538033177e-01 7.885209418957081495e-02
9.689157286910042854e-01 7.899917307786513687e-02
9.689154451823256409e-01 7.913594106132518236e-02
9.689151908491741017e-01 7.926344581649369392e-02
9.689151442014121152e-01 7.928736854930326650e-02
9.689149618609648185e-01 7.938259771581014645e-02
9.689147549933795345e-01 7.949419160970185028e-02
9.689145675169709149e-01 7.959892458909743895e-02
9.689143971089111407e-01 7.969741056801392387e-02
9.689143304566129045e-01 7.973685542642165724e-02
9.689142417825513665e-01 7.979019233120636378e-02
9.689140998308026775e-01 7.987775154655124554e-02
9.689139697803251794e-01 7.996051713234549052e-02
9.689138503542310543e-01 8.003887228648648433e-02
9.689137404415419930e-01 8.011316042073181320e-02
9.689137119780644181e-01 8.013276170351105177e-02
9.689136390720399783e-01 8.018369019399780584e-02
9.689135453954491606e-01 8.025073980035350718e-02
9.689134586641184876e-01 8.031456063737348050e-02
9.689133782185488375e-01 8.037538045686293264e-02
9.689133034752428486e-01 8.043340608121773982e-02
9.689132437210070670e-01 8.048092726626750182e-02
9.689132339164616692e-01 8.048882575371600623e-02
9.689131690815544484e-01 8.054181117903530529e-02
9.689131085595906745e-01 8.059251930060833125e-02
9.689130519830766453e-01 8.064109385358157744e-02
9.689129990225773259e-01 8.068766672574975707e-02
9.689129493820984873e-01 8.073235915360972570e-02
9.689129027951081108e-01 8.077528277637800735e-02
9.689128905981310158e-01 8.078668582468687132e-02
9.689128590210981384e-01 8.081654056726988999e-02
9.689128178426045235e-01 8.085622765839817205e-02
9.689127790626177461e-01 8.089443207320316798e-02
9.689127425023246198e-01 8.093123537828826597e-02
9.689127079991364244e-01 8.096671326481826025e-02
9.689126754049605106e-01 8.100093606820647774e-02
9.689126445846826252e-01 8.103396923359842963e-02
9.689126254033980645e-01 8.105487625537348417e-02
9.689126154148317571e-01 8.106587373363541293e-02
9.689125877824005251e-01 8.109670644411068330e-02
9.689125615838046768e-01 8.112652048238626346e-02
9.689125367239588282e-01 8.115536551280966293e-02
9.689125131154567860e-01 8.118328802282265277e-02
9.689124906778436852e-01 8.121033157299339944e-02
9.689124693369650654e-01 8.123653702379894648e-02
9.689124490243868904e-01 8.126194274164431908e-02
9.689124296768767408e-01 8.128658478630014506e-02
9.689124271289892842e-01 8.128986341967782414e-02
9.689124112359389640e-01 8.131049708168675005e-02
9.689123936473970078e-01 8.133371157170568577e-02
9.689123768610184984e-01 8.135625836262347366e-02
9.689123608301771773e-01 8.137816585334266273e-02
9.689123455115481454e-01 8.139946085474625281e-02
9.689123308648335264e-01 8.142016869916823829e-02
9.689123168525126673e-01 8.144031334093218555e-02
9.689123034396174283e-01 8.145991744879624297e-02
9.689122905935275698e-01 8.147900249105352599e-02
9.689122796143693206e-01 8.149556528144318024e-02
9.689122782837851222e-01 8.149758881396161614e-02
9.689122664819258546e-01 8.151569571410197113e-02
9.689122551613253975e-01 8.153334150521082679e-02
9.689122442970592441e-01 8.155054357996822934e-02
9.689122338657754074e-01 8.156731846718373591e-02
9.689122238455766256e-01 8.158368188477330141e-02
9.689122142159148909e-01 8.159964878888532891e-02
9.689122049574920847e-01 8.161523341949722399e-02
9.689121960521719368e-01 8.163044934277595421e-02
9.689121874828965364e-01 8.164530949046774899e-02
9.689121792336113925e-01 8.165982619655495767e-02
9.689121712891953786e-01 8.167401123140173580e-02
9.689121704710556005e-01 8.167548381675732161e-02
9.689121636353974498e-01 8.168787583358450011e-02
9.689121562587774683e-01 8.170143073959024171e-02
9.689121491466514691e-01 8.171468621154560907e-02
9.689121422870418110e-01 8.172765206312920805e-02
9.689121356686311026e-01 8.174033768380289944e-02
9.689121292807189034e-01 8.175275206148928386e-02
9.689121231131824219e-01 8.176490380380965761e-02
9.689121171564394341e-01 8.177680115798775795e-02
9.689121114014145331e-01 8.178845202951741389e-02
9.689121058395074870e-01 8.179986399967989485e-02
9.689121004625642630e-01 8.181104434199695796e-02
9.689120952628488270e-01 8.182200003769010688e-02
9.689120902330188301e-01 8.183273779021837946e-02
9.689120902330188301e-01 8.183273779021835170e-02
