# n_s, r predictions of a polynomial alpha attractor model with k=3 and N_\star=40.
9.599728511663284669e-01 1.632600481821880627e-04
9.599728511663284669e-01 1.632600481821880627e-04
9.599698811476062854e-01 1.760578898478001527e-04
9.599666404410742704e-01 1.898613131774617643e-04
9.599631061891683581e-01 2.047497294101919153e-04
9.599592536695782385e-01 2.208088872657836758e-04
9.599550561443526142e-01 2.381313896610080913e-04
9.599504846965358773e-01 2.568172543462075657e-04
9.599455080532593998e-01 2.769745224787936635e-04
9.599400923941188157e-01 2.987199195716000433e-04
9.599342011438577460e-01 3.221795737010792844e-04
9.599277947466365868e-01 3.474897964124680169e-04
9.599208304227181410e-01 3.747979322781029793e-04
9.599132619033103886e-01 4.042632837968365375e-04
9.599050391432840668e-01 4.360581189949409809e-04
9.598961080091145126e-01 4.703687699580210400e-04
9.598864099398195515e-01 5.073968314498306618e-04
9.598758815784299570e-01 5.473604698496434490e-04
9.598644543711256638e-01 5.904958538467528677e-04
9.598520541310044951e-01 6.370587197152052100e-04
9.598386005631378559e-01 6.873260855642345565e-04
9.598240067470281689e-01 7.415981307602458354e-04
9.598081785725343096e-01 8.002002587705876833e-04
9.597910141243326532e-01 8.634853640560205632e-04
9.597724030103931270e-01 9.318363263279293195e-04
9.597522256284586328e-01 1.005668758643131315e-03
9.597303523644100665e-01 1.085434039402410292e-03
9.597066427161727864e-01 1.171622662476315326e-03
9.596809443354008540e-01 1.264767944528874359e-03
9.596530919785899449e-01 1.365450134220637683e-03
9.596337480918041285e-01 1.435233915548695619e-03
9.596229063598082920e-01 1.474300974399963063e-03
9.595901928939267744e-01 1.592008776090151137e-03
9.595547403216335702e-01 1.719324071718617963e-03
9.595163192040059297e-01 1.857065925459729224e-03
9.594746802756540793e-01 2.006128990431212556e-03
9.594295526441921629e-01 2.167491416522119435e-03
9.593806418237977862e-01 2.342223728935491876e-03
9.593276275908160233e-01 2.531498816591054406e-03
9.592701616501112527e-01 2.736603191753602358e-03
9.592078651023879798e-01 2.958949708142440734e-03
9.591871384299079928e-01 3.032939246277272134e-03
9.591403257053361386e-01 3.200091954862008432e-03
9.590670949255565292e-01 3.461740578364481350e-03
9.589876847840737017e-01 3.745781824911669899e-03
9.589015645068861282e-01 4.054298642207943525e-03
9.588081570033842871e-01 4.389594731609604630e-03
9.587068352107964708e-01 4.754222001951898501e-03
9.586760762464501262e-01 4.865123688814489665e-03
9.585969183629658996e-01 5.151011942719621595e-03
9.584776682662613512e-01 5.583111508078743117e-03
9.583482856964047336e-01 6.054024183308464625e-03
9.582079070651999819e-01 6.567656990651712413e-03
9.581146363216164197e-01 6.910592863427286389e-03
9.580556015465406805e-01 7.128374280386506369e-03
9.578903688938782413e-01 7.741059242450810084e-03
9.577111382222064373e-01 8.411184161187313865e-03
9.575167680644637302e-01 9.144890515825215144e-03
9.575116122256477347e-01 9.164456021401456640e-03
9.573060480371813341e-01 9.949080097685034443e-03
9.570777024600184424e-01 1.083151836482808619e-02
9.568742861874474093e-01 1.162782390462089449e-02
9.568303962658190054e-01 1.180095127684604311e-02
9.565627435154872016e-01 1.286723683186406439e-02
9.562733188075650537e-01 1.404149243907851057e-02
9.562093731595506796e-01 1.430403886178026676e-02
9.559606718659219293e-01 1.533625906047128389e-02
9.556233456310502250e-01 1.676568267288893258e-02
9.555231760417696174e-01 1.719692312178574406e-02
9.552598982972153596e-01 1.834571292884594820e-02
9.548689299491533999e-01 2.009431777483224046e-02
9.548215348005664183e-01 2.030987713630961686e-02
9.544491147519266194e-01 2.203171101270457247e-02
9.541097782653092940e-01 2.364537821115694077e-02
9.539992400002829109e-01 2.418058710248186666e-02
9.535182536713495693e-01 2.656635359456688966e-02
9.533927289228164570e-01 2.720466567566358004e-02
9.530053223547351182e-01 2.921734609741901550e-02
9.526747468305423183e-01 3.098751144448237682e-02
9.524599014511935247e-01 3.216500326607014265e-02
9.519597862701197899e-01 3.499203556967619283e-02
9.518818192238829301e-01 3.544396959744805509e-02
9.512713755393524817e-01 3.909208162099055139e-02
9.512514466676704750e-01 3.921455642680236886e-02
9.506294548251773557e-01 4.315017845207354263e-02
9.505530098075614109e-01 4.364947754545658865e-02
9.499576507682241377e-01 4.766166128291517839e-02
9.498674624384313425e-01 4.828921668427698516e-02
9.492583974639607902e-01 5.267170986921065196e-02
9.491975067986720971e-01 5.312418256216751983e-02
9.485455626953055441e-01 5.814280300146747182e-02
9.485350980467511794e-01 5.822605061734085347e-02
9.479137647196088645e-01 6.333160603810875089e-02
9.477922373782399212e-01 6.436916579279357287e-02
9.473039576644632920e-01 6.867535316745440599e-02
9.470354605175220764e-01 7.114184448769091118e-02
9.467176925577444058e-01 7.415722150047121541e-02
9.462715942419152038e-01 7.857801346398246567e-02
9.461562250817853181e-01 7.975902934627664143e-02
9.456205175600399526e-01 8.546149775477593358e-02
9.455085861656392643e-01 8.670086089146250563e-02
9.451112451739033249e-01 9.124453897710010919e-02
9.447553368688814679e-01 9.551838687586794441e-02
9.446288066281116613e-01 9.708756174117440241e-02
9.441733391152091759e-01 1.029697827598471255e-01
9.440214069821433185e-01 1.050186817374279685e-01
9.437447371391832762e-01 1.088705340089372725e-01
9.433426745463036056e-01 1.147695559985829616e-01
9.433165950070780958e-01 1.151654305134612588e-01
9.429666289750775476e-01 1.206472684361126618e-01
9.426504029358309111e-01 1.258943316552252611e-01
9.426159078725446783e-01 1.264850112273690486e-01
9.422896752220725203e-01 1.322652505534830381e-01
9.420314329624935867e-01 1.371112373014412023e-01
9.419869781780799700e-01 1.379717466501185208e-01
9.417067728930091919e-01 1.435896817749892640e-01
9.414667840369628227e-01 1.486927973249627111e-01
9.414479489385404465e-01 1.491057485642335867e-01
9.412093518540175507e-01 1.545082004633037964e-01
9.409898034893316998e-01 1.597868671177767042e-01
9.409615334874383841e-01 1.604901589976216458e-01
9.407881199380913051e-01 1.649331384980374793e-01
9.406031269730623645e-01 1.699399221097860069e-01
9.405183883073168216e-01 1.723358282272508257e-01
9.404336729952670337e-01 1.748015779315826301e-01
9.402786395885092130e-01 1.795138357582107824e-01
9.401375687228873401e-01 1.840532059525075426e-01
9.401369498320327756e-01 1.840736994603885957e-01
9.400075745664626670e-01 1.884793423466714080e-01
9.398895368340053347e-01 1.927299973805456368e-01
9.398169462097601956e-01 1.954677224359658017e-01
9.397819147255900285e-01 1.968258455086964454e-01
9.396838428679011868e-01 2.007679048328464833e-01
9.395945127747785675e-01 2.045579228376566694e-01
9.395524096175169593e-01 2.064180863329114768e-01
9.395131722727401158e-01 2.081982733937258190e-01
9.394391241915858171e-01 2.116918598034727705e-01
9.393717244900001706e-01 2.150420247582560673e-01
9.393383909352487349e-01 2.167660889209439556e-01
9.393103799642327223e-01 2.182524677320120954e-01
9.392545456664012082e-01 2.213271700505712314e-01
9.392037221384861301e-01 2.242703276444015237e-01
9.391684589263885607e-01 2.264036938731733006e-01
9.391574525492580872e-01 2.270862913113191883e-01
9.391153198043735717e-01 2.297795141796931950e-01
9.390769436849633056e-01 2.323545059653563949e-01
9.390419780571119812e-01 2.348157935511157035e-01
9.390358895447824539e-01 2.352567082581928926e-01
9.390101081836680352e-01 2.371678873804149990e-01
9.389810481606659653e-01 2.394152531409964590e-01
9.389545384931179406e-01 2.415622882155495366e-01
9.389341430718972648e-01 2.432849921244769342e-01
9.389303438188592033e-01 2.436133023901543293e-01
9.389082507843090619e-01 2.455725023342907043e-01
9.388880660722591642e-01 2.474439793953975841e-01
9.388696145789593439e-01 2.492317002840448159e-01
9.388572095839831100e-01 2.504797337498942955e-01
9.388527377356711279e-01 2.509395002608882375e-01
9.388372919683786177e-01 2.525710784722496882e-01
9.388231472883507012e-01 2.541299951163472626e-01
9.388101860056553560e-01 2.556196701561062046e-01
9.387998158462810272e-01 2.568586692949780259e-01
9.387983015574307144e-01 2.570433833265763357e-01
9.387873974426660384e-01 2.584042752149232069e-01
9.387773862553595583e-01 2.597053492185777412e-01
9.387681888081762516e-01 2.609494742123007471e-01
9.387597333390589327e-01 2.621393877777261072e-01
9.387575102994285547e-01 2.624602262892555826e-01
9.387519547936571396e-01 2.632776998693677206e-01
9.387447941768408688e-01 2.643668968094324279e-01
9.387381979671235444e-01 2.654093455194442286e-01
9.387321175880370960e-01 2.664072979120694074e-01
9.387266554832883747e-01 2.673374662973262983e-01
9.387265089312969435e-01 2.673628953773254935e-01
9.387213319267080358e-01 2.682781733097838184e-01
9.387165501543683899e-01 2.691550656319278145e-01
9.387121304950545309e-01 2.699954092772802183e-01
9.387080428150528233e-01 2.708009486038897018e-01
9.387043601076243693e-01 2.715524790221413576e-01
9.387042596820469598e-01 2.715733397147730988e-01
9.387007561089844021e-01 2.723141546670417301e-01
9.386975093231416656e-01 2.730248855557781962e-01
9.386944985578760114e-01 2.737069484624089499e-01
9.386917048647942519e-01 2.743616872603906187e-01
9.386891109442954129e-01 2.749903772736060348e-01
9.386883792212324940e-01 2.751716236664233928e-01
9.386867009926455063e-01 2.755942287849938999e-01
9.386844605639282912e-01 2.761743903946904943e-01
9.386823764453793295e-01 2.767319522283958055e-01
9.386804365447651843e-01 2.772679489978201461e-01
9.386786297886013930e-01 2.777833629160006423e-01
9.386770040330381093e-01 2.782617849164585877e-01
9.386769460301287449e-01 2.782791264709830736e-01
9.386753759660735330e-01 2.787561250619224329e-01
9.386739110613193660e-01 2.792151995020646926e-01
9.386725434807076107e-01 2.796571483933633084e-01
9.386712660272581443e-01 2.800827303776812771e-01
9.386700720861812508e-01 2.804926662696340944e-01
9.386689555741096758e-01 2.808876410761863562e-01
9.386689555741096758e-01 2.808876410761863007e-01
