# n_s, r predictions of a polynomial alpha attractor model with k=1 and N_\star=46.
9.710044435305065225e-01 1.121600692541259903e-04
9.710044435305065225e-01 1.121600692541415621e-04
9.710033672064650734e-01 1.230938772421963465e-04
9.710021793007407309e-01 1.350934181477550576e-04
9.710008685257762728e-01 1.482625445801084906e-04
9.709994224786052675e-01 1.627152242728055031e-04
9.709978275334864017e-01 1.785765242573811925e-04
9.709960687252088274e-01 1.959836905645383567e-04
9.709941296217907691e-01 2.150873326726091418e-04
9.709919921858465308e-01 2.360527227957506834e-04
9.709896366237433796e-01 2.590612210589048970e-04
9.709870412215031443e-01 2.843118386471355516e-04
9.709841821669671358e-01 3.120229521399883960e-04
9.709810333565345175e-01 3.424341834831672667e-04
9.709775661862257712e-01 3.758084613607104224e-04
9.709737493257418750e-01 4.124342811823514796e-04
9.709695484746866390e-01 4.526281824412115560e-04
9.709649261001025433e-01 4.967374638620914492e-04
9.709598411545473651e-01 5.451431585349068767e-04
9.709542487741879002e-01 5.982632931120146144e-04
9.709480999561312942e-01 6.565564571490542685e-04
9.709413412154185297e-01 7.205257107217037833e-04
9.709339142213002649e-01 7.907228606234167120e-04
9.709257554137259438e-01 8.677531376006647739e-04
9.709167956012718648e-01 9.522803092417981945e-04
9.709069595422166188e-01 1.045032265207933948e-03
9.708961655121977063e-01 1.146807113333996823e-03
9.708843248616525479e-01 1.258479826730199988e-03
9.708713415695363613e-01 1.381009482967015438e-03
9.708571117996653843e-01 1.515447136793909595e-03
9.708415234695717544e-01 1.662944366974699077e-03
9.708244558436298632e-01 1.824762535547945356e-03
9.708057791655306801e-01 2.002282793430965654e-03
9.707853543488292880e-01 2.197016859112115635e-03
9.707630327486183042e-01 2.410618586267298386e-03
9.707386560425879107e-01 2.644896320274110497e-03
9.707120562551514453e-01 2.901826021335141698e-03
9.706830559658052859e-01 3.183565101141586171e-03
9.706514687493541516e-01 3.492466878662238948e-03
9.706170999044921865e-01 3.831095505415299963e-03
9.705797475355398829e-01 4.202241138232792189e-03
9.705392040610523186e-01 4.608935043699930595e-03
9.704952582312926790e-01 5.054464198389350786e-03
9.704476977442039187e-01 5.542384797177220095e-03
9.703963125540223666e-01 6.076533892851349559e-03
9.703408989686187480e-01 6.661038157884475661e-03
9.702812646269931562e-01 7.300318479299616574e-03
9.702172344363599876e-01 7.999088766941837847e-03
9.701486575253249756e-01 8.762346975379401229e-03
9.700754152329832403e-01 9.595355917245345506e-03
9.699974301001039745e-01 1.050361099774676718e-02
9.699146757550156650e-01 1.149279155643504434e-02
9.698271874912482993e-01 1.256869211147759388e-02
9.697350732159888409e-01 1.373712953504726587e-02
9.696385243100390516e-01 1.500382214485241304e-02
9.695378257871721805e-01 1.637423700424641207e-02
9.694333649844970591e-01 1.785340253613482142e-02
9.693256378725877420e-01 1.944568504414858137e-02
9.692152519687166068e-01 2.115453006144014242e-02
9.691029247978207861e-01 2.298217273309200240e-02
9.689894769081394132e-01 2.492932570501472239e-02
9.688758186441227549e-01 2.699485810117005155e-02
9.687629302331262071e-01 2.917548475190981372e-02
9.686518352611430682e-01 3.146549023903447151e-02
9.685435682746311725e-01 3.385651661412940328e-02
9.684391379920352927e-01 3.633744568421814342e-02
9.683394883432285827e-01 3.889440537133072306e-02
9.682454601515912973e-01 4.151092391723894964e-02
9.682388614708725694e-01 4.170303136638737335e-02
9.681577565972742105e-01 4.416824528153230622e-02
9.680769155400749115e-01 4.684580451407508589e-02
9.680032912830810465e-01 4.952184474315268065e-02
9.679370474549787717e-01 5.217414018721942826e-02
9.678781615019385054e-01 5.478077522977573693e-02
9.678759919937635070e-01 5.488214816919795291e-02
9.678264400023472991e-01 5.732092086842812545e-02
9.677815428703963052e-01 5.977554863195261303e-02
9.677449851025122785e-01 6.200096537954428999e-02
9.677430136909168645e-01 6.212802878752349961e-02
9.677103130475440684e-01 6.436457317295365965e-02
9.676828517889735082e-01 6.647450082227605861e-02
9.676826971213796647e-01 6.648712794014971506e-02
9.676600216498061346e-01 6.845032357686743618e-02
9.676482005220693461e-01 6.957890824238188721e-02
9.676412213649568939e-01 7.028766605854644411e-02
9.676271080125057322e-01 7.184066938195486640e-02
9.676258772297809951e-01 7.198504744416979462e-02
9.676134578195301206e-01 7.354356024934800840e-02
9.676132776243321354e-01 7.356772691664824337e-02
9.676037234173651136e-01 7.492992201881416847e-02
9.676034831927573521e-01 7.496648375748436732e-02
9.675968505192171776e-01 7.603196070629042458e-02
9.675955293171770721e-01 7.625886765810503676e-02
9.675917437591079473e-01 7.694194243985510995e-02
9.675892286731853087e-01 7.742711622437167818e-02
9.675878474176760058e-01 7.770608657930962171e-02
9.675848081967426406e-01 7.835687312441702579e-02
9.675842680406130381e-01 7.847859642343704700e-02
9.675823927839424243e-01 7.891779804712886759e-02
9.675804420883529211e-01 7.940628029771754082e-02
9.675803844055086422e-01 7.942128600086936774e-02
9.675788446187046921e-01 7.983550809656317360e-02
9.675775203701243443e-01 8.021565037646757879e-02
9.675773597837132867e-01 8.026347076709752781e-02
9.675764107324841268e-01 8.055467434984227293e-02
9.675754719793943082e-01 8.085891097733588495e-02
9.675750155880632475e-01 8.101349461824655651e-02
9.675746709562549341e-01 8.113345462420147591e-02
9.675739821578336342e-01 8.138245100174198998e-02
9.675733857063016918e-01 8.160930821314218986e-02
9.675732069961557880e-01 8.167956149082855610e-02
9.675728659261130238e-01 8.181685384592660149e-02
9.675724103226067685e-01 8.200745354860547454e-02
9.675720088387560480e-01 8.218310167819653511e-02
9.675718176243337521e-01 8.226958547416821088e-02
9.675716533067791891e-01 8.234549140474871354e-02
9.675713370383610679e-01 8.249606950751622869e-02
9.675710545148588082e-01 8.263607962633419401e-02
9.675708011505680384e-01 8.276659671002704888e-02
9.675707546898467681e-01 8.279108352390271430e-02
9.675705731100067153e-01 8.288855468381377267e-02
9.675703671655866422e-01 8.300276884369715835e-02
9.675701805857863658e-01 8.310995411432373081e-02
9.675700110465838000e-01 8.321074003519607354e-02
9.675699447490693217e-01 8.325110439640953652e-02
9.675698565607812052e-01 8.330568313942655900e-02
9.675697154212117290e-01 8.339527723944854809e-02
9.675695861547978227e-01 8.347996202128560306e-02
9.675694674851578192e-01 8.356013026325571913e-02
9.675693583019899791e-01 8.363613392931870671e-02
9.675693300329542001e-01 8.365618730379946466e-02
9.675692576358686514e-01 8.370828933657324666e-02
9.675691646373842936e-01 8.377688155698609362e-02
9.675690785597969024e-01 8.384216818256143289e-02
9.675689987445390550e-01 8.390438255882942675e-02
9.675689246090491968e-01 8.396373657223640818e-02
9.675688653571726805e-01 8.401234413996776229e-02
9.675688556365161785e-01 8.402042306162865737e-02
9.675687913671998652e-01 8.407461791167673837e-02
9.675687313910564802e-01 8.412648187613169792e-02
9.675686753414513008e-01 8.417616217073602136e-02
9.675686228897775187e-01 8.422379386904284282e-02
9.675685737408369347e-01 8.426950112901931966e-02
9.675685276288598091e-01 8.431339827389582042e-02
9.675685155585477260e-01 8.432505975840963452e-02
9.675684843140671676e-01 8.435559074707395244e-02
9.675684435796908511e-01 8.439617595788961868e-02
9.675684052293841431e-01 8.443524403251341515e-02
9.675683690849654628e-01 8.447287848217426010e-02
9.675683349844469427e-01 8.450915679913559297e-02
9.675683027803066993e-01 8.454415098937689832e-02
9.675682723379737116e-01 8.457792804968526645e-02
9.675682533966242227e-01 8.459930554617507703e-02
9.675682435344922228e-01 8.461055039581114046e-02
9.675682162573451262e-01 8.464207624744583824e-02
9.675681904034134639e-01 8.467255997501610398e-02
9.675681658780536099e-01 8.470205241264329443e-02
9.675681425942797009e-01 8.473060114105657181e-02
9.675681204720354422e-01 8.475825074377282831e-02
9.675680994375456256e-01 8.478504303944421616e-02
9.675680794227363712e-01 8.481101729292124525e-02
9.675680603647179856e-01 8.483621040727194751e-02
9.675680578553967903e-01 8.483956233275136150e-02
9.675680422053204444e-01 8.486065709873130691e-02
9.675680248906769476e-01 8.488439005632654466e-02
9.675680083708499968e-01 8.490744008772151130e-02
9.675679925994937758e-01 8.492983625264764747e-02
9.675679775335511712e-01 8.495160598513817884e-02
9.675679631329783259e-01 8.497277520564616715e-02
9.675679493604973924e-01 8.499336842400932734e-02
9.675679361813713797e-01 8.501340883412278338e-02
9.675679235632004271e-01 8.503291840108728739e-02
9.675679127821064096e-01 8.504984943136491282e-02
9.675679114757370636e-01 8.505191794152301699e-02
9.675678998907178974e-01 8.507042719766474970e-02
9.675678887817100726e-01 8.508846490579383137e-02
9.675678781239726023e-01 8.510604885950551202e-02
9.675678678943278044e-01 8.512319596826060930e-02
9.675678580710461718e-01 8.513992231162648139e-02
9.675678486337393469e-01 8.515624318957298877e-02
9.675678395632624218e-01 8.517217316915513814e-02
9.675678308416252316e-01 8.518772612787986476e-02
9.675678224519104198e-01 8.520291529403012376e-02
9.675678143781973883e-01 8.521775328419230189e-02
9.675678066054941295e-01 8.523225213820936896e-02
9.675678058051888630e-01 8.523375729490673125e-02
9.675677991196727223e-01 8.524642335176518815e-02
9.675677919074109345e-01 8.526027790678372686e-02
9.675677849561384880e-01 8.527382629981340723e-02
9.675677782539865435e-01 8.528707856854984837e-02
9.675677717897422925e-01 8.530004431663847086e-02
9.675677655528053256e-01 8.531273273688519398e-02
9.675677595331494407e-01 8.532515263299360331e-02
9.675677537212846735e-01 8.533731243993653015e-02
9.675677481082249898e-01 8.534922024306092203e-02
9.675677426854557561e-01 8.536088379601698695e-02
9.675677374449048740e-01 8.537231053759540556e-02
9.675677323789159123e-01 8.538350760754867541e-02
9.675677274802226835e-01 8.539448186146916808e-02
9.675677274802226835e-01 8.539448186146919584e-02
