# n_s, r predictions of a polynomial alpha attractor model with k=1 and N_\star=49.
9.727797279438690214e-01 1.031000316828954960e-04
9.727797279438690214e-01 1.031000316828954960e-04
9.727787276474407774e-01 1.131507238665253949e-04
9.727776239808643144e-01 1.241810870819262604e-04
9.727764065080135580e-01 1.362865904616900156e-04
9.727750637624168473e-01 1.495720022777819098e-04
9.727735831483197426e-01 1.641522948265796366e-04
9.727719508328760423e-01 1.801536371679795189e-04
9.727701516285827132e-01 1.977144841999753193e-04
9.727681688651683700e-01 2.169867713580579248e-04
9.727659842503920684e-01 2.381372251027563680e-04
9.727635777181941057e-01 2.613488003291644917e-04
9.727609272644536231e-01 2.868222568531628158e-04
9.727580087683342924e-01 3.147778882864965761e-04
9.727547957990629879e-01 3.454574178196676676e-04
9.727512594069260832e-01 3.791260767706626099e-04
9.727473678977084370e-01 4.160748831846486796e-04
9.727430865897582768e-01 4.566231393093924404e-04
9.727383775527611576e-01 5.011211684206794094e-04
9.727331993281969069e-01 5.499533132063656260e-04
9.727275066299951867e-01 6.035412198045005290e-04
9.727212500262952810e-01 6.623474334792101882e-04
9.727143756016692899e-01 7.268793339654148295e-04
9.727068246006120855e-01 7.976934405322344242e-04
9.726985330532479379e-01 8.754001188601675046e-04
9.726894313850821261e-01 9.606687237884741675e-04
9.726794440129000741e-01 1.054233213825288762e-03
9.726684889311743021e-01 1.156898274800389863e-03
9.726564772929380265e-01 1.269545991218880374e-03
9.726433129922114063e-01 1.393143104257353951e-03
9.726288922560676342e-01 1.528748894901362345e-03
9.726131032571151414e-01 1.677523728903553826e-03
9.725958257598927847e-01 1.840738296627373238e-03
9.725769308180446382e-01 2.019783574763530428e-03
9.725562805430383317e-01 2.216181527538178733e-03
9.725337279699725057e-01 2.431596551281878064e-03
9.725091170510036243e-01 2.667847646801189965e-03
9.724822828135515351e-01 2.926921277044586787e-03
9.724530517267440111e-01 3.210984831129647370e-03
9.724212423274098960e-01 3.522400567076792392e-03
9.723866661647226906e-01 3.863739841533445508e-03
9.723491291311580076e-01 4.237797351420787180e-03
9.723084332547647923e-01 4.647605005627188784e-03
9.722643790356854110e-01 5.096444909218974736e-03
9.722167684143033783e-01 5.587860773331617542e-03
9.721654084608765123e-01 6.125666855118447503e-03
9.721101158735040437e-01 6.713953279468414491e-03
9.720507223615474368e-01 7.357086294406617669e-03
9.719870809723958338e-01 8.059701665233709109e-03
9.719190733879728983e-01 8.826689023797577166e-03
9.718466181706706397e-01 9.663164572180523576e-03
9.717696798736678021e-01 1.057442911961783104e-02
9.716882788457057440e-01 1.156590804877756853e-02
9.716025014545299765e-01 1.264306952442193800e-02
9.715125103277272300e-01 1.381131716062111714e-02
9.714185540692256149e-01 1.507585356605829416e-02
9.713209757633309849e-01 1.644151183038392375e-02
9.712202194403658506e-01 1.791255325569026530e-02
9.711168335695090637e-01 1.949243163320223474e-02
9.710114705919192790e-01 2.118352724172675033e-02
9.709048815417390399e-01 2.298685754830833219e-02
9.707979049555378603e-01 2.490177623207947069e-02
9.706914495678020671e-01 2.692567733599845331e-02
9.705864707422183768e-01 2.905372652915873960e-02
9.704839411822417938e-01 3.127864581473961680e-02
9.703848171532989397e-01 3.359058050642547283e-02
9.702900021501326133e-01 3.597707680565540023e-02
9.702003105427122742e-01 3.842319389744947716e-02
9.701940073952717292e-01 3.860295462016532370e-02
9.701164341059834717e-01 4.091176567387224544e-02
9.700389143701604322e-01 4.342381429622843569e-02
9.699681233543663295e-01 4.593910207808076657e-02
9.699042544771826480e-01 4.843679177228996796e-02
9.698473243694302193e-01 5.089617100185857973e-02
9.698452238918334745e-01 5.099191243762021125e-02
9.697971851160711587e-01 5.329738699243796729e-02
9.697535453321667331e-01 5.562213494453448204e-02
9.697179211992016379e-01 5.773358210670789109e-02
9.697159976232538892e-01 5.785424806639524742e-02
9.696840495249045011e-01 5.998014871049452829e-02
9.696571549993906469e-01 6.198913613659307043e-02
9.696570033382870824e-01 6.200116931500964518e-02
9.696347439380494926e-01 6.387350430108029720e-02
9.696231187198773860e-01 6.495119749011087074e-02
9.696162477565354321e-01 6.562849981870348681e-02
9.696023345320623488e-01 6.711394962321873270e-02
9.696011199274175985e-01 6.725214351730880724e-02
9.695888510303913854e-01 6.874494745973773469e-02
9.695886728377171027e-01 6.876811037153604533e-02
9.695792164983162431e-01 7.007447892077366125e-02
9.695789785115613846e-01 7.010956267176064738e-02
9.695724028107679526e-01 7.113243918869766036e-02
9.695710917748535662e-01 7.135039172133852969e-02
9.695673329374790983e-01 7.200676113963838665e-02
9.695648334721389539e-01 7.247319592635645402e-02
9.695634600058115060e-01 7.274147798612971838e-02
9.695604357651433913e-01 7.336757671353047461e-02
9.695598979374115967e-01 7.348472069950819086e-02
9.695580299084093356e-01 7.390749982873864865e-02
9.695560851985287609e-01 7.437790222867350642e-02
9.695560276669114019e-01 7.439235563127911954e-02
9.695544913222937655e-01 7.479140480263234136e-02
9.695531690425061022e-01 7.515774657664547886e-02
9.695530086268671077e-01 7.520383933971830359e-02
9.695520602600716797e-01 7.548456316214377515e-02
9.695511215950056716e-01 7.577792571886105000e-02
9.695506650143920213e-01 7.592701350037148189e-02
9.695503201311401753e-01 7.604272222436214701e-02
9.695496305294745154e-01 7.628293239217076582e-02
9.695490330292987347e-01 7.650182932017167425e-02
9.695488539355822111e-01 7.656962610603977593e-02
9.695485120382760780e-01 7.670212968789956454e-02
9.695480551212299902e-01 7.688610719718463882e-02
9.695476522638273309e-01 7.705567934135677810e-02
9.695474603178194650e-01 7.713918093404867338e-02
9.695472953289762108e-01 7.721247454442897729e-02
9.695469776503952142e-01 7.735788466397905405e-02
9.695466937251880912e-01 7.749310645028674449e-02
9.695464389788009951e-01 7.761917458048771257e-02
9.695463922509052201e-01 7.764282829196392233e-02
9.695462095835284400e-01 7.773698819997498788e-02
9.695460023170724417e-01 7.784733241282487670e-02
9.695458144513665610e-01 7.795089580833429455e-02
9.695456436644878107e-01 7.804828485131241889e-02
9.695455768571012989e-01 7.808729115800824849e-02
9.695454879703381268e-01 7.814003577197400907e-02
9.695453456621159205e-01 7.822662444808627102e-02
9.695452152665731127e-01 7.830847466411368363e-02
9.695450955067703713e-01 7.838596505008185722e-02
9.695449852715736228e-01 7.845943494002222129e-02
9.695449567220306708e-01 7.847882059101551899e-02
9.695448835905337015e-01 7.852918934131324080e-02
9.695447896130910959e-01 7.859550316846766749e-02
9.695447025912755645e-01 7.865862486533969911e-02
9.695446218652462589e-01 7.871877951640171567e-02
9.695445468511508791e-01 7.877617152924677735e-02
9.695444868728698706e-01 7.882317453191182988e-02
9.695444770308906390e-01 7.883098695571105763e-02
9.695444119434540875e-01 7.888339550717131388e-02
9.695443511775541090e-01 7.893355231001909778e-02
9.695442943653475032e-01 7.898159943957322460e-02
9.695442411770586189e-01 7.902766726438407996e-02
9.695441913163631575e-01 7.907187562772273470e-02
9.695441445164104666e-01 7.911433488880680043e-02
9.695441322626217051e-01 7.912561466500359075e-02
9.695441005363857334e-01 7.915514684281399482e-02
9.695440591585310353e-01 7.919440553583299847e-02
9.695440201855544116e-01 7.923219798848796236e-02
9.695439834383734468e-01 7.926860483995912254e-02
9.695439487541416268e-01 7.930370092243148317e-02
9.695439159845209431e-01 7.933755577458567743e-02
9.695438849941625525e-01 7.937023410154665781e-02
9.695438657048667253e-01 7.939091670611103657e-02
9.695438556593724000e-01 7.940179618769246939e-02
9.695438278669307186e-01 7.943229826786520065e-02
9.695438015130505294e-01 7.946179286179377854e-02
9.695437765024537136e-01 7.949032907591303820e-02
9.695437527475511130e-01 7.951795287622892561e-02
9.695437301677127806e-01 7.954470733541811611e-02
9.695437086886182776e-01 7.957063285695779864e-02
9.695436882416752500e-01 7.959576737873826080e-02
9.695436687635008433e-01 7.962014655831647914e-02
9.695436661982037574e-01 7.962339023068905342e-02
9.695436501954558528e-01 7.964380394171385880e-02
9.695436324832272801e-01 7.966677111743833417e-02
9.695436155764521891e-01 7.968907785721800197e-02
9.695435994283804204e-01 7.971075224476541210e-02
9.695435839955692803e-01 7.973182079374298292e-02
9.695435692376075387e-01 7.975230855597217894e-02
9.695435551168675170e-01 7.977223922081450036e-02
9.695435415982782690e-01 7.979163520655370434e-02
9.695435286491214111e-01 7.981051774452030401e-02
9.695435175803829297e-01 7.982690487910515387e-02
9.695435162388458261e-01 7.982890695662189784e-02
9.695435043388976881e-01 7.984682192687478364e-02
9.695434929225675846e-01 7.986428076747156823e-02
9.695434819648494074e-01 7.988130067986508320e-02
9.695434714423128986e-01 7.989789801130253721e-02
9.695434613329866336e-01 7.991408830719969048e-02
9.695434516162506622e-01 7.992988635970853240e-02
9.695434422727393642e-01 7.994530625279626379e-02
9.695434332842503000e-01 7.996036140412655924e-02
9.695434246336633866e-01 7.997506460400151396e-02
9.695434163048636256e-01 7.998942805160591529e-02
9.695434082826729361e-01 8.000346338876590524e-02
9.695434074564548421e-01 8.000492043696896816e-02
9.695434005527847621e-01 8.001718173142119417e-02
9.695433931017058971e-01 8.003059369898793407e-02
9.695433859167016388e-01 8.004370944177621738e-02
9.695433789857458295e-01 8.005653866661048557e-02
9.695433722974741153e-01 8.006909066078905790e-02
9.695433658411408695e-01 8.008137431450691734e-02
9.695433596065803350e-01 8.009339814185525985e-02
9.695433535841684325e-01 8.010517030050300080e-02
9.695433477647902309e-01 8.011669861015444094e-02
9.695433421398068630e-01 8.012799056987222890e-02
9.695433367010269921e-01 8.013905337434525100e-02
9.695433314406793901e-01 8.014989392917626354e-02
9.695433263513875133e-01 8.016051886525704662e-02
9.695433263513875133e-01 8.016051886525701886e-02
