# n_s, r predictions of a polynomial alpha attractor model with k=1 and N_\star=42.
9.682429029663068842e-01 1.266218818068037843e-04
9.682429029663026654e-01 1.266218818068037843e-04
9.682417081797696223e-01 1.389653078492898242e-04
9.682403889156927512e-01 1.525118324976188324e-04
9.682389325439094696e-01 1.673786885141845585e-04
9.682373251834519579e-01 1.836945259432225469e-04
9.682355515830136650e-01 2.016005227749916658e-04
9.682335949898326355e-01 2.212516033820049772e-04
9.682314370070692622e-01 2.428177751114251476e-04
9.682290574384174731e-01 2.664855944104810217e-04
9.682264341190480739e-01 2.924597749319406787e-04
9.682235427321336241e-01 3.209649512323782105e-04
9.682203566090243907e-01 3.522476129576221360e-04
9.682168465136394842e-01 3.865782257580964052e-04
9.682129804083002833e-01 4.242535567065632593e-04
9.682087232011118427e-01 4.655992235658034826e-04
9.682040364734828541e-01 5.109724890039517515e-04
9.681988781869033112e-01 5.607653227063768816e-04
9.681932023682477961e-01 6.154077563120290617e-04
9.681869587728944015e-01 6.753715581998834738e-04
9.681800925254101520e-01 7.411742573549485926e-04
9.681725437374030241e-01 8.133835478445184362e-04
9.681642471033450326e-01 8.926221077711944544e-04
9.681551314747850467e-01 9.795728689620225148e-04
9.681451194147684403e-01 1.074984775959726127e-03
9.681341267347304269e-01 1.179679075084357669e-03
9.681220620174665337e-01 1.294556176265811501e-03
9.681088261310419885e-01 1.420603131869925453e-03
9.680943117399578579e-01 1.558901777637616533e-03
9.680784028222411131e-01 1.710637580796974845e-03
9.680609742035185539e-01 1.877109239042069845e-03
9.680418911219139666e-01 2.059739070890157127e-03
9.680210088413689906e-01 2.260084232223007628e-03
9.679981723351553935e-01 2.479848784769071550e-03
9.679732160663263585e-01 2.720896628757143131e-03
9.679459638976449787e-01 2.985265292557865487e-03
9.679162291703107268e-01 3.275180545015234698e-03
9.678838149979857031e-01 3.593071759177405167e-03
9.678485148317439446e-01 3.941587906286332307e-03
9.678101133598501216e-01 4.323613993087187593e-03
9.677683878165113107e-01 4.742287669306707691e-03
9.677231097830905071e-01 5.201015620988976192e-03
9.676740475744967096e-01 5.703489223579310402e-03
9.676209693107837850e-01 6.253698750253351007e-03
9.675636467789854311e-01 6.855945209519288645e-03
9.675018601898979220e-01 7.514848615839372740e-03
9.674354039280996798e-01 8.235351172909625983e-03
9.673640933769273031e-01 9.022713469640978798e-03
9.672877728710926881e-01 9.882501356515921084e-03
9.672063247841979905e-01 1.082056069570256143e-02
9.671196796931891271e-01 1.184297668446644518e-02
9.670278274737159618e-01 1.295601397683820988e-02
9.669308290674962780e-01 1.416603343371308429e-02
9.668288285253644476e-01 1.547938110410916092e-02
9.667220647711680659e-01 1.690224509879988124e-02
9.666108823602421740e-01 1.844047651226464815e-02
9.664957403359591970e-01 2.009937165644313378e-02
9.663772181400355210e-01 2.188341477748302621e-02
9.662560174352813336e-01 2.379598330340468998e-02
9.661329586881262088e-01 2.583902162018049745e-02
9.660089714696704633e-01 2.801269437210154173e-02
9.658850777027193635e-01 3.031503610229578302e-02
9.657623675296989063e-01 3.274162019073677266e-02
9.656419681009921208e-01 3.528527569423117738e-02
9.655250063485522061e-01 3.793588473569830394e-02
9.654125676379491372e-01 4.068029424083267204e-02
9.653056529646357742e-01 4.350237284747766886e-02
9.652051379331704206e-01 4.638323587205139126e-02
9.651980983236996270e-01 4.659446987973810128e-02
9.651117369879663732e-01 4.930164821926980717e-02
9.650259761455528551e-01 5.223459802088749326e-02
9.649481767811034505e-01 5.515801465855091346e-02
9.648784519128845716e-01 5.804758661588398788e-02
9.648167150703794714e-01 6.087962057621182366e-02
9.648144452481239863e-01 6.098960171644688538e-02
9.647627004526403427e-01 6.363187613377550844e-02
9.647159919214366441e-01 6.628431200454512617e-02
9.646780972950868005e-01 6.868291556569880441e-02
9.646760576198182280e-01 6.881968961127281348e-02
9.646422867569548476e-01 7.122399658792057109e-02
9.646140253415356192e-01 7.348667307765004153e-02
9.646138664465097046e-01 7.350019813401985347e-02
9.645906082697492945e-01 7.560064420551255993e-02
9.645785148031128520e-01 7.680600362456727059e-02
9.645713860157850705e-01 7.756217967501687072e-02
9.645569979049180009e-01 7.921692775577925116e-02
9.645557450596955462e-01 7.937061393753894190e-02
9.645431219767192088e-01 8.102796694461739113e-02
9.645429390961791638e-01 8.105364261150188598e-02
9.645332548757640234e-01 8.249972485088381824e-02
9.645330117140256121e-01 8.253850641984908365e-02
9.645263051234110874e-01 8.366794343943341483e-02
9.645249709620669076e-01 8.390828902322672311e-02
9.645211518719144506e-01 8.463143171773247764e-02
9.645186177010098838e-01 8.514471127754963398e-02
9.645172271490620730e-01 8.543970904553412071e-02
9.645141707206573711e-01 8.612750629224005805e-02
9.645136280099467774e-01 8.625609324735379613e-02
9.645117451787318386e-01 8.671990601376468322e-02
9.645097889282796544e-01 8.723547690797434084e-02
9.645097311203689738e-01 8.725131001018927857e-02
9.645081889020512556e-01 8.768826031999644999e-02
9.645068640790722680e-01 8.808907127628877454e-02
9.645067035273167111e-01 8.813947884814564426e-02
9.645057551807963980e-01 8.844637509386106544e-02
9.645048180337815191e-01 8.876689281895408512e-02
9.645043627826767052e-01 8.892970432243987866e-02
9.645040191803926355e-01 8.905602858925797116e-02
9.645033329078298578e-01 8.931817718632509284e-02
9.645027391950133921e-01 8.955694922421104931e-02
9.645025614141230497e-01 8.963087914330747363e-02
9.645022222670899259e-01 8.977533861365420698e-02
9.645017695604756192e-01 8.997584886083176414e-02
9.645013709704455263e-01 9.016058954370560763e-02
9.645011812567817477e-01 9.025153593914485295e-02
9.645010182964692813e-01 9.033135087164224919e-02
9.645007048280835882e-01 9.048966192590544855e-02
9.645004250320503569e-01 9.063683660203596115e-02
9.645001743134665739e-01 9.077401018117876863e-02
9.645001283598760855e-01 9.079974344964926447e-02
9.644999488315117997e-01 9.090216868731802735e-02
9.644997453560149037e-01 9.102217263798113855e-02
9.644995611548298209e-01 9.113477639916797712e-02
9.644993939046895282e-01 9.124064406535245531e-02
9.644993285377806425e-01 9.128304004554783913e-02
9.644992416201090268e-01 9.134036257133083814e-02
9.644991025962844633e-01 9.143445258302690393e-02
9.644989753629267248e-01 9.152337759416694085e-02
9.644988586467033720e-01 9.160755156445715697e-02
9.644987513405044455e-01 9.168734536499986709e-02
9.644987235706651285e-01 9.170839753886067536e-02
9.644986524781499204e-01 9.176309224275372434e-02
9.644985612134709951e-01 9.183509247391698216e-02
9.644984768029164490e-01 9.190361734330272647e-02
9.644983985910267066e-01 9.196891256092350198e-02
9.644983259982469193e-01 9.203120120651059333e-02
9.644982680190020696e-01 9.208220875129051464e-02
9.644982585106571804e-01 9.209068627635440263e-02
9.644981956712863624e-01 9.214755289375128888e-02
9.644981370727334635e-01 9.220197023377853240e-02
9.644980823508798595e-01 9.225409320456458284e-02
9.644980311795088301e-01 9.230406392025361506e-02
9.644979832656896956e-01 9.235201299516711260e-02
9.644979383458013311e-01 9.239806068398316585e-02
9.644979265931231671e-01 9.241029306053871739e-02
9.644978961820985797e-01 9.244231788889319124e-02
9.644978565597381870e-01 9.248488705149765510e-02
9.644978192841933140e-01 9.252586294454312466e-02
9.644977841790037809e-01 9.256533337638028769e-02
9.644977510838083079e-01 9.260337981916848260e-02
9.644977198526237805e-01 9.264007797028352142e-02
9.644976903523332368e-01 9.267549825507240269e-02
9.644976720086578803e-01 9.269791500135937667e-02
9.644976624613564864e-01 9.270970627798189034e-02
9.644976360684770489e-01 9.274276322814059559e-02
9.644976110718066487e-01 9.277472624467268669e-02
9.644975873778665054e-01 9.280564874633003003e-02
9.644975649007735408e-01 9.283558072944500528e-02
9.644975435615157355e-01 9.286456903769932381e-02
9.644975232873069793e-01 9.289265760677085926e-02
9.644975040110114195e-01 9.291988768654776965e-02
9.644974856706287625e-01 9.294629804327082800e-02
9.644974832568857792e-01 9.294981186133680073e-02
9.644974682088324203e-01 9.297192514369019556e-02
9.644974515725566189e-01 9.299680332307593000e-02
9.644974357126238074e-01 9.302096493870862237e-02
9.644974205834108139e-01 9.304444051029539531e-02
9.644974061425466427e-01 9.306725884859108622e-02
9.644973923506404700e-01 9.308944717336509189e-02
9.644973791710352851e-01 9.311103122172902091e-02
9.644973665695851794e-01 9.313203534773269177e-02
9.644973545144533977e-01 9.315248261403781538e-02
9.644973442225047711e-01 9.317022701894843439e-02
9.644973429759283734e-01 9.317239487639497608e-02
9.644973319262578615e-01 9.319179286157552866e-02
9.644973213394962830e-01 9.321069623934075121e-02
9.644973111913675012e-01 9.322912368897613711e-02
9.644973014591378124e-01 9.324709296086119981e-02
9.644972921215009265e-01 9.326462093350376681e-02
9.644972831584736062e-01 9.328172366642217828e-02
9.644972745512975232e-01 9.329841644922540200e-02
9.644972662823526610e-01 9.331471384720486928e-02
9.644972583350750472e-01 9.333062974372403897e-02
9.644972506938828127e-01 9.334617737966664774e-02
9.644972433441076909e-01 9.336136939017661285e-02
9.644972425877239575e-01 9.336294648964311993e-02
9.644972362719325121e-01 9.337621783890578953e-02
9.644972294643322508e-01 9.339073424996419126e-02
9.644972229090218452e-01 9.340492963775018365e-02
9.644972165944055709e-01 9.341881453482313302e-02
9.644972105095327430e-01 9.343239901796741853e-02
9.644972046440547508e-01 9.344569273258164499e-02
9.644971989881865326e-01 9.345870491551938608e-02
9.644971935326706047e-01 9.347144441649321567e-02
9.644971882687434217e-01 9.348391971814710988e-02
9.644971831881045121e-01 9.349613895489311544e-02
9.644971782828878348e-01 9.350810993059947840e-02
9.644971735456344675e-01 9.351984013521165429e-02
9.644971689692692918e-01 9.353133676038023758e-02
9.644971689692692918e-01 9.353133676038026534e-02
