# n_s, r predictions of a polynomial alpha attractor model with k=2 and N_\star=64.
9.765438882095974771e-01 1.106170082345532725e-04
9.765438882095984763e-01 1.106170082345532589e-04
9.765422944773511915e-01 1.188907463491813593e-04
9.765405722656812504e-01 1.277843763607030821e-04
9.765387115668455742e-01 1.373445079159041782e-04
9.765367016097998842e-01 1.476212812210418029e-04
9.765345308026447402e-01 1.586686385161197174e-04
9.765321866710605647e-01 1.705446170426837521e-04
9.765296557917167997e-01 1.833116653071071157e-04
9.765269237212086395e-01 1.970369845918423985e-04
9.765239749190526286e-01 2.117928978645002589e-04
9.765207926657234472e-01 2.276572484112642208e-04
9.765173589738326276e-01 2.447138307707772851e-04
9.765136544933579188e-01 2.630528567554340689e-04
9.765096584091317311e-01 2.827714596531522582e-04
9.765053483313326232e-01 3.039742399641487446e-04
9.765007001775222184e-01 3.267738563944573940e-04
9.764956880460360367e-01 3.512916661750496890e-04
9.764902840799341011e-01 3.776584192018392111e-04
9.764844583210618989e-01 4.060150109374843926e-04
9.764781785532761216e-01 4.365132995436502733e-04
9.764714101341679386e-01 4.693169932736281189e-04
9.764641158147390199e-01 5.046026147938731908e-04
9.764562555456665072e-01 5.425605498372457029e-04
9.764477862698888178e-01 5.833961883632738949e-04
9.764386617002742685e-01 6.273311673257253931e-04
9.764288320815447397e-01 6.746047251430328405e-04
9.764182439355707510e-01 7.254751790987044565e-04
9.764068397891210171e-01 7.802215381690028474e-04
9.763945578830711680e-01 8.391452652029751571e-04
9.763813318623485449e-01 9.025722039694261244e-04
9.763670904457331101e-01 9.708546883861189939e-04
9.763517570748770913e-01 1.044373853251535098e-03
9.763352495420370980e-01 1.123542168048240848e-03
9.763174795962352714e-01 1.208806217906191558e-03
9.762983525278643437e-01 1.300649758613232855e-03
9.762777667321775876e-01 1.399597075688888354e-03
9.762556132526117869e-01 1.506216680991493122e-03
9.762497527438576128e-01 1.534448370686174786e-03
9.762317753055472780e-01 1.621125384158386045e-03
9.762061277890226041e-01 1.744992780363777618e-03
9.761785367788705647e-01 1.878546200466241732e-03
9.761488590171812918e-01 2.022576174547846117e-03
9.761169413994668087e-01 2.177942465147116990e-03
9.760826204689461161e-01 2.345580732038536880e-03
9.760457219286343689e-01 2.526509896168413916e-03
9.760060601845650385e-01 2.721840276154585854e-03
9.759634379369392931e-01 2.932782576316692816e-03
9.759474902246998429e-01 3.011994061722164748e-03
9.759176458390930176e-01 3.160657810408166232e-03
9.758684622489148808e-01 3.406908249334445176e-03
9.758156531013748580e-01 3.673109483983851183e-03
9.757589719359648361e-01 3.960983694821823727e-03
9.756981601179706143e-01 4.272414217337610134e-03
9.756458175837969815e-01 4.542684510561117647e-03
9.756329472978206852e-01 4.609461485496803811e-03
9.755630521580672676e-01 4.974380422507250141e-03
9.754881835027053860e-01 5.369639327490936115e-03
9.754080417483534937e-01 5.797940275601787610e-03
9.753475635153157075e-01 6.124838093032818065e-03
9.753223208812391576e-01 6.262241004624326084e-03
9.752307109478343117e-01 6.765778199283290460e-03
9.751329011507094968e-01 7.312092000407789325e-03
9.750546216924859122e-01 7.756028121826829755e-03
9.750285836243870463e-01 7.905051453867377453e-03
9.749174579691423093e-01 8.548880466313791421e-03
9.747992366239889295e-01 9.248183642210775976e-03
9.747683722673433637e-01 9.433267523564431781e-03
9.746736511620195387e-01 1.000797112957251683e-02
9.745404595922554369e-01 1.083368128810262287e-02
9.744898255423997124e-01 1.115315157141128291e-02
9.743994547488602498e-01 1.173119960172169796e-02
9.742504738386792429e-01 1.270687177641670849e-02
9.742197109860520898e-01 1.291196894785922450e-02
9.740934091968108666e-01 1.376750838626865717e-02
9.739585428769825803e-01 1.470578811992605262e-02
9.739282202625063611e-01 1.492037775347459377e-02
9.737549467271883197e-01 1.617318298215708952e-02
9.737066693827740593e-01 1.653052623156063897e-02
9.735737227176429753e-01 1.753401823666858941e-02
9.734643088090033647e-01 1.838200626355463232e-02
9.733847917540514594e-01 1.901129851544725025e-02
9.732315762669407899e-01 2.025600628216469787e-02
9.731885220615515975e-01 2.061365640741080058e-02
9.730085034811359890e-01 2.214830300928844961e-02
9.729854216146187618e-01 2.234979876157610484e-02
9.727950538171561412e-01 2.405471087956287390e-02
9.727761520611514223e-01 2.422831603782994031e-02
9.725911340170940722e-01 2.597111711610959953e-02
9.725615404198675318e-01 2.625743758338492870e-02
9.723966036613358455e-01 2.789351301992482046e-02
9.723425871932235287e-01 2.844472749552479432e-02
9.722112830344739054e-01 2.981802151534428125e-02
9.721204693231683125e-01 3.079671842075941066e-02
9.720349598381948786e-01 3.174092094852592333e-02
9.718965362865016333e-01 3.331848492491189251e-02
9.718673950368921233e-01 3.365866514882342314e-02
9.717083280192208017e-01 3.556789980445695942e-02
9.716722976395611999e-01 3.601316417896407301e-02
9.715574811931184662e-01 3.746547525652309252e-02
9.714494005432925405e-01 3.888143966910439370e-02
9.714145640907031476e-01 3.934845586839318815e-02
9.712792770343425808e-01 4.121412617518706301e-02
9.712295962880533873e-01 4.192101314239321530e-02
9.711513144003016684e-01 4.305999405730245172e-02
9.710303675083132857e-01 4.488379121078468759e-02
9.710146956288130404e-01 4.512610024552121679e-02
9.709161271609076937e-01 4.668347120698125574e-02
9.708082858546929206e-01 4.845720544299615684e-02
9.708065138269820205e-01 4.848699493363869961e-02
9.707065396850779182e-01 5.020337728566000995e-02
9.706105899660109060e-01 5.192057470522148943e-02
9.706068076008771417e-01 5.198975479678649703e-02
9.705201445865190291e-01 5.360758168251152089e-02
9.704349191260016605e-01 5.526336865617766103e-02
9.704172075620554061e-01 5.561606169847024134e-02
9.703546377501920395e-01 5.688708225600824786e-02
9.702790339094155003e-01 5.847803454554445501e-02
9.702391509357829458e-01 5.934330734781412958e-02
9.702078508602199891e-01 6.003569197312367406e-02
9.701408420306649738e-01 6.155966420608720291e-02
9.700777712485568749e-01 6.304969299882468015e-02
9.700738201668165361e-01 6.314494013413862739e-02
9.700184128507627346e-01 6.450564122217992968e-02
9.699625516904621936e-01 6.592748215991979521e-02
9.699220931478729213e-01 6.699108763191943816e-02
9.699099830578591375e-01 6.731528915777208744e-02
9.698605125284978090e-01 6.866922569214597982e-02
9.698139557519598331e-01 6.998953590915564515e-02
9.697845101175757154e-01 7.084944044566156285e-02
9.697701381923760078e-01 7.127653567000445667e-02
9.697288948308989687e-01 7.253060412609393937e-02
9.696900698390565898e-01 7.375217583634839646e-02
9.696612607523401595e-01 7.468635134082118876e-02
9.696535162307658995e-01 7.494173343004836840e-02
9.696190954997305766e-01 7.609980081083971004e-02
9.695866772479709850e-01 7.722693689136428397e-02
9.695561388103689504e-01 7.832372984300993435e-02
9.695521928065212736e-01 7.846807423297788575e-02
9.695273648793085730e-01 7.939079184144393064e-02
9.695002471328038052e-01 8.042875428573559304e-02
9.694746838688717006e-01 8.143826346685503759e-02
9.694568411898811799e-01 8.216204628619942774e-02
9.694505796483718907e-01 8.241997666003177125e-02
9.694278449480580040e-01 8.337455861473813679e-02
9.694063958251654123e-01 8.430267841588481859e-02
9.693861535945270669e-01 8.520500668994439308e-02
9.693744740551005767e-01 8.573810770245518520e-02
9.693670445188906637e-01 8.608221313029716659e-02
9.693489995128661274e-01 8.693496431681138614e-02
9.693319538607224617e-01 8.776392180563814815e-02
9.693158469480726014e-01 8.856974046628983410e-02
9.693041507228024045e-01 8.916955992952042831e-02
9.693006220073447921e-01 8.935306704425603763e-02
9.692862258768240036e-01 9.011453892865477211e-02
9.692726087729519602e-01 9.085478310569036764e-02
9.692597240755069787e-01 9.157441527996686148e-02
9.692475281252271868e-01 9.227403914696891141e-02
9.692447853860461926e-01 9.243398300286738423e-02
9.692359800334048314e-01 9.295424580125852265e-02
9.692250415029486366e-01 9.361561326612669043e-02
9.692146766603997321e-01 9.425870613158600364e-02
9.692048518983729100e-01 9.488407528867751073e-02
9.691955357278996264e-01 9.549225774909779474e-02
9.691952105961998409e-01 9.551376268392501589e-02
9.691866986401480588e-01 9.608377654011969471e-02
9.691783129770107363e-01 9.665914066568832841e-02
9.691703528100558129e-01 9.721884512542104673e-02
9.691627938273599252e-01 9.776337098402371195e-02
9.691556132277544533e-01 9.829318548436298542e-02
9.691542354150827210e-01 9.839631224265514564e-02
9.691487896220336573e-01 9.880874219810587000e-02
9.691423029406998069e-01 9.931048120845240024e-02
9.691361343478306356e-01 9.979882932005396112e-02
9.691302661606848723e-01 1.002742002917260955e-01
9.691246817746737019e-01 1.007369950880379478e-01
9.691206945498059833e-01 1.010740061295620357e-01
9.691193655933515450e-01 1.011876021462881775e-01
9.691143029630968631e-01 1.016263976557708754e-01
9.691094801121723501e-01 1.020537458465868436e-01
9.691048840938732978e-01 1.024699992855773178e-01
9.691005027334910205e-01 1.028754991772481975e-01
9.690963245788347669e-01 1.032705756678120312e-01
9.690934864307193530e-01 1.035438685039048734e-01
9.690923388540699790e-01 1.036555481507129700e-01
9.690885354166505206e-01 1.040307255722099089e-01
9.690849047171320452e-01 1.043964067357810860e-01
9.690814377616703279e-01 1.047528806042968552e-01
9.690781260770218175e-01 1.051004265990309050e-01
9.690749616778728814e-01 1.054393148947619374e-01
9.690719370363570784e-01 1.057698067102127576e-01
9.690715997419993011e-01 1.058070758064178218e-01
9.690690450535555112e-01 1.060921545935215177e-01
9.690662790329201970e-01 1.064066027019663768e-01
9.690636326554324942e-01 1.067133870758220499e-01
9.690610999563985528e-01 1.070127359059576400e-01
9.690586753037666590e-01 1.073048697949651742e-01
9.690563533778625560e-01 1.075900020116511147e-01
9.690541291524450429e-01 1.078683387387709969e-01
9.690541291524451539e-01 1.078683387387709691e-01
