# n_s, r predictions of a polynomial alpha attractor model with k=3 and N_\star=60.
9.733164763842536704e-01 8.532496072417340444e-05
9.733164763842515610e-01 8.532496072414635360e-05
9.733147814298543921e-01 9.201153121643537963e-05
9.733129367861248493e-01 9.922312020704254364e-05
9.733109299882182208e-01 1.070011216898929994e-04
9.733087475608787065e-01 1.153902215492911925e-04
9.733063749374756268e-01 1.244386640009422190e-04
9.733037963714196161e-01 1.341985403676735722e-04
9.733009948410190626e-01 1.447261021694405474e-04
9.732979519462289231e-01 1.560821007260437853e-04
9.732946477968201782e-01 1.683321556815087412e-04
9.732910608912109796e-01 1.815471551050155030e-04
9.732871679852861391e-01 1.958036900990151865e-04
9.732829439499408597e-01 2.111845271501936979e-04
9.732783616168145802e-01 2.277791218039796109e-04
9.732733916107080274e-01 2.456841776296225734e-04
9.732680021677768689e-01 2.650042548773301780e-04
9.732621589380049398e-01 2.858524337205000667e-04
9.732558247705819232e-01 3.083510375299167313e-04
9.732489594806916777e-01 3.326324222527458668e-04
9.732415195954736697e-01 3.588398386920295738e-04
9.732334580780263034e-01 3.871283752679027280e-04
9.732247240265400334e-01 4.176659897943556417e-04
9.732152623465180064e-01 4.506346398355368706e-04
9.732050133936068770e-01 4.862315224137418236e-04
9.731939125838198201e-01 5.246704352274771891e-04
9.731818899683675195e-01 5.661832731068523967e-04
9.731688697692579826e-01 6.110216752677197823e-04
9.731547698721546569e-01 6.594588410059404803e-04
9.731395012721009152e-01 7.117915339073532539e-04
9.731289043215954893e-01 7.480493015373444439e-04
9.731229674676477037e-01 7.683422974340574016e-04
9.731050637983996721e-01 8.294619079901311949e-04
9.730856767206104152e-01 8.955320953214992736e-04
9.730646830150955218e-01 9.669685644630884825e-04
9.730419489213198991e-01 1.044224358507508249e-03
9.730173291912669331e-01 1.127793607358650550e-03
9.729906660564296983e-01 1.218215714486606954e-03
9.729617881012579961e-01 1.316080041672233660e-03
9.729305090365459874e-01 1.422031161007850531e-03
9.728966263666348757e-01 1.536774754217702264e-03
9.728853588335745206e-01 1.574931334627365431e-03
9.728599199454497359e-01 1.661084251870916439e-03
9.728201504176064995e-01 1.795808319604927459e-03
9.727770575433017930e-01 1.941879315247328113e-03
9.727303584089667110e-01 2.100322860058471443e-03
9.726797455300626449e-01 2.272268689499343502e-03
9.726248848586547258e-01 2.458962974186428008e-03
9.726082381902811935e-01 2.515686181078535030e-03
9.725654137159530643e-01 2.661782330349400736e-03
9.725009386801479749e-01 2.882249771230157350e-03
9.724310334713400783e-01 3.122052886716078328e-03
9.723552368893156883e-01 3.383064577944739238e-03
9.723049011057475211e-01 3.557022294726869607e-03
9.722730508747957634e-01 3.667366716722388498e-03
9.721839387801413102e-01 3.977277146162533882e-03
9.720873239494977058e-01 4.315380488888074725e-03
9.719825887189511571e-01 4.684563282420555787e-03
9.719798109639599115e-01 4.694394182738315102e-03
9.718690739520083888e-01 5.088054018151145358e-03
9.717460792225897093e-01 5.529468720841266942e-03
9.716365075384405525e-01 5.926649714973918591e-03
9.716128637459778838e-01 6.012862770092890392e-03
9.714686481398019380e-01 6.542789732915501102e-03
9.713126170780747026e-01 7.124368044293672743e-03
9.712781277486296494e-01 7.254126376085004782e-03
9.711439228918045119e-01 7.763356432851196628e-03
9.709616901837749836e-01 8.466239026095006767e-03
9.709075229357608805e-01 8.677796539643296836e-03
9.707650215770824431e-01 9.240321058429864370e-03
9.705530048174847435e-01 1.009383600577095849e-02
9.705272668993792928e-01 1.019884128993767299e-02
9.703247216001427145e-01 1.103606472812846198e-02
9.701396578679564175e-01 1.181842138232101595e-02
9.700792586822432062e-01 1.207746674345991887e-02
9.698157220533252243e-01 1.322982299034961180e-02
9.697467399345848227e-01 1.353753971070220490e-02
9.695332551378605945e-01 1.450638824776498761e-02
9.693503389607623921e-01 1.535694527787298709e-02
9.692310621712202368e-01 1.592204962197190168e-02
9.689521018978511924e-01 1.727705664307523092e-02
9.689084379944935543e-01 1.749348500266332401e-02
9.685648055305985382e-01 1.923931191371252084e-02
9.685535317812451472e-01 1.929789637290487900e-02
9.681997621038562762e-01 2.118021249084022645e-02
9.681560151233652434e-01 2.141903393701979560e-02
9.678131355048638085e-01 2.333901416070384774e-02
9.677608413893867834e-01 2.363953677918914295e-02
9.674050502189528444e-01 2.574069778691138316e-02
9.673692156215717430e-01 2.595793006251495907e-02
9.669822656861474242e-01 2.837216577901689740e-02
9.669760034438560359e-01 2.841229557460733801e-02
9.666010455658938794e-01 3.087960189257436469e-02
9.665269493170909332e-01 3.138263022621561038e-02
9.662265359097255146e-01 3.347699207148485678e-02
9.660593880539884992e-01 3.468183567381247917e-02
9.658596428149123225e-01 3.616048639825918121e-02
9.655754543966461600e-01 3.834059010406648538e-02
9.655011956091268388e-01 3.892564323030239110e-02
9.651519442285101391e-01 4.176745213505885651e-02
9.650779969214022813e-01 4.238898722158893073e-02
9.648125566511712714e-01 4.468036754681819350e-02
9.645706365518076364e-01 4.685497671326605690e-02
9.644836167341868105e-01 4.765835250550502084e-02
9.641656227105340760e-01 5.069493155379898447e-02
9.640577895531475816e-01 5.176232625887496053e-02
9.638589865238029741e-01 5.378325160657432963e-02
9.635640341107819529e-01 5.691614937907083643e-02
9.635446381748609124e-01 5.712810262011867174e-02
9.632810066826034134e-01 6.008622378153401916e-02
9.630370321503373132e-01 6.295974461444446557e-02
9.630100630035434150e-01 6.328591156765138448e-02
9.627512826225572695e-01 6.650756446809195921e-02
9.625413078571056769e-01 6.925190765059907605e-02
9.625046699762996871e-01 6.974352605079044143e-02
9.622701592540404691e-01 7.298620662371407830e-02
9.620640202841698185e-01 7.598338973020059284e-02
9.620476198941515511e-01 7.622815462901341710e-02
9.618368625693481944e-01 7.946212315836483076e-02
9.616376455120865252e-01 8.268113043981803467e-02
9.616115963835605296e-01 8.311457956357957977e-02
9.614496810327478604e-01 8.587851339117529015e-02
9.612726420899345703e-01 8.904797359274502222e-02
9.611899355946251777e-01 9.058595965856423848e-02
9.611061687835705802e-01 9.218361529013054112e-02
9.609498746563276406e-01 9.527997528460180332e-02
9.608040008678728761e-01 9.831820142406960672e-02
9.608033527060531043e-01 9.833204479528191710e-02
9.606661810302756788e-01 1.013352835767151322e-01
9.605379280425253574e-01 1.042856267425949363e-01
9.604574560849948872e-01 1.062142614550221908e-01
9.604181572183130289e-01 1.071794848789274640e-01
9.603064313455009771e-01 1.100137381272008885e-01
9.602023162689828917e-01 1.127857249814857576e-01
9.601524077358400966e-01 1.141636134125115359e-01
9.601053841327776839e-01 1.154932265754125137e-01
9.600152161336360512e-01 1.181344472393389827e-01
9.599314048090733520e-01 1.207079920889376490e-01
9.598892965634051588e-01 1.220483642537455171e-01
9.598535558894014663e-01 1.232128423685184132e-01
9.597812897480682004e-01 1.256483292199571944e-01
9.597142424875004796e-01 1.280141064858774380e-01
9.596669596013087666e-01 1.297505980363352629e-01
9.596520666991071868e-01 1.303101230869246063e-01
9.595944319362060826e-01 1.325365954416340974e-01
9.595410249377597234e-01 1.346939803258946911e-01
9.594915496391226428e-01 1.367829484997879763e-01
9.594828507753540014e-01 1.371599872431863154e-01
9.594457270037511920e-01 1.388043593642857843e-01
9.594032947071773343e-01 1.407592368501462687e-01
9.593640067016804274e-01 1.426487466871005361e-01
9.593333784958048005e-01 1.441806160464823017e-01
9.593276326871182924e-01 1.444741751534865948e-01
9.592939575104185712e-01 1.462369093649423524e-01
9.592627805133617791e-01 1.479384191254895231e-01
9.592339148455569786e-01 1.495802403349947018e-01
9.592143003266235812e-01 1.507361122711454171e-01
9.592071867569835764e-01 1.511639599231559827e-01
9.591824348821247348e-01 1.526912022614048681e-01
9.591595095256948422e-01 1.541636169893991770e-01
9.591382719579334415e-01 1.555828681830037918e-01
9.591211123927431137e-01 1.567725385042159636e-01
9.591185937260080507e-01 1.569506247824744849e-01
9.591003559864420547e-01 1.582685521961260389e-01
9.590834488623563026e-01 1.595383049922335095e-01
9.590677708282251412e-01 1.607615205919800949e-01
9.590532281239668722e-01 1.619398138776367846e-01
9.590493832350373005e-01 1.622589348954645017e-01
9.590397341994550962e-01 1.630747726327292924e-01
9.590272091899258999e-01 1.641679537343989637e-01
9.590155794222686714e-01 1.652208800222382812e-01
9.590047769517973109e-01 1.662350377723752215e-01
9.589950023392810330e-01 1.671858074350560386e-01
9.589947391287920730e-01 1.672118747103285841e-01
9.589854081938686825e-01 1.681527985009988735e-01
9.589767309010625018e-01 1.690591756590140160e-01
9.589686581673912968e-01 1.699323308274081068e-01
9.589611447475858697e-01 1.707735463772123430e-01
9.589543351805728255e-01 1.715621212549938712e-01
9.589541489326304236e-01 1.715840622849512109e-01
9.589476322707395362e-01 1.723650762492016653e-01
9.589415593094050561e-01 1.731177440112920962e-01
9.589358973571695532e-01 1.738431798488708213e-01
9.589306162638174813e-01 1.745424572144489983e-01
9.589256882177213948e-01 1.752166094941390861e-01
9.589242936344594126e-01 1.754114553652353359e-01
9.589210875591382965e-01 1.758666308646585630e-01
9.589167906082997073e-01 1.764934772292675036e-01
9.589127755072102133e-01 1.770980672156651226e-01
9.589090220741228743e-01 1.776812832210074022e-01
9.589055116697269288e-01 1.782439724911242251e-01
9.589023404401993966e-01 1.787679263206241598e-01
9.589022270741424103e-01 1.787869482227409657e-01
9.588991523738764622e-01 1.793109906790514296e-01
9.588962728579565331e-01 1.798168483103662063e-01
9.588935749225064864e-01 1.803052388727808264e-01
9.588910459830901623e-01 1.807768505388968883e-01
9.588886743941938962e-01 1.812323429955821075e-01
9.588864493752667917e-01 1.816723485246035108e-01
9.588864493752669027e-01 1.816723485246036496e-01
