# n_s, r predictions of a polynomial alpha attractor model with k=2 and N_\star=52.
9.619574827030669129e-01 1.357316860547313486e-01
9.619594275830505303e-01 1.354363570531015581e-01
9.619614605371318294e-01 1.351335100794590349e-01
9.619635862639034363e-01 1.348229032853487108e-01
9.619658097484412584e-01 1.345042857647975598e-01
9.619681362817928960e-01 1.341773971885408812e-01
9.619705714819176690e-01 1.338419674241207724e-01
9.619722898129725586e-01 1.336092178149018428e-01
9.619731213161883954e-01 1.334977161415264735e-01
9.619757921255850386e-01 1.331443524040671900e-01
9.619785906507108963e-01 1.327815742442046976e-01
9.619815240597816564e-01 1.324090682241147177e-01
9.619845999787448587e-01 1.320265089807937942e-01
9.619878265237018500e-01 1.316335587555935438e-01
9.619908931077743031e-01 1.312675641734548371e-01
9.619912123358201894e-01 1.312298669081307934e-01
9.619947666189369029e-01 1.308150694146134330e-01
9.619984991800752949e-01 1.303887883507140466e-01
9.620024204731082440e-01 1.299506313592499740e-01
9.620065416458294383e-01 1.295001911030539965e-01
9.620108745907097747e-01 1.290370447035852075e-01
9.620141176246559400e-01 1.286970163010826285e-01
9.620154319996387926e-01 1.285607531660074576e-01
9.620202274229819883e-01 1.280708607916724862e-01
9.620252753333025098e-01 1.275668945791831044e-01
9.620305911941392507e-01 1.270483636154662310e-01
9.620361915342170445e-01 1.265147584587518192e-01
9.620420940276221966e-01 1.259655505152409705e-01
9.620429105417438453e-01 1.258905936415210536e-01
9.620483175803111742e-01 1.254001914124326378e-01
9.620548824235555241e-01 1.248181123717505003e-01
9.620618102148499329e-01 1.242187235841076959e-01
9.620691241468901644e-01 1.236014135924590057e-01
9.620768490652704674e-01 1.229655486860710412e-01
9.620783385041999924e-01 1.228447610825370018e-01
9.620850115955923432e-01 1.223104723119958076e-01
9.620936402807311882e-01 1.216355045100345617e-01
9.621027657290575075e-01 1.209399413784168487e-01
9.621124207744625734e-01 1.202230545784453292e-01
9.621215766033091032e-01 1.195601177136650511e-01
9.621226406490946959e-01 1.194840908875029473e-01
9.621334631697684436e-01 1.187222718110958197e-01
9.621449289390648918e-01 1.179367932660109058e-01
9.621570815621991457e-01 1.171268253482268956e-01
9.621699678807831280e-01 1.162915122009318264e-01
9.621738871907931090e-01 1.160419993822424944e-01
9.621836382246647945e-01 1.154299719998769652e-01
9.621981466830720198e-01 1.145412970753597187e-01
9.622135513963303577e-01 1.136245541923614349e-01
9.622299148694503090e-01 1.126787850127955182e-01
9.622365872719509383e-01 1.123009311513947922e-01
9.622473043089065925e-01 1.117030067664428750e-01
9.622657919839257001e-01 1.106962131599567162e-01
9.622854556135899129e-01 1.096573755563143432e-01
9.623063787810149927e-01 1.085854444602634278e-01
9.623110041757332311e-01 1.083528665017133713e-01
9.623286513757919325e-01 1.074793513486293761e-01
9.623523700657650171e-01 1.063380108878021202e-01
9.623776387990664594e-01 1.051603235842526185e-01
9.623984205132823933e-01 1.042191595892432987e-01
9.624045693371049426e-01 1.039451789175035723e-01
9.624332818189319516e-01 1.026914590085050150e-01
9.624639053570440694e-01 1.013980428797787992e-01
9.624965786642296628e-01 1.000638113668593926e-01
9.625000109778731883e-01 9.992623570602943150e-02
9.625314507105047213e-01 9.868765274335832005e-02
9.625686814084982723e-01 9.726846912422294766e-02
9.626084423248206789e-01 9.580518371327167992e-02
9.626167750816376767e-01 9.550495210137119328e-02
9.626509174139510350e-01 9.429674896160439301e-02
9.626963037700124737e-01 9.274215570274893516e-02
9.627448123904174260e-01 9.114044332808277082e-02
9.627494711756124923e-01 9.098967333370083788e-02
9.627966689437669201e-01 8.949071106179663782e-02
9.628521145325349417e-01 8.779213038805022684e-02
9.628985577639100901e-01 8.641711753366768112e-02
9.629114064389590055e-01 8.604395867354401595e-02
9.629748188401682230e-01 8.424555401603567306e-02
9.630426434759078447e-01 8.239639133284790140e-02
9.630641479808031979e-01 8.182505688029005630e-02
9.631151902492581796e-01 8.049607968264274604e-02
9.631927877375079383e-01 7.854438078817803370e-02
9.632459820803022099e-01 7.725097233503011585e-02
9.632757835868476226e-01 7.654122869696365628e-02
9.633645447608326640e-01 7.448675048031884460e-02
9.634434210061968429e-01 7.273076620338417286e-02
9.634594576086840112e-01 7.238128782904576508e-02
9.635609277155051666e-01 7.022541935574097560e-02
9.636554618517343407e-01 6.829762599946567758e-02
9.636693794925661471e-01 6.801998335964129505e-02
9.637852554617978296e-01 6.576610075095508379e-02
9.638807736710102159e-01 6.398111167066973526e-02
9.639090151852232058e-01 6.346519776731709972e-02
9.640411337865421038e-01 6.111902804874357054e-02
9.641177500642702514e-01 5.980650980271808026e-02
9.641821000094553673e-01 5.872969356884104319e-02
9.643324137550067787e-01 5.629966385308241700e-02
9.643645735349745118e-01 5.579446812106389486e-02
9.644925830385590038e-01 5.383179285181637075e-02
9.646192859654998397e-01 5.196089619197099413e-02
9.646631203057460802e-01 5.132933278013986772e-02
9.648445380455095144e-01 4.879594419276497841e-02
9.648798596744220246e-01 4.831709712929391221e-02
9.650373436363249846e-01 4.623570153391477755e-02
9.651442642591503418e-01 4.487008199078167114e-02
9.652420333576726685e-01 4.365309339438364772e-02
9.654105255719639400e-01 4.162301337442875226e-02
9.654590854904091524e-01 4.105301672423908310e-02
9.656767744865386582e-01 3.857572622766040210e-02
9.656889524134441016e-01 3.844076429317267590e-02
9.659320515744410640e-01 3.582200476236529346e-02
9.659412843792424264e-01 3.572528012229688604e-02
9.661887551606980207e-01 3.320275482979161835e-02
9.662024973290683771e-01 3.306650616417692451e-02
9.664590398543220218e-01 3.059252149816662006e-02
9.664593782102355313e-01 3.058934302782911896e-02
9.667097295350066677e-01 2.829519370088786137e-02
9.667441647638418400e-01 2.798836487216408916e-02
9.669535741419696961e-01 2.616554539577262140e-02
9.670432714400297725e-01 2.540662915545289016e-02
9.671897649567483546e-01 2.419409579359316567e-02
9.673567474817306167e-01 2.285109519786169066e-02
9.674176658778650406e-01 2.237114050511756005e-02
9.676367997259990306e-01 2.068697405194729749e-02
9.676845098354884822e-01 2.032880072681135172e-02
9.678468329293442585e-01 1.913206128653889906e-02
9.680263111483781158e-01 1.784677962944555135e-02
9.680475595274803391e-01 1.769716472508069127e-02
9.682388852020095138e-01 1.637343488308015335e-02
9.683816977144490412e-01 1.541196791544145565e-02
9.684208118398144327e-01 1.515247032725353798e-02
9.685934229670437601e-01 1.402635351124289706e-02
9.687499534889989494e-01 1.303109461809208620e-02
9.687568702601098147e-01 1.298766768917498059e-02
9.689113612412915133e-01 1.202949939860870239e-02
9.690571481964138645e-01 1.114543023575246920e-02
9.691300255631275506e-01 1.071055191297545783e-02
9.691945183043952916e-01 1.032952094728295696e-02
9.693237849377788207e-01 9.576290251386683494e-03
9.694452800744295384e-01 8.880690279993511127e-03
9.695204258555173427e-01 8.456235759735603735e-03
9.695593477494605095e-01 8.238080100646021087e-03
9.696663384702024491e-01 7.644198421865199509e-03
9.697666045138213509e-01 7.095136300085328265e-03
9.698604960258829788e-01 6.587310438846531030e-03
9.699190993960086216e-01 6.273346248086962389e-03
9.699483578383271132e-01 6.117437492115638045e-03
9.700305269267791575e-01 5.682509644599645013e-03
9.701073304293170718e-01 5.279771635357172199e-03
9.701790841530258946e-01 4.906699310142333299e-03
9.702460914984201157e-01 4.560979728216599596e-03
9.703086427376687029e-01 4.240492805668963187e-03
9.703232139133997070e-01 4.166137583357667172e-03
9.703670145880793907e-01 3.943294446744872832e-03
9.704214700284193862e-01 3.667601094058574231e-03
9.704722583117928458e-01 3.411775615647983685e-03
9.705196151347857958e-01 3.174314439721237849e-03
9.705637629281901324e-01 2.953835845172526724e-03
9.706049112399890433e-01 2.749069316259795080e-03
9.706432571859332503e-01 2.558845872394681798e-03
9.706789859473788917e-01 2.382089287985214663e-03
9.707122712997038327e-01 2.217808122223865943e-03
9.707285473188270730e-01 2.137603015121788443e-03
9.707432761578805858e-01 2.065088484151073912e-03
9.707721531285029570e-01 1.923087463992731146e-03
9.707990450598792398e-01 1.791027167424312418e-03
9.708240855837284577e-01 1.668189294915078729e-03
9.708473996436056686e-01 1.553910213554851897e-03
9.708691040065757782e-01 1.447576473685098855e-03
9.708893077553391038e-01 1.348620727273113938e-03
9.709081127596305150e-01 1.256518009119952928e-03
9.709256141253678196e-01 1.170782345938935903e-03
9.709419006214847769e-01 1.090963661776335253e-03
9.709570550841124525e-01 1.016644951477598891e-03
9.709711547985609981e-01 9.474396967379826364e-04
9.709842718594353661e-01 8.829895018814173241e-04
9.709964735096137112e-01 8.229619288181908542e-04
9.710078224589173690e-01 7.670485127113578451e-04
9.710183771831197852e-01 7.149629417570123021e-04
9.710281922044787795e-01 6.664393861278823878e-04
9.710373183544319664e-01 6.212309626445611374e-04
9.710458030196638113e-01 5.791083230467724370e-04
9.710536903722324364e-01 5.398583549509500821e-04
9.710610215848169968e-01 5.032829856290080674e-04
9.710678350318805441e-01 4.691980797048118045e-04
9.710741664776407767e-01 4.374324227158092105e-04
9.710800492516156179e-01 4.078267832499579150e-04
9.710855144125974947e-01 3.802330470537514150e-04
9.710905909016949167e-01 3.545134171207146357e-04
9.710953056852094090e-01 3.305396743217918465e-04
9.710996838879507598e-01 3.081924936318719706e-04
9.711037489176798099e-01 2.873608114536553137e-04
9.711075225811819367e-01 2.679412399412894408e-04
9.711110251925811898e-01 2.498375245857499885e-04
9.711142756743629256e-01 2.329600416512746794e-04
9.711172916517202269e-01 2.172253323457323771e-04
9.711200895403103717e-01 2.025556708768411283e-04
9.711226846283966818e-01 1.888786637793324601e-04
