# n_s, r predictions of a polynomial alpha attractor model with k=4 and N_\star=50.
9.666619115845999088e-01 4.386020385468002050e-05
9.666619115846329935e-01 4.386020385471877395e-05
9.666610599121987502e-01 4.736480909855412879e-05
9.666601190982355707e-01 5.114971886435586043e-05
9.666590811194524235e-01 5.523740015883792971e-05
9.666579372752167609e-01 5.965212900029955522e-05
9.666566781306266121e-01 6.442013748266030315e-05
9.666552934568996003e-01 6.956977302759532924e-05
9.666537721658412519e-01 7.513167088194180649e-05
9.666521022382108530e-01 8.113894100496387275e-05
9.666502706476924889e-01 8.762737059747160821e-05
9.666482632771221661e-01 9.463564364913071595e-05
9.666460648283969892e-01 1.022055790053307429e-04
9.666436587245471612e-01 1.103823886016691146e-04
9.666410270034822005e-01 1.192149576750907734e-04
9.666381502027956429e-01 1.287561489393366924e-04
9.666350072345974986e-01 1.390631329100944496e-04
9.666315752495971969e-01 1.501977467885531956e-04
9.666278294893931866e-01 1.622268845586384014e-04
9.666237431258501989e-01 1.752229212306039236e-04
9.666192870863601350e-01 1.892641744751453732e-04
9.666144298636907273e-01 2.044354072387446694e-04
9.666091373086455052e-01 2.208283753311874697e-04
9.666033724043285869e-01 2.385424244104796410e-04
9.665970950194966438e-01 2.576851413024052796e-04
9.665902616399189018e-01 2.783730651463008966e-04
9.665891914602620094e-01 2.816001755673844839e-04
9.665828250741741456e-01 3.007324645286421215e-04
9.665747341320398700e-01 3.249001874779423329e-04
9.665659332731465492e-01 3.510245920351792010e-04
9.665563622209111250e-01 3.792665661094361948e-04
9.665459555399091851e-01 4.098006463750613715e-04
9.665346421715668157e-01 4.428162472801926435e-04
9.665223449237986264e-01 4.785190126744581123e-04
9.665089799094176426e-01 5.171323042555380899e-04
9.664944559273821456e-01 5.588988429926096922e-04
9.664807210696739759e-01 5.982320670245718473e-04
9.664786737803162664e-01 6.040825219517098610e-04
9.664615255205774025e-01 6.529704116064644114e-04
9.664428936169358053e-01 7.058749817788749926e-04
9.664226500313427559e-01 7.631365680237877074e-04
9.664006551958641555e-01 8.251261144610161054e-04
9.663767568769341398e-01 8.922482301022041087e-04
9.663507889132182394e-01 9.649446016002630102e-04
9.663488721154498418e-01 9.703016511597868090e-04
9.663225698115102125e-01 1.043697812326505221e-03
9.662919011830715110e-01 1.129035625958197840e-03
9.662585660007246835e-01 1.221535802579885302e-03
9.662223266549219147e-01 1.321831526995351311e-03
9.661980026586333148e-01 1.389015468590403196e-03
9.661829227846742141e-01 1.430617542885755577e-03
9.661400688568988482e-01 1.548657103095331476e-03
9.660934514659734740e-01 1.676789866184625038e-03
9.660427263235340511e-01 1.815940893157341968e-03
9.660302891400791570e-01 1.850021172186387631e-03
9.659875149080741075e-01 1.967130926606692944e-03
9.659274007444685894e-01 2.131488168372068417e-03
9.658619252870165317e-01 2.310261811985220900e-03
9.658469803064119175e-01 2.351038596674021996e-03
9.657905833847980626e-01 2.504837633977345657e-03
9.657128183200952565e-01 2.716756004246306290e-03
9.656488604893533889e-01 2.890965780815615404e-03
9.656280164265835797e-01 2.947732741651274031e-03
9.655355013196802449e-01 3.199683317374254956e-03
9.654364709785905330e-01 3.469455901697655106e-03
9.654345278062078650e-01 3.474750996389477844e-03
9.653242755872313285e-01 3.775339606833843110e-03
9.652102347839475183e-01 4.086685074098006000e-03
9.652038429259264252e-01 4.104151738363219851e-03
9.650722405193761233e-01 4.464233293581282291e-03
9.649705343965533366e-01 4.743209259219552908e-03
9.649283858819219795e-01 4.859025451832736479e-03
9.647710986046457160e-01 5.292425254307407505e-03
9.647177616499881259e-01 5.439867173461591585e-03
9.645990968793389797e-01 5.768856189833726153e-03
9.644523474999922019e-01 6.177709385788290181e-03
9.644109956384543381e-01 6.293350365115490432e-03
9.642053065384579291e-01 6.871644103890632745e-03
9.641747755233289752e-01 6.957944292229766188e-03
9.639804397895854748e-01 7.510289168468048393e-03
9.638855821459119122e-01 7.781896608765657627e-03
9.637347075318949408e-01 8.216782269559739713e-03
9.635853471202867615e-01 8.650976157501259756e-03
9.634663281478658137e-01 8.999716151896867966e-03
9.632746783599360763e-01 9.566655340525361678e-03
9.631734307108893445e-01 9.868956309286162562e-03
9.629541952013035422e-01 1.053045362895879689e-02
9.628540588439393755e-01 1.083584824047023956e-02
9.626245133564641510e-01 1.154392720814996845e-02
9.625061737109509297e-01 1.191346099884757655e-02
9.622862335375368392e-01 1.260866191619589016e-02
9.621276566867957847e-01 1.311687346624958693e-02
9.619399344272844266e-01 1.372626785419756197e-02
9.617163133224247984e-01 1.446351012730194389e-02
9.615861696837011419e-01 1.489837444285029011e-02
9.612698813312623436e-01 1.597353295871769066e-02
9.612254681228917796e-01 1.612662512290808509e-02
9.608583360663432993e-01 1.741267125405012578e-02
9.607860462814855618e-01 1.767029515262484932e-02
9.604852609291465448e-01 1.875816501953926282e-02
9.602624694060254429e-01 1.958086040781996384e-02
9.601067153278194377e-01 2.016475129853066706e-02
9.597231612065205697e-01 2.163405854836860168e-02
9.596968324811460116e-01 2.173658784775238037e-02
9.593350536701552578e-01 2.316768877243969085e-02
9.590869051851917959e-01 2.417377629927919963e-02
9.589428443542662439e-01 2.476720665826931400e-02
9.585469842576913591e-01 2.643412796915783555e-02
9.584306408082445827e-01 2.693435127235239632e-02
9.581479260234795348e-01 2.816990726942174630e-02
9.577461256868574635e-01 2.997592506236071083e-02
9.577263065944130460e-01 3.006656156481520709e-02
9.573420439254761716e-01 3.185347442252559058e-02
9.569726551355646205e-01 3.362562746972090622e-02
9.569361468531873971e-01 3.380374721005579425e-02
9.565289063989670382e-01 3.582781996409019343e-02
9.561691426501085500e-01 3.767424615139280952e-02
9.561208003102322772e-01 3.792663958379343531e-02
9.557123118164815301e-01 4.010100891854711386e-02
9.553161979730309117e-01 4.228280897850732883e-02
9.553039289858900052e-01 4.235157240254552868e-02
9.548961438047729455e-01 4.467880188262959851e-02
9.544894510077536198e-01 4.708298280116989670e-02
9.544155416851513030e-01 4.752911868840191401e-02
9.540843466853604626e-01 4.956420090706891574e-02
9.536813266950617818e-01 5.212232967768959391e-02
9.534705468287510977e-01 5.349731275586161461e-02
9.532808849019018815e-01 5.475701864120775114e-02
9.528835112753061276e-01 5.746768279277401220e-02
9.524896898693429037e-01 6.025349329818457250e-02
9.524866198801158479e-01 6.027561187548659272e-02
9.520998967147439318e-01 6.311336967481862015e-02
9.517145976516258044e-01 6.604597363220231221e-02
9.514715623372692610e-01 6.795244027506713858e-02
9.513342461330376310e-01 6.904970474133254044e-02
9.509592810295780518e-01 7.212269808594935772e-02
9.505901244658848670e-01 7.526282402690193107e-02
9.504358501039128493e-01 7.661044800052159431e-02
9.502271797194717928e-01 7.846769018553982622e-02
9.498708292117902241e-01 8.173464572254934835e-02
9.495214326202577881e-01 8.506078795589652741e-02
9.493927432966297042e-01 8.631806808456191082e-02
9.491793251383214836e-01 8.844297132610483281e-02
9.488448159084426070e-01 9.187781867976646533e-02
9.485181866502065962e-01 9.536173480383246248e-02
9.483581210096651004e-01 9.711854581401464792e-02
9.481996905026137679e-01 9.889092210489842938e-02
9.478895510960800852e-01 1.024613982903044285e-01
9.475879618658236136e-01 1.060690158725100668e-01
9.473499367591108333e-01 1.090169585528928675e-01
9.472950856142396958e-01 1.097094832858234864e-01
9.470110543256734514e-01 1.133783873760756816e-01
9.467359692327820264e-01 1.170712170000615254e-01
9.464699011295557574e-01 1.207833874531444862e-01
9.463872264164485681e-01 1.219666157950264479e-01
9.462128909221377837e-01 1.245102654308450768e-01
9.459649504049180146e-01 1.282471942238946339e-01
9.457260632461699235e-01 1.319895188458360680e-01
9.454961861645557741e-01 1.357326107987111008e-01
9.454886828919093489e-01 1.358572593775897730e-01
9.452752502756063269e-01 1.394718921938379597e-01
9.450631625854991613e-01 1.432028589618967174e-01
9.448598076080325647e-01 1.469211029094422416e-01
9.446709362808624055e-01 1.505083301849326483e-01
9.446650490802681599e-01 1.506223324039971390e-01
9.444787317519975911e-01 1.543023914999692436e-01
9.443006832245466331e-01 1.579572773493669591e-01
9.441307158153382506e-01 1.615831557740503577e-01
9.439686284257730042e-01 1.651763749103367929e-01
9.439468134414745748e-01 1.656707034728870931e-01
9.438142083915892488e-01 1.687334768700238519e-01
9.436672332966986598e-01 1.722512073942793764e-01
9.435274727335388745e-01 1.757265235074209619e-01
9.433946899951723974e-01 1.791565992058627432e-01
9.433239397656958403e-01 1.810392182764810065e-01
9.432686436866226654e-01 1.825388292429468984e-01
9.431490892452135677e-01 1.858708310927047747e-01
9.430357803619103807e-01 1.891504451945536514e-01
9.429284702978153465e-01 1.923757335964369763e-01
9.428269130919874064e-01 1.955449771259814562e-01
9.428040275713286400e-01 1.962759300261966711e-01
9.427308646586347596e-01 1.986566712279007607e-01
9.426400837734119076e-01 2.017095206113916350e-01
9.425543329500634115e-01 2.047024328537649374e-01
9.424733792099532215e-01 2.076345111064060722e-01
9.423969947481205534e-01 2.105050460466225404e-01
9.423830458065298732e-01 2.110409001555865749e-01
9.423249575004122303e-01 2.133135072143574340e-01
9.422570516169533894e-01 2.160595338664843823e-01
9.421930678477630217e-01 2.187429254737462136e-01
9.421328038466926236e-01 2.213636319767163518e-01
9.420760644001028306e-01 2.239217439077288707e-01
9.420522270314629631e-01 2.250247329261489126e-01
9.420226615867890452e-01 2.264174824758071192e-01
9.419724148756579707e-01 2.288511897014954000e-01
9.419251511675499344e-01 2.312233186783501648e-01
9.418807047874131477e-01 2.335344240278655337e-01
9.418389174327802538e-01 2.357851526050344926e-01
9.417996380842471593e-01 2.379762345022155279e-01
9.417996380842470483e-01 2.379762345022158332e-01
