# n_s, r predictions of a polynomial alpha attractor model with k=1 and N_\star=61.
9.781347119164029991e-01 7.698896125998505135e-05
9.781347119164051085e-01 7.698896125998503780e-05
9.781339391985192089e-01 8.449442807441155158e-05
9.781330873967624129e-01 9.273151263305113808e-05
9.781321485749853162e-01 1.017715180215056538e-04
9.781311140159933970e-01 1.116926938362050435e-04
9.781299741466651376e-01 1.225809123782844502e-04
9.781287184562271753e-01 1.345304105467742849e-04
9.781273354071255977e-01 1.476446037836014289e-04
9.781258123378662184e-01 1.620369790303141807e-04
9.781241353573020270e-01 1.778320743165672782e-04
9.781222892294777482e-01 1.951665533259789567e-04
9.781202572486467073e-01 2.141903840660190400e-04
9.781180211035238603e-01 2.350681316290615254e-04
9.781155607301752486e-01 2.579803759580081538e-04
9.781128541527779330e-01 2.831252665382310045e-04
9.781098773115199929e-01 3.107202270273930395e-04
9.781066038770949156e-01 3.410038240042512670e-04
9.781030050508354723e-01 3.742378152884586265e-04
9.780990493503325389e-01 4.107093946171214648e-04
9.780947023797501583e-01 4.507336509100572813e-04
9.780899265847002866e-01 4.946562618595646329e-04
9.780846809915334505e-01 5.428564431630832510e-04
9.780789209312431565e-01 5.957501763481120368e-04
9.780725977484021616e-01 6.537937397991719617e-04
9.780656584964385614e-01 7.174875692245171821e-04
9.780580456202815354e-01 7.873804754063692870e-04
9.780496966291629679e-01 8.640742484769682163e-04
9.780405437624588583e-01 9.482286791782063668e-04
9.780305136529311438e-01 1.040567028357982033e-03
9.780195269929986557e-01 1.141881976192838559e-03
9.780074982113103887e-01 1.253042082048810889e-03
9.779943351688706876e-01 1.374998784169568144e-03
9.779799388864238718e-01 1.508793965086882181e-03
9.779642033174223981e-01 1.655568103255742121e-03
9.779470151845707226e-01 1.816569023147208408e-03
9.779282539014433340e-01 1.993161244075064217e-03
9.779077916053989794e-01 2.186835911121115007e-03
9.778854933328778865e-01 2.399221268295700753e-03
9.778612173739613667e-01 2.632093602636412840e-03
9.778348158489322817e-01 2.887388546184830717e-03
9.778061355562718271e-01 3.167212567885443076e-03
9.777750191477183606e-01 3.473854416405911666e-03
9.777413066923684726e-01 3.809796183871739291e-03
9.777048376967798493e-01 4.177723545616139449e-03
9.776654536514548521e-01 4.580534587869474275e-03
9.776230011744956316e-01 5.021346459698624101e-03
9.775773358193395879e-01 5.503498873899415403e-03
9.775283266035694751e-01 6.030553231950864894e-03
9.774758612977957339e-01 6.606285861421375138e-03
9.774198524854423864e-01 7.234673535843568794e-03
9.773602443633103709e-01 7.919869109770360724e-03
9.772970201977041471e-01 8.666164767937438104e-03
9.772302102792256306e-01 9.477940093925966633e-03
9.771599001318596045e-01 1.035959196374142653e-02
9.770862386294139057e-01 1.131544323785316740e-02
9.770094455596673999e-01 1.234962745740332719e-02
9.769298180611716287e-01 1.346594736282484203e-02
9.768477352524486124e-01 1.466770617382023509e-02
9.767636602954090641e-01 1.595751232203023937e-02
9.766781391064530693e-01 1.733706080238857708e-02
9.765917949750321236e-01 1.880689752432153014e-02
9.765053184952077192e-01 2.036617689556214153e-02
9.764194524798250896e-01 2.201242708179179317e-02
9.763349719148286532e-01 2.374134146543040863e-02
9.762526595072134050e-01 2.554661807309393032e-02
9.761732779407246152e-01 2.741987029217797175e-02
9.760975405062561894e-01 2.935063116751659984e-02
9.760921926121446379e-01 2.949295863562747394e-02
9.760260822239171796e-01 3.132646925995158371e-02
9.759594338193352536e-01 3.333322619955389476e-02
9.758980008736086731e-01 3.535537508283892461e-02
9.758420500936006992e-01 3.737648592759103272e-02
9.757917039700176876e-01 3.937977137920344733e-02
9.757898371017312833e-01 3.945802737374298763e-02
9.757469441963827483e-01 4.134867499267916996e-02
9.757076232583881126e-01 4.326745779227395006e-02
9.756752393538080659e-01 4.502119281930314076e-02
9.756734827365556306e-01 4.512173785574374874e-02
9.756441762422735087e-01 4.689894271688072741e-02
9.756192946184754078e-01 4.858864455917290964e-02
9.756191537056274621e-01 4.859879571708419083e-02
9.755983910971277595e-01 5.018276162874078100e-02
9.755874787140114135e-01 5.109854072895455429e-02
9.755810044607051701e-01 5.167562366360736736e-02
9.755678328775224672e-01 5.294547935802067923e-02
9.755666787998047429e-01 5.306391212833475729e-02
9.755549790731083970e-01 5.434649593069849904e-02
9.755548085458290997e-01 5.436644402805664023e-02
9.755457314329719631e-01 5.549384780158807262e-02
9.755455022514499808e-01 5.552418918831420608e-02
9.755391539055009442e-01 5.641028122556578789e-02
9.755378842898461134e-01 5.659945947003836020e-02
9.755342362711107995e-01 5.716996743340419657e-02
9.755318034848070585e-01 5.757611338913491694e-02
9.755304640723155840e-01 5.780999349283112015e-02
9.755275077702448838e-01 5.835659103301747003e-02
9.755269809384883306e-01 5.845898248335314878e-02
9.755251483315490191e-01 5.882884057700888542e-02
9.755232355593274063e-01 5.924095468913414403e-02
9.755231788899061396e-01 5.925362708276923907e-02
9.755216636724084456e-01 5.960373829824321817e-02
9.755203564278942530e-01 5.992555277494413662e-02
9.755201976217184878e-01 5.996607031296866119e-02
9.755192577498794648e-01 6.021297006548476105e-02
9.755183256522584889e-01 6.047122727791915536e-02
9.755178715454515537e-01 6.060256923134326595e-02
9.755175281955839051e-01 6.070454933357188193e-02
9.755168407354537496e-01 6.091638231287432176e-02
9.755162440115386913e-01 6.110956507206020960e-02
9.755160649396643624e-01 6.116942578689565230e-02
9.755157227960399302e-01 6.128645738346017585e-02
9.755152649219489547e-01 6.144903693213436130e-02
9.755148605738582779e-01 6.159897365809372666e-02
9.755146676871015998e-01 6.167283701523652156e-02
9.755145017632790294e-01 6.173768738723870581e-02
9.755141819355819255e-01 6.186639297626975176e-02
9.755138956721406407e-01 6.198613601821639785e-02
9.755136384622099532e-01 6.209782133409499222e-02
9.755135912424475197e-01 6.211878162731793857e-02
9.755134065264915444e-01 6.220223589597508040e-02
9.755131966794253762e-01 6.230006741135059312e-02
9.755130062207891806e-01 6.239191949771613621e-02
9.755128328496938117e-01 6.247832415567606407e-02
9.755127649686884395e-01 6.251293880080849297e-02
9.755126745958366818e-01 6.255975208557663925e-02
9.755125297641681348e-01 6.263662127050186046e-02
9.755123968900634157e-01 6.270930415629125121e-02
9.755122747027800134e-01 6.277813368906537406e-02
9.755121620954979589e-01 6.284340841689352308e-02
9.755121329088654036e-01 6.286063435735018967e-02
9.755120581006195835e-01 6.290539682060024285e-02
9.755119618693033345e-01 6.296434100627387731e-02
9.755118726544205199e-01 6.302045986661013177e-02
9.755117897962951590e-01 6.307395179815378228e-02
9.755117127107221231e-01 6.312499704556259750e-02
9.755116510094802296e-01 6.316680941552564599e-02
9.755116408788565563e-01 6.317375973129207845e-02
9.755115738386449520e-01 6.322038961887517516e-02
9.755115111775408687e-01 6.326502364972165504e-02
9.755114525262842395e-01 6.330778728666638933e-02
9.755113975535739668e-01 6.334879569203648308e-02
9.755113459614890292e-01 6.338815476354030254e-02
9.755112974815408622e-01 6.342596204760293788e-02
9.755112847786736596e-01 6.343600687270044280e-02
9.755112518712587555e-01 6.346230754673817809e-02
9.755112089112282225e-01 6.349727443502743707e-02
9.755111684025157270e-01 6.353093969368189819e-02
9.755111301644209254e-01 6.356337467691228205e-02
9.755110940325126823e-01 6.359464561686174744e-02
9.755110598569060043e-01 6.362481407512421416e-02
9.755110275007490284e-01 6.365393734732466280e-02
9.755110073426950246e-01 6.367237154398543153e-02
9.755109968388888664e-01 6.368206882635975286e-02
9.755109677566957682e-01 6.370925832914185738e-02
9.755109401490204002e-01 6.373555239105717363e-02
9.755109139192719159e-01 6.376099453179674692e-02
9.755108889785968351e-01 6.378562549575847451e-02
9.755108652451494056e-01 6.380948346981127339e-02
9.755108426434402347e-01 6.383260428087189631e-02
9.755108211037549770e-01 6.385502157544310775e-02
9.755108005616335287e-01 6.387676698300680245e-02
9.755107978544809155e-01 6.387966036299531913e-02
9.755107809574032895e-01 6.389787026494091193e-02
9.755107622357601649e-01 6.391835945043396194e-02
9.755107443453909788e-01 6.393826096070370779e-02
9.755107272386346340e-01 6.395759972267676952e-02
9.755107108711748021e-01 6.397639927315838804e-02
9.755106952017638111e-01 6.399468185440755630e-02
9.755106801919709580e-01 6.401246850193353932e-02
9.755106658059569114e-01 6.402977912524263071e-02
9.755106520102659884e-01 6.404663258218665223e-02
9.755106402052357017e-01 6.406125964910570902e-02
9.755106387736404150e-01 6.406304674749747907e-02
9.755106260668490181e-01 6.407903857603057529e-02
9.755106138625323497e-01 6.409462416118831551e-02
9.755106021350614665e-01 6.410981878894665698e-02
9.755105908604085885e-01 6.412463698786560751e-02
9.755105800160285279e-01 6.413909257542892151e-02
9.755105695807514410e-01 6.415319870102129118e-02
9.755105595346830194e-01 6.416696788582736122e-02
9.755105498591142288e-01 6.418041205990349107e-02
9.755105405364375981e-01 6.419354259665628615e-02
9.755105315500708363e-01 6.420637034493459350e-02
9.755105228843859999e-01 6.421890565892710012e-02
9.755105219913119408e-01 6.422020701919470276e-02
9.755105145246451004e-01 6.423115842603800696e-02
9.755105064569394857e-01 6.424313809289869392e-02
9.755104986681355506e-01 6.425485368965877520e-02
9.755104911458231109e-01 6.426631385268877228e-02
9.755104838782683307e-01 6.427752684581324039e-02
9.755104768543706451e-01 6.428850058018485691e-02
9.755104700636215709e-01 6.429924263289986397e-02
9.755104634960684029e-01 6.430976026444600036e-02
9.755104571422785753e-01 6.432006043506915960e-02
9.755104509933076873e-01 6.433014982013413041e-02
9.755104450406701933e-01 6.434003482455256939e-02
9.755104392763110921e-01 6.434972159634258504e-02
9.755104336925800590e-01 6.435921603938069002e-02
9.755104336925800590e-01 6.435921603938071778e-02
