# n_s, r predictions of a polynomial alpha attractor model with k=2 and N_\star=50.
9.699747647799249473e-01 1.602018172705712120e-04
9.699747647799218386e-01 1.602018172705341323e-04
9.699725463482347099e-01 1.721858437098401846e-04
9.699701467682716460e-01 1.850680150154347615e-04
9.699675518380959094e-01 1.989159077219034228e-04
9.699647462697049694e-01 2.138022244772257044e-04
9.699617136069100809e-01 2.298051893787873639e-04
9.699584361374901098e-01 2.470089747917552942e-04
9.699548947986229575e-01 2.655041623114373054e-04
9.699510690754878928e-01 2.853882407700501908e-04
9.699469368920606849e-01 3.067661444683087726e-04
9.699424744939567633e-01 3.297508351032993573e-04
9.699376563225047265e-01 3.544639312029348685e-04
9.699324548794328038e-01 3.810363892462302073e-04
9.699268405815480998e-01 4.096092410557275855e-04
9.699207816046475639e-01 4.403343925037609004e-04
9.699142437158808638e-01 4.733754890823703063e-04
9.699071900937494828e-01 5.089088544500033461e-04
9.698995811348115614e-01 5.471245086958215383e-04
9.698913742462950127e-01 5.882272737644773193e-04
9.698825236233810099e-01 6.324379742740759286e-04
9.698729800105029275e-01 6.799947428234074482e-04
9.698626904451380648e-01 7.311544398873220160e-04
9.698515979834093637e-01 7.861941994766621184e-04
9.698396414058954029e-01 8.454131129956818673e-04
9.698267549027729251e-01 9.091340650935368162e-04
9.698128677369858286e-01 9.777057368714767507e-04
9.697979038840436328e-01 1.051504793553546856e-03
9.697817816477426467e-01 1.130938275659445743e-03
9.697644132499615433e-01 1.216446214967255735e-03
9.697457043941921651e-01 1.308504498950463458e-03
9.697255538015056020e-01 1.407628010188844087e-03
9.697038527184326240e-01 1.514374070316278379e-03
9.696804843963690024e-01 1.629346221530254910e-03
9.696553235425654504e-01 1.753198382539416459e-03
9.696282357432801646e-01 1.886639420108540471e-03
9.695990768604055843e-01 2.030438182103571666e-03
9.695676924037691657e-01 2.185429043171892727e-03
9.695593891751101978e-01 2.226476164468807299e-03
9.695339168824668175e-01 2.352518019925394725e-03
9.694975731400622410e-01 2.532689518727136192e-03
9.694584716802120417e-01 2.727013785904721429e-03
9.694164099916255939e-01 2.936655137344324970e-03
9.693711718837889624e-01 3.162881051910402825e-03
9.693225268483566248e-01 3.407072220749567636e-03
9.692702294647188577e-01 3.670733652150765924e-03
9.692140188731001027e-01 3.955506938744364487e-03
9.691536183436131324e-01 4.263183800110321130e-03
9.691310206337644395e-01 4.378757866007811084e-03
9.690887349758569025e-01 4.595721018532656840e-03
9.690190595704064602e-01 4.955256887867626539e-03
9.689442667209702265e-01 5.344129294101994040e-03
9.688640151841261261e-01 5.764895539607508765e-03
9.687779485917578093e-01 6.220354009507775631e-03
9.687038994792909197e-01 6.615827224577350979e-03
9.686856965800870745e-01 6.713567755327776165e-03
9.685868764170691980e-01 7.247890035407987194e-03
9.684810952180458177e-01 7.826991799187749121e-03
9.683679528459151475e-01 8.454891029122266199e-03
9.682826371645785191e-01 8.934381643910449186e-03
9.682470455976371904e-01 9.135983753495974247e-03
9.681179707826469416e-01 9.875076408817153734e-03
9.679803323007540872e-01 1.067741905313526925e-02
9.678703141990537828e-01 1.132971567587144970e-02
9.678337473271515501e-01 1.154873870117726839e-02
9.676778542099369051e-01 1.249527175659074195e-02
9.675123216804807358e-01 1.352379414207322689e-02
9.674691619673428944e-01 1.379607252010094445e-02
9.673368594676876597e-01 1.464164726010078361e-02
9.671512303913381015e-01 1.585675734086605670e-02
9.670807926698057333e-01 1.632692398583646121e-02
9.669552639833211005e-01 1.717764503816064312e-02
9.667488716432748319e-01 1.861342131262974306e-02
9.667063424302937413e-01 1.891519519035006480e-02
9.665320632697135261e-01 2.017376470138459305e-02
9.663465782407179017e-01 2.155344467149294604e-02
9.663049652110714538e-01 2.186887403869285096e-02
9.660678392449522089e-01 2.370938961885657795e-02
9.660019792893073109e-01 2.423401158335153349e-02
9.658211021114694317e-01 2.570627477470421515e-02
9.656727982854009795e-01 2.694913942325658299e-02
9.655653448945556994e-01 2.787064903281116779e-02
9.653591077128650388e-01 2.969108251877733071e-02
9.653013512665098439e-01 3.021356361550381689e-02
9.650608351814639052e-01 3.245219883512211190e-02
9.650301132975293017e-01 3.274571038135026119e-02
9.647777910697512560e-01 3.522503091447364010e-02
9.647528432082232985e-01 3.547705669465371636e-02
9.645096907361290217e-01 3.800237578509853276e-02
9.644709791484753492e-01 3.841640160943072396e-02
9.642561728468559412e-01 4.077734423074100278e-02
9.641861828773228282e-01 4.157085356866335735e-02
9.640168148441691232e-01 4.354340967987616051e-02
9.639003271680368634e-01 4.494523689865507349e-02
9.637911462196301349e-01 4.629444701426117109e-02
9.636154709527546824e-01 4.854144385233975789e-02
9.635786600235540789e-01 4.902476171447146119e-02
9.633788228930550979e-01 5.172910990112251917e-02
9.633338207317498902e-01 5.235776057419466722e-02
9.631910837902109002e-01 5.440270996247041635e-02
9.630576776613820611e-01 5.638820830850738153e-02
9.630148815878488699e-01 5.704124656535702886e-02
9.628496516096988200e-01 5.964086791978136237e-02
9.627893710111175007e-01 6.062195392937224508e-02
9.626948312149203879e-01 6.219817720646626108e-02
9.625498645085124316e-01 6.471021908348134621e-02
9.625311802770597502e-01 6.504285417674551817e-02
9.624142062545492093e-01 6.717446216760028510e-02
9.622873250671037937e-01 6.958877834183728461e-02
9.622852499941585425e-01 6.962920302570183018e-02
9.621687059516393914e-01 7.195141968045344616e-02
9.620578522676666022e-01 7.426099371005284722e-02
9.620535029421066753e-01 7.435374848453872587e-02
9.619542871810522477e-01 7.651643764520651980e-02
9.618575546708169055e-01 7.871699215511096526e-02
9.618375586621383810e-01 7.918403153625924729e-02
9.617672201516973551e-01 8.086217513464159790e-02
9.616828707692471889e-01 8.295175587413680662e-02
9.616386646618217959e-01 8.408307514245902392e-02
9.616041154196264262e-01 8.498572994754634291e-02
9.615305845413668617e-01 8.696429507022399030e-02
9.614619297215053484e-01 8.888782811625689506e-02
9.614576471325496643e-01 8.901041675013345034e-02
9.613978231536699504e-01 9.075686343114930388e-02
9.613379569810838188e-01 9.257207252895421901e-02
9.612948863677771572e-01 9.392343772399147639e-02
9.612820425530875790e-01 9.433424522329984796e-02
9.612298096197281483e-01 9.604427220877437277e-02
9.611810054852572005e-01 9.770312908226173876e-02
9.611503195094432961e-01 9.877890392678684295e-02
9.611353941380206267e-01 9.931186177244037683e-02
9.610927553712296234e-01 1.008715733291343231e-01
9.610528839064510498e-01 1.023834120118885943e-01
9.610234701586888306e-01 1.035346006168320204e-01
9.610155885293366618e-01 1.038485606084263435e-01
9.609806912451052119e-01 1.052682269079529831e-01
9.609480264595602339e-01 1.066436352510786723e-01
9.609174401899672757e-01 1.079760190769701589e-01
9.609135013105940537e-01 1.081509284261182868e-01
9.608887893088711163e-01 1.092666143887983249e-01
9.608619408229118752e-01 1.105166540602590397e-01
9.608367711878403883e-01 1.117273629086126541e-01
9.608192855750007366e-01 1.125923292664106207e-01
9.608131656602465487e-01 1.128999534630435314e-01
9.607910176859519868e-01 1.140356223609763353e-01
9.607702283245769248e-01 1.151355473091272424e-01
9.607507057094605285e-01 1.162008845503151450e-01
9.607394851592848672e-01 1.168284315766957848e-01
9.607323645418074376e-01 1.172327667815589169e-01
9.607151256178239063e-01 1.182323014729859262e-01
9.606989153873830567e-01 1.192005695415941369e-01
9.606836655427302141e-01 1.201386243377156743e-01
9.606726338065540993e-01 1.208348394333640108e-01
9.606693126356690149e-01 1.210474909059509607e-01
9.606557977216545474e-01 1.219281654859405845e-01
9.606430660292236690e-01 1.227816152217342388e-01
9.606310666532213993e-01 1.236087780516607892e-01
9.606197522703194824e-01 1.244105627535219277e-01
9.606172137235557962e-01 1.245935329044007694e-01
9.606090788753730569e-01 1.251878491226082746e-01
9.605990055372228831e-01 1.259414882624957932e-01
9.605894941726111913e-01 1.266723029708156922e-01
9.605805093369468306e-01 1.273810882042333559e-01
9.605720180307244505e-01 1.280686116087110804e-01
9.605717221936892480e-01 1.280928898484918754e-01
9.605639895204717282e-01 1.287356141027967693e-01
9.605563951731637129e-01 1.293828105031809006e-01
9.605492083031136330e-01 1.300108901831121822e-01
9.605424040304137989e-01 1.306205177554648489e-01
9.605359591500584049e-01 1.312123337733338280e-01
9.605347246332841538e-01 1.313273752962759167e-01
9.605298520109463167e-01 1.317869554419911216e-01
9.605240624040108921e-01 1.323449773368945426e-01
9.605185714587857193e-01 1.328869721231978607e-01
9.605133615477572384e-01 1.334134912728805467e-01
9.605084161979096091e-01 1.339250657762170449e-01
9.605048928998273228e-01 1.342969691307459579e-01
9.605037200089089344e-01 1.344222068448175655e-01
9.604992585774130287e-01 1.349054066039453992e-01
9.604950184270384383e-01 1.353751387722080257e-01
9.604909869435446224e-01 1.358318593270841090e-01
9.604871523148349466e-01 1.362760071550478402e-01
9.604835034754024559e-01 1.367080046853274833e-01
9.604810293822872991e-01 1.370064144543002571e-01
9.604800300548768099e-01 1.371282585065674853e-01
9.604767223303584123e-01 1.375371599658612998e-01
9.604735711822461885e-01 1.379350857498022054e-01
9.604705680532925616e-01 1.383223984473446466e-01
9.604677049106374875e-01 1.386994470943997693e-01
9.604649742105926258e-01 1.390665677001928224e-01
9.604623688659693626e-01 1.394240837555075219e-01
9.604620786214367323e-01 1.394643688539672355e-01
9.604598822157509597e-01 1.397723067230160487e-01
9.604575079969379647e-01 1.401115365099575572e-01
9.604552403183965748e-01 1.404420619234828249e-01
9.604530736365621824e-01 1.407641611090240663e-01
9.604510027328573285e-01 1.410781019720827589e-01
9.604490226926962748e-01 1.413841425838574528e-01
9.604471288859560696e-01 1.416825315711525701e-01
9.604471288859559586e-01 1.416825315711526534e-01
