# n_s, r predictions of a polynomial alpha attractor model with k=4 and N_\star=49.
9.659815969109738498e-01 4.536213645347918916e-05
9.659815969109903921e-01 4.536213645343976485e-05
9.659807223636796003e-01 4.898677255859920101e-05
9.659797559777895115e-01 5.290131800071305648e-05
9.659786894776605237e-01 5.712901052840525676e-05
9.659775138882713552e-01 6.169495912782740823e-05
9.659762194770401544e-01 6.662629617368099396e-05
9.659747956922075662e-01 7.195234219764176913e-05
9.659732310948658807e-01 7.770478436430068288e-05
9.659715132852778607e-01 8.391786984624867625e-05
9.659696288242981543e-01 9.062861538774956145e-05
9.659675631470083790e-01 9.787703449140732772e-05
9.659653004696092671e-01 1.057063837776464561e-04
9.659628236882885632e-01 1.141634302284242274e-04
9.659601142696813136e-01 1.232987411897704588e-04
9.659571521317735776e-01 1.331669991938717857e-04
9.659539155147615075e-01 1.438273438676662382e-04
9.659503808406715297e-01 1.553437434254641809e-04
9.659465225609272787e-01 1.677853985013903542e-04
9.659423129903838001e-01 1.812271813636205241e-04
9.659377221269094260e-01 1.957501138792118749e-04
9.659327174552276851e-01 2.114418879533260583e-04
9.659272637323453869e-01 2.283974325954791075e-04
9.659213227548587577e-01 2.467195321944634190e-04
9.659148531039201124e-01 2.665195011479276274e-04
9.659078098679328983e-01 2.879179205396114986e-04
9.659067067742699297e-01 2.912558790826275763e-04
9.659001443384448438e-01 3.110454432775868112e-04
9.658918036781345418e-01 3.360436748338147591e-04
9.658827305575388156e-01 3.630661376165467353e-04
9.658728627563097913e-01 3.922793280252251358e-04
9.658621327264951262e-01 4.238638763518869090e-04
9.658504671126015850e-01 4.580158210477918053e-04
9.658377862241469547e-01 4.949480103814553984e-04
9.658240034551612840e-01 5.348916462783071413e-04
9.658090246444490656e-01 5.780979871866363286e-04
9.657948589377166604e-01 6.187879124401271264e-04
9.657927473699922105e-01 6.248402291684776932e-04
9.657750601694535808e-01 6.754155872005402099e-04
9.657558416780115396e-01 7.301476018954676040e-04
9.657349596737752062e-01 7.893887006287077452e-04
9.657122700192593001e-01 8.535230465220003566e-04
9.656876154862916728e-01 9.229697139522503391e-04
9.656608244499920168e-01 9.981862354424468706e-04
9.656588468446051232e-01 1.003729101957361904e-03
9.656317094355445496e-01 1.079672572094630620e-03
9.656000654996244048e-01 1.167975568398627127e-03
9.655656684260019995e-01 1.263693962550111859e-03
9.655282727126782705e-01 1.367484035672159644e-03
9.655031714753351535e-01 1.437011560881128842e-03
9.654876093255767566e-01 1.480065997960161150e-03
9.654433831912714314e-01 1.602231227243980111e-03
9.653952703995178908e-01 1.734850496301978268e-03
9.653429150844198281e-01 1.878883350234789333e-03
9.653300777439354219e-01 1.914160778366986353e-03
9.652859259526315183e-01 2.035388824973565543e-03
9.652238724277345527e-01 2.205537733558152625e-03
9.651562803829856207e-01 2.390626789119639720e-03
9.651408516840679352e-01 2.432846363001635922e-03
9.650826274411494765e-01 2.592094883661807004e-03
9.650023378312893030e-01 2.811541900900832534e-03
9.649362996350517863e-01 2.991957884662849003e-03
9.649147768101489220e-01 3.050750510722343399e-03
9.648192446819018331e-01 3.311711473250261197e-03
9.647169772529257115e-01 3.591167542196957180e-03
9.647149704867168385e-01 3.596653072882680362e-03
9.646011054772454241e-01 3.908075407333232686e-03
9.644833186436736483e-01 4.230690068983045463e-03
9.644767165628741479e-01 4.248790373796693803e-03
9.643407799717864659e-01 4.621968323716867284e-03
9.642357169120414628e-01 4.911134657368672676e-03
9.641921754531139754e-01 5.031192499700410693e-03
9.640296814015478777e-01 5.480522525181892590e-03
9.639745758557883848e-01 5.633404335894830021e-03
9.638519713127416955e-01 5.974568396008688061e-03
9.637003408646085401e-01 6.398622337905329228e-03
9.636576119408782892e-01 6.518576636887808869e-03
9.634450634024047666e-01 7.118530557942269292e-03
9.634135129319641999e-01 7.208075870064720343e-03
9.632126812382274528e-01 7.781266910785262537e-03
9.631146488812152295e-01 8.063172815978125740e-03
9.629587201333325019e-01 8.514611736165116768e-03
9.628043514488219268e-01 8.965409111065286013e-03
9.626813386727017807e-01 9.327538842709474920e-03
9.624832534880278789e-01 9.916345150255580568e-03
9.623786043162474435e-01 1.023035515270648114e-02
9.621520005251202878e-01 1.091758950200773931e-02
9.620484978565443379e-01 1.123491803848549603e-02
9.618112350656039533e-01 1.197078799241446320e-02
9.616889170942635179e-01 1.235489063516567558e-02
9.614615847154504014e-01 1.307761621014984915e-02
9.612976803286281680e-01 1.360604179161523271e-02
9.611036548234249688e-01 1.423977373085501784e-02
9.608725313832303661e-01 1.500659762814335330e-02
9.607380253224941935e-01 1.545897877343096506e-02
9.604111490513602689e-01 1.657765141062689934e-02
9.603652508811378885e-01 1.673696244466474706e-02
9.599858633094054960e-01 1.807546210428713496e-02
9.599111648527920426e-01 1.834363737496222044e-02
9.596003752577554335e-01 1.947621364919054771e-02
9.593701937589915740e-01 2.033287184821494162e-02
9.592092844565190957e-01 2.094094267883842356e-02
9.588130779728178954e-01 2.247135458929874069e-02
9.587858831071162102e-01 2.257816085638037970e-02
9.584122361592704031e-01 2.406912367904961644e-02
9.581559853941222782e-01 2.511746633987506708e-02
9.580072361161662275e-01 2.573588136001004820e-02
9.575985545890218775e-01 2.747320356655843024e-02
9.574784610911585281e-01 2.799461158547541031e-02
9.571866702856227649e-01 2.928259745267434988e-02
9.567720656315444883e-01 3.116548746720023549e-02
9.567516179830902745e-01 3.125998843748074851e-02
9.563552280005125361e-01 3.312320090065198203e-02
9.559742935634005789e-01 3.497120161944928390e-02
9.559366504624706717e-01 3.515695300435749820e-02
9.555168320927259762e-01 3.726783179343114150e-02
9.551460862073923863e-01 3.919354604394170022e-02
9.550962778835715428e-01 3.945678265765072135e-02
9.546754982962172287e-01 4.172459291910982776e-02
9.542676384469372941e-01 4.400015844251965041e-02
9.542550084879547478e-01 4.407187649005545049e-02
9.538353272466649768e-01 4.649905879923232899e-02
9.534169756631333259e-01 4.900636216829852565e-02
9.533409706429354369e-01 4.947161359005470410e-02
9.530004755701715347e-01 5.159379183234044652e-02
9.525863477776407295e-01 5.426112280711907487e-02
9.523698544545788902e-01 5.569465032210980937e-02
9.521751101322636357e-01 5.700788781265524879e-02
9.517672754319279615e-01 5.983336646510652862e-02
9.513633492249824464e-01 6.273657594754006306e-02
9.513602015330500095e-01 6.275962401153291348e-02
9.509638275259881812e-01 6.571626336423622150e-02
9.505691944803750237e-01 6.877089997218840955e-02
9.503204232318287481e-01 7.075621472010544533e-02
9.501799200110144783e-01 7.189867746803683957e-02
9.497964574804604876e-01 7.509750648718681310e-02
9.494192414023561177e-01 7.836501744680533788e-02
9.492616928887399608e-01 7.976691895939047594e-02
9.490486852351925906e-01 8.169856383390466936e-02
9.486851792907027292e-01 8.509522800522466290e-02
9.483290887874854524e-01 8.855182952826748388e-02
9.481980176128423921e-01 8.985798689811079487e-02
9.479807520784157004e-01 9.206493605237116296e-02
9.476404790776580267e-01 9.563087665687594607e-02
9.473085499098781170e-01 9.924575758096311484e-02
9.471460103763127414e-01 1.010678211716285885e-01
9.469852138005294684e-01 1.029054801978279976e-01
9.466706882219959596e-01 1.066057610556323254e-01
9.463651583059684569e-01 1.103421537702815730e-01
9.461242594039472875e-01 1.133934991410705251e-01
9.460687765278454897e-01 1.141100725215934003e-01
9.457816626642872038e-01 1.179048168757835247e-01
9.455039040204427092e-01 1.217215976342410494e-01
9.452355559189031808e-01 1.255555633920157621e-01
9.451522362377041686e-01 1.267770118768197507e-01
9.449766424383481134e-01 1.294018274792306245e-01
9.447271573859000737e-01 1.332554949563408975e-01
9.444870654840878954e-01 1.371116893373793555e-01
9.442563037503687307e-01 1.409655787266427540e-01
9.442487762823539299e-01 1.410938630813847183e-01
9.440347830450448452e-01 1.448124010709017084e-01
9.438223897617495917e-01 1.486474882520709972e-01
9.436189876338558769e-01 1.524662887720237281e-01
9.434302975929760304e-01 1.561474513282218590e-01
9.434244196295178408e-01 1.562643888137761894e-01
9.432385099086054714e-01 1.600375314960870154e-01
9.430610658152712711e-01 1.637816341758677463e-01
9.428918798812374602e-01 1.674928036893730265e-01
9.427307318164710459e-01 1.711673494603785650e-01
9.427090581634054445e-01 1.716726155227241979e-01
9.425773904658758529e-01 1.748017944396636769e-01
9.424316157128292959e-01 1.783928838744922030e-01
9.422931603127745470e-01 1.819375919387167528e-01
9.421617716425566558e-01 1.854331262830781202e-01
9.420918276941354641e-01 1.873503844126422624e-01
9.420371933537086129e-01 1.888769305908040985e-01
9.419191669203730299e-01 1.922666852454476549e-01
9.418074330749425238e-01 1.956003062359243372e-01
9.417017331267739655e-01 1.988759424378317986e-01
9.416018101614302971e-01 2.020919714205081652e-01
9.415793081848355950e-01 2.028333351164463005e-01
9.415074101198168677e-01 2.052469939360213047e-01
9.414182827582754376e-01 2.083398272496766179e-01
9.413341824921774847e-01 2.113694974719632913e-01
9.412548691268123324e-01 2.143352310494839597e-01
9.411801084804025663e-01 2.172364455677050221e-01
9.411664642707011641e-01 2.177777772282295243e-01
9.411096729048950005e-01 2.200727400116996024e-01
9.410433417108037268e-01 2.228438846228104897e-01
9.409809015028200996e-01 2.255498104796997971e-01
9.409221464331744000e-01 2.281905989219253639e-01
9.408668783798656010e-01 2.307664709232800093e-01
9.408436742964012556e-01 2.318765544750000240e-01
9.408149070568689876e-01 2.332777765109722845e-01
9.407660500633283629e-01 2.357249843155029556e-01
9.407201328785333994e-01 2.381086713250759324e-01
9.406769888092180176e-01 2.404295129076857163e-01
9.406364588953867178e-01 2.426882731538187732e-01
9.405983917804829897e-01 2.448857955832576538e-01
9.405983917804829897e-01 2.448857955832577094e-01
