# n_s, r predictions of a polynomial alpha attractor model with k=2 and N_\star=44.
9.658797044361221440e-01 1.940693485140220593e-04
9.658797044361179251e-01 1.940693485140425507e-04
9.658770787766970400e-01 2.085878197285205094e-04
9.658742370643453867e-01 2.241945514951137791e-04
9.658711622963673804e-01 2.409714539211706239e-04
9.658678361676161783e-01 2.590066553447544222e-04
9.658642389719254151e-01 2.783949826695114680e-04
9.658603494968803771e-01 2.992384800675979895e-04
9.658561449104881014e-01 3.216469693156842266e-04
9.658516006393322861e-01 3.457386553230463186e-04
9.658466902377997876e-01 3.716407807465303735e-04
9.658413852475815631e-01 3.994903339621201773e-04
9.658356550465873047e-01 4.294348150746913565e-04
9.658294666868330047e-01 4.616330651033105767e-04
9.658227847202062177e-01 4.962561639874946313e-04
9.658155710113724979e-01 5.334884036288826351e-04
9.658077845368778780e-01 5.735283428050245080e-04
9.657993811694634001e-01 6.165899515005112633e-04
9.657903134465350981e-01 6.629038529785119928e-04
9.657805303216668857e-01 7.127186727939405567e-04
9.657699768981057309e-01 7.663025049208825124e-04
9.657585941427098142e-01 8.239445062764369629e-04
9.657463185796189009e-01 8.859566321209255083e-04
9.657330819616466444e-01 9.526755262277864390e-04
9.657188109187325731e-01 1.024464581211918758e-03
9.657034265813999596e-01 1.101716186183942375e-03
9.656868441782793244e-01 1.184854180795946298e-03
9.656689726061833401e-01 1.274336536947104229e-03
9.656497139713153821e-01 1.370658291862744335e-03
9.656289631004463248e-01 1.474354758996020533e-03
9.656066070209332608e-01 1.586005046287109702e-03
9.655825244086854164e-01 1.706235914755357356e-03
9.655565850034937281e-01 1.835726014260262006e-03
9.655286489915311243e-01 1.975210537565218281e-03
9.654985663554299657e-01 2.125486338629160518e-03
9.654661761930042330e-01 2.287417566362066109e-03
9.654313060066945784e-01 2.461941870947806973e-03
9.653937709669601075e-01 2.650077246283311268e-03
9.653838400137845221e-01 2.699906971026901862e-03
9.653533731544053920e-01 2.852929579107373308e-03
9.653099007873094939e-01 3.071700982988464623e-03
9.652631274436208608e-01 3.307699003447714652e-03
9.652128112893111345e-01 3.562346789033728634e-03
9.651586943286596387e-01 3.837194331926672280e-03
9.651005016960408911e-01 4.133930890475984686e-03
9.650379410142108094e-01 4.454398714440182400e-03
9.649707018495007338e-01 4.800608201309563249e-03
9.648984553017675436e-01 5.174754617915187059e-03
9.648714271690482791e-01 5.315321109026095898e-03
9.648208537743550028e-01 5.579236524914765738e-03
9.647375309783056130e-01 6.016676041133508374e-03
9.646481022346277134e-01 6.489941078570137314e-03
9.645521651486890224e-01 7.002169664926367366e-03
9.644493007415434471e-01 7.556796445991813098e-03
9.643608217827562834e-01 8.038508918438963535e-03
9.643390751336194944e-01 8.157581421660517820e-03
9.642210418863951249e-01 8.808640912410195534e-03
9.640947451170739368e-01 9.514480672307886952e-03
9.639597235083929849e-01 1.028003095378385301e-02
9.638579570318747125e-01 1.086478669617532179e-02
9.638155153415820520e-01 1.111068318004665607e-02
9.636616646826374755e-01 1.201232768424874940e-02
9.634977288516493044e-01 1.299139171846280631e-02
9.633667880924041693e-01 1.378752763948075562e-02
9.633232873003962915e-01 1.405487660736308951e-02
9.631379520148245499e-01 1.521039250600171935e-02
9.629413795442692825e-01 1.646618870253887743e-02
9.628901664993587683e-01 1.679865469653395865e-02
9.627332847377637615e-01 1.783117676839767601e-02
9.625134562343573563e-01 1.931494308729242090e-02
9.624301335021592241e-01 1.988903964794941359e-02
9.622817737053525056e-01 2.092774638268723314e-02
9.620382267737207505e-01 2.268049481571636147e-02
9.619881033659151148e-01 2.304882845660129881e-02
9.617829354315733381e-01 2.458469606709309113e-02
9.615650015924956939e-01 2.626770562461249597e-02
9.615161716307001338e-01 2.665237260363782779e-02
9.612383815256553277e-01 2.889593316349440069e-02
9.611613712033238999e-01 2.953511215436337850e-02
9.609502075983749059e-01 3.132799053463337924e-02
9.607774539208970843e-01 3.284042908346167938e-02
9.606525095890935395e-01 3.396111518382242261e-02
9.604132522962656182e-01 3.617313447711149182e-02
9.603463828116136636e-01 3.680751453771653747e-02
9.600685779238146145e-01 3.952293837119622011e-02
9.600331720666421820e-01 3.987862912909725249e-02
9.597430896875380757e-01 4.287989799067226659e-02
9.597144790277614135e-01 4.318463986942223248e-02
9.594363248470294536e-01 4.623451443234048025e-02
9.593921607218837133e-01 4.673388588024158380e-02
9.591477248706352654e-01 4.957781155479868557e-02
9.590683166410366445e-01 5.053220001792090715e-02
9.588766572762595919e-01 5.290139777198930165e-02
9.587452621975723899e-01 5.458217964754339541e-02
9.586224343046353402e-01 5.619751159744769409e-02
9.584254867633121844e-01 5.888242314271611294e-02
9.583843289694636836e-01 5.945905200760151499e-02
9.581615888551168192e-01 6.267959491018953999e-02
9.581115954849895866e-01 6.342677717275402305e-02
9.579534479288108750e-01 6.585339717874946763e-02
9.578062354628480435e-01 6.820365446262217912e-02
9.577591365743858276e-01 6.897538982885224879e-02
9.575778900215851097e-01 7.204116196264419292e-02
9.575120086528322583e-01 7.319549390803903322e-02
9.574089553266230679e-01 7.504693709970178261e-02
9.572515970496172644e-01 7.798954345305098013e-02
9.572313758346859824e-01 7.837844156200268753e-02
9.571051017678219308e-01 8.086637961017523191e-02
9.569687815578662438e-01 8.367537695141681608e-02
9.569665578959157815e-01 8.372232875151397469e-02
9.568419765743874095e-01 8.641495999205733858e-02
9.567240568454657978e-01 8.908400568010431397e-02
9.567194421489488843e-01 8.919100971048436743e-02
9.566144233976068278e-01 9.168180252554058995e-02
9.565125088143402454e-01 9.420801028568720481e-02
9.564915020440742932e-01 9.474309449814667661e-02
9.564177773233293323e-01 9.666262078920492828e-02
9.563297244973947286e-01 9.904592035128648164e-02
9.562837381637538936e-01 1.003330749955844980e-01
9.562478766453794687e-01 1.013584541165194475e-01
9.561717899595330028e-01 1.036009925645039187e-01
9.561010494772718138e-01 1.057745003265887634e-01
9.560966466728947344e-01 1.059127967836908241e-01
9.560352679069333837e-01 1.078801073894892215e-01
9.559740843595555537e-01 1.099190827020870009e-01
9.559302186032146986e-01 1.114331846676289567e-01
9.559171630218458171e-01 1.118928101542073644e-01
9.558641917993769832e-01 1.138027668592523356e-01
9.558148809536268775e-01 1.156505036448910589e-01
9.557839698847377941e-01 1.168460928097959650e-01
9.557689617517721725e-01 1.174376276362047722e-01
9.557261851440460587e-01 1.191657868025750161e-01
9.556863204801038236e-01 1.208366563315214637e-01
9.556569985091085684e-01 1.221061294750206139e-01
9.556491542726737176e-01 1.224519266901359787e-01
9.556144890146591742e-01 1.240132932337399685e-01
9.555821420535274280e-01 1.255224472252463863e-01
9.555519445253460864e-01 1.269810681329007207e-01
9.555480622644436650e-01 1.271723061000110122e-01
9.555237403494385440e-01 1.283908170805181381e-01
9.554973852835837445e-01 1.297533313315086811e-01
9.554727460388590110e-01 1.310702196957866383e-01
9.554556686369093388e-01 1.320093813327763155e-01
9.554496994525969455e-01 1.323430587567598349e-01
9.554281317174566635e-01 1.335733898237470851e-01
9.554079376642807819e-01 1.347627165232097579e-01
9.553890200961751011e-01 1.359125029499920756e-01
9.553781679861165221e-01 1.365888088774231124e-01
9.553712891711497734e-01 1.370241723070654283e-01
9.553546618304860072e-01 1.380991059697080636e-01
9.553390612701672113e-01 1.391386429159328086e-01
9.553244164525513948e-01 1.401440794718215310e-01
9.553138419142066518e-01 1.408892460157178950e-01
9.553106616556493735e-01 1.411166693255824500e-01
9.552977360574195220e-01 1.420576237694853861e-01
9.552855833526029405e-01 1.429681121335108496e-01
9.552741513997374811e-01 1.438492623788248381e-01
9.552633918961175308e-01 1.447021618230479034e-01
9.552609805440470669e-01 1.448966287300788303e-01
9.552532600785922368e-01 1.455278579727719568e-01
9.552437144482247566e-01 1.463273594418905976e-01
9.552347165169621235e-01 1.471016369370992671e-01
9.552262305745905513e-01 1.478516242944102610e-01
9.552182234743702427e-01 1.485782195527344807e-01
9.552179447337365570e-01 1.486038614224963750e-01
9.552106644358600018e-01 1.492822860525409301e-01
9.552035248635520892e-01 1.499646535493391608e-01
9.551967781800400070e-01 1.506261193332543713e-01
9.551903996725407131e-01 1.512674493473108173e-01
9.551843663516856875e-01 1.518893792982171365e-01
9.551832116052816346e-01 1.520101988525217884e-01
9.551786568215777651e-01 1.524926157544786165e-01
9.551732511601949138e-01 1.530778372275640453e-01
9.551681308092903055e-01 1.536456952326390735e-01
9.551632784730151871e-01 1.541968153260561969e-01
9.551586780245443498e-01 1.547317981173854662e-01
9.551554037785962015e-01 1.551204129371533125e-01
9.551543144200521640e-01 1.552512202542789821e-01
9.551501736194359937e-01 1.557556353788934755e-01
9.551462425132341005e-01 1.562455750549814337e-01
9.551425088552327747e-01 1.567215496650705420e-01
9.551389612002996188e-01 1.571840492774313203e-01
9.551355888470151045e-01 1.576335444827572374e-01
9.551333041587289907e-01 1.579438383554674641e-01
9.551323817847157116e-01 1.580704872006785389e-01
9.551293306445884923e-01 1.584953114563889265e-01
9.551264266544934323e-01 1.589084341277978984e-01
9.551236615972087396e-01 1.593102556637314426e-01
9.551210277718290564e-01 1.597011607737910677e-01
9.551185179580614637e-01 1.600815190905486574e-01
9.551161253831886855e-01 1.604516858048118944e-01
9.551158589661234988e-01 1.604933814968680927e-01
9.551138436914897722e-01 1.608120022747339672e-01
9.551116669159205319e-01 1.611627966095696973e-01
9.551095894518786267e-01 1.615043842289027309e-01
9.551076060328888007e-01 1.618370683981747438e-01
9.551057117080571368e-01 1.621611407413580674e-01
9.551039018211583409e-01 1.624768817316062930e-01
9.551021719912299313e-01 1.627845611607112719e-01
9.551021719912299313e-01 1.627845611607112719e-01
