# n_s, r predictions of a polynomial alpha attractor model with k=1 and N_\star=60.
9.777702746344199003e-01 7.870438103626425149e-05
9.777702746344200113e-01 7.870438103625125462e-05
9.777694865554250603e-01 8.637706542837234513e-05
9.777686177669738798e-01 9.479766498805144797e-05
9.777676601664291312e-01 1.040390706655231948e-04
9.777666048535349486e-01 1.141812745274886290e-04
9.777654420539659830e-01 1.253120609839095275e-04
9.777641610358551727e-01 1.375277651716008036e-04
9.777627500187962006e-01 1.509341049863843884e-04
9.777611960745734576e-01 1.656470938788951039e-04
9.777594850193035425e-01 1.817940421992493181e-04
9.777576012957909235e-01 1.995146556224115049e-04
9.777555278459409971e-01 2.189622399790988572e-04
9.777532459721705038e-01 2.403050226988674546e-04
9.777507351872183339e-01 2.637276020174515734e-04
9.777479730515884482e-01 2.894325361298566586e-04
9.777449349979168147e-01 3.176420855819444503e-04
9.777415941415830147e-01 3.486001233918304613e-04
9.777379210767932483e-01 3.825742286821660313e-04
9.777338836578167713e-01 4.198579809713691739e-04
9.777294467646509002e-01 4.607734737434062539e-04
9.777245720529914585e-01 5.056740674485394943e-04
9.777192176883411356e-01 5.549474037007884808e-04
9.777133380644708049e-01 6.090187040967238660e-04
9.777068835069081532e-01 6.683543787594812624e-04
9.776997999620686830e-01 7.334659713985633520e-04
9.776920286743631117e-01 8.049144692293860306e-04
9.776835058528953182e-01 8.833150075970164087e-04
9.776741623314990637e-01 9.693420002908411260e-04
9.776639232263532042e-01 1.063734727353316672e-03
9.776527075970119496e-01 1.167303412373424647e-03
9.776404281183469491e-01 1.280935820609658757e-03
9.776269907729203679e-01 1.405604407455572072e-03
9.776122945758141114e-01 1.542374043302728809e-03
9.775962313466679543e-01 1.692410335223786975e-03
9.775786855473973525e-01 1.856988557299784183e-03
9.775595342076714989e-01 2.037503189004032447e-03
9.775386469650605425e-01 2.235478043532793634e-03
9.775158862517984160e-01 2.452576943922844983e-03
9.774911076658983067e-01 2.690614872313212141e-03
9.774641605704941227e-01 2.951569474541572077e-03
9.774348889720335665e-01 3.237592745607095236e-03
9.774031327342072029e-01 3.551022648246961785e-03
9.773687291910290176e-01 3.894394323050564405e-03
9.773315152274131279e-01 4.270450430198475221e-03
9.772913298989873709e-01 4.682150015551538730e-03
9.772480176631151982e-01 5.132675113239643962e-03
9.772014322888807891e-01 5.625434079553806588e-03
9.771514415033285550e-01 6.164060396925310180e-03
9.770979324124486887e-01 6.752405393169321271e-03
9.770408177060616595e-01 7.394522995915238026e-03
9.769800426133795623e-01 8.094644298616062231e-03
9.769155925189911827e-01 8.857139376366032074e-03
9.768475010751530574e-01 9.686463495149925593e-03
9.767758585562934526e-01 1.058708466249073249e-02
9.767008200964543141e-01 1.156338944787638559e-02
9.766226133353028693e-01 1.261956425659614862e-02
9.765415448810264021e-01 1.375944989010725525e-02
9.764580048924961231e-01 1.498636839989606930e-02
9.763724690060741063e-01 1.630292306457635856e-02
9.762854968073396700e-01 1.771077488066129246e-02
9.761977261004254336e-01 1.921040226868083595e-02
9.761098623825976706e-01 2.080085464331457926e-02
9.760226632077627640e-01 2.247951478486313534e-02
9.759369175242759153e-01 2.424188906914334293e-02
9.758534205821840501e-01 2.608144783673837716e-02
9.757729455769391658e-01 2.798953962879974569e-02
9.756962137554020531e-01 2.995540178999607853e-02
9.756907975660896737e-01 3.010028362284221035e-02
9.756238651580518839e-01 3.196628534801065208e-02
9.755564324057547365e-01 3.400770389276117078e-02
9.754943198763680323e-01 3.606380485471528258e-02
9.754377902177842063e-01 3.811784836791782399e-02
9.753869594373032470e-01 4.015276573209471123e-02
9.753850753083868064e-01 4.023223669270314246e-02
9.753418008893315339e-01 4.215175863775229292e-02
9.753021575048509417e-01 4.409889389505019380e-02
9.752695299559629438e-01 4.587769082196588993e-02
9.752677607360044076e-01 4.597964779873613128e-02
9.752382540740832662e-01 4.778135973553308130e-02
9.752132187268752750e-01 4.949356524485545167e-02
9.752130769896927287e-01 4.950384923093719552e-02
9.751921991230422249e-01 5.110819254573635562e-02
9.751812314541091764e-01 5.203543497195915052e-02
9.751747262867416222e-01 5.261962112863331070e-02
9.751614965386982137e-01 5.390477749908947208e-02
9.751603376872702844e-01 5.402461407342804695e-02
9.751485927932127540e-01 5.532214558336624732e-02
9.751484216534506144e-01 5.534232246632110608e-02
9.751393140362325518e-01 5.648247159897237107e-02
9.751390841406188947e-01 5.651315096504899022e-02
9.751327172211687877e-01 5.740899662997316077e-02
9.751314441861937965e-01 5.760022794524528172e-02
9.751277869398921050e-01 5.817686477605978762e-02
9.751253485259292475e-01 5.858731646756853984e-02
9.751240062083096349e-01 5.882365432620800111e-02
9.751210440186308670e-01 5.937593384208558062e-02
9.751205162182088326e-01 5.947937999670318415e-02
9.751186804462524949e-01 5.985302242320159755e-02
9.751167647337564137e-01 6.026930617055070022e-02
9.751167079832707696e-01 6.028210599228273070e-02
9.751151907365250837e-01 6.063571918128362465e-02
9.751138819697243720e-01 6.096072090617394440e-02
9.751137229941012619e-01 6.100163757575319257e-02
9.751127821926862671e-01 6.125095907569966247e-02
9.751118493048418490e-01 6.151173026181625675e-02
9.751113948642998741e-01 6.164434321919728954e-02
9.751110512858206514e-01 6.174730668561659308e-02
9.751103634331191872e-01 6.196117251375220236e-02
9.751097664441177315e-01 6.215619760851573417e-02
9.751095873073936104e-01 6.221662696488802075e-02
9.751092450598594086e-01 6.233476723624293420e-02
9.751087870901308241e-01 6.249888023381639651e-02
9.751083827020763373e-01 6.265022423552316089e-02
9.751081898120244063e-01 6.272477841431912948e-02
9.751080238939756617e-01 6.279023398122780819e-02
9.751077041010909330e-01 6.292013698562247404e-02
9.751074178970216000e-01 6.304098965395030230e-02
9.751071607650100281e-01 6.315370609764392462e-02
9.751071135622280117e-01 6.317485949337288409e-02
9.751069289210858582e-01 6.325908131555539604e-02
9.751067191760426356e-01 6.335780998573971312e-02
9.751065288268050413e-01 6.345050180794796491e-02
9.751063555702452756e-01 6.353769411365135789e-02
9.751062877382005167e-01 6.357262367702165573e-02
9.751061974343020466e-01 6.361986229505559032e-02
9.751060527225438035e-01 6.369742848092144194e-02
9.751059199692599933e-01 6.377076879370284501e-02
9.751057979028580069e-01 6.384021945150034072e-02
9.751056854158527409e-01 6.390608192383338826e-02
9.751056562618563017e-01 6.392346275816429557e-02
9.751055815401309390e-01 6.396862730810591591e-02
9.751054854264534777e-01 6.402810006082620964e-02
9.751053963273882408e-01 6.408472119191517546e-02
9.751053135830323182e-01 6.413869101013681961e-02
9.751052366090144918e-01 6.419019149156270088e-02
9.751051750012713626e-01 6.423237617630983554e-02
9.751051648863715560e-01 6.423938833011082206e-02
9.751050979529720664e-01 6.428643271886111399e-02
9.751050353962218420e-01 6.433146290250636723e-02
9.751049768468382783e-01 6.437460553452654943e-02
9.751049219735173912e-01 6.441597686715662407e-02
9.751048704783517040e-01 6.445568379769948952e-02
9.751048220928774102e-01 6.449382479101850585e-02
9.751048094153332846e-01 6.450395820596337149e-02
9.751047765746589935e-01 6.453049069497530932e-02
9.751047337043247110e-01 6.456576546303190167e-02
9.751046932829886549e-01 6.459972679611972191e-02
9.751046551300025511e-01 6.463244671410665887e-02
9.751046190809905534e-01 6.466399206570895564e-02
9.751045849861246229e-01 6.469442498444866185e-02
9.751045527086111830e-01 6.472380329720066328e-02
9.751045326006855252e-01 6.474239879637509743e-02
9.751045221233565208e-01 6.475218089098351559e-02
9.751044931157893947e-01 6.477960804289012442e-02
9.751044655808196460e-01 6.480613171740845502e-02
9.751044394219141598e-01 6.483179583483145159e-02
9.751044145502765215e-01 6.485664151398505550e-02
9.751043908841172669e-01 6.488070729209451104e-02
9.751043683480017377e-01 6.490402932426361793e-02
9.751043468722692120e-01 6.492664156473862413e-02
9.751043263925115445e-01 6.494857593186777189e-02
9.751043236936809411e-01 6.495149444361046631e-02
9.751043068491069832e-01 6.496986245844277308e-02
9.751042881868000611e-01 6.499052942891155038e-02
9.751042703543255641e-01 6.501060350478024552e-02
9.751042533040684690e-01 6.503010983937417000e-02
9.751042369917570785e-01 6.504907218299632587e-02
9.751042213761863531e-01 6.506751297940829848e-02
9.751042064189677783e-01 6.508545345445684860e-02
9.751041920843017685e-01 6.510291369758346158e-02
9.751041783387717210e-01 6.511991273687330051e-02
9.751041665774086153e-01 6.513466608545205594e-02
9.751041651511568320e-01 6.513646860823500695e-02
9.751041524922622328e-01 6.515259841923772000e-02
9.751041403347632253e-01 6.516831840808320897e-02
9.751041286530642838e-01 6.518364399813797450e-02
9.751041174231698250e-01 6.519858984841163385e-02
9.751041066225659693e-01 6.521316990032913208e-02
9.751040962301125159e-01 6.522739742110905681e-02
9.751040862259442443e-01 6.524128504403342577e-02
9.751040765913800978e-01 6.525484480586514480e-02
9.751040673088391397e-01 6.526808818164579751e-02
9.751040583617652802e-01 6.528102611708579139e-02
9.751040497345551117e-01 6.529366905873876248e-02
9.751040488454795208e-01 6.529498158973509603e-02
9.751040414124947375e-01 6.530602698213490431e-02
9.751040333816989314e-01 6.531810941803319059e-02
9.751040256290561814e-01 6.532992547693666774e-02
9.751040181421777309e-01 6.534148387200405805e-02
9.751040109093509489e-01 6.535279294047857679e-02
9.751040039194946996e-01 6.536386066374490211e-02
9.751039971621202618e-01 6.537469468611514789e-02
9.751039906272933599e-01 6.538530233243761147e-02
9.751039843055994139e-01 6.539569062461283999e-02
9.751039781881115642e-01 6.540586629709539690e-02
9.751039722663608078e-01 6.541583581145363202e-02
9.751039665323082417e-01 6.542560537005324972e-02
9.751039609783195283e-01 6.543518092892569582e-02
9.751039609783195283e-01 6.543518092892573745e-02
