# n_s, r predictions of a polynomial alpha attractor model with k=3 and N_\star=47.
9.659348280232979977e-01 1.261242323886101462e-04
9.659348280232938899e-01 1.261242323886101462e-04
9.659324455380239316e-01 1.360098298775677661e-04
9.659298488635440494e-01 1.466719543653321155e-04
9.659270200206506729e-01 1.581718875825913553e-04
9.659239395677562401e-01 1.705757947677703800e-04
9.659205864821608367e-01 1.839551216349859068e-04
9.659169380324038601e-01 1.983870248774962861e-04
9.659129696397888987e-01 2.139548392553867898e-04
9.659086547283259883e-01 2.307485846108665460e-04
9.659039645623241910e-01 2.488655165015099340e-04
9.658988680703149976e-01 2.684107245263657828e-04
9.658933316541487013e-01 2.894977828502613921e-04
9.658873189819510152e-01 3.122494579140913684e-04
9.658807907634817669e-01 3.367984788646114533e-04
9.658737045062363302e-01 3.632883768484213060e-04
9.658660142505488544e-01 3.918744000078651650e-04
9.658576702817670556e-01 4.227245117996634408e-04
9.658486188172783482e-01 4.560204811444023838e-04
9.658388016660826025e-01 4.919590739231996307e-04
9.658281558582298976e-01 5.307533564853276044e-04
9.658166132413147364e-01 5.726341231379018185e-04
9.658041000406856202e-01 6.178514610872724118e-04
9.657905363800475262e-01 6.666764680053913292e-04
9.657758357583980935e-01 7.194031393666395092e-04
9.657599044790677878e-01 7.763504449504070098e-04
9.657426410262210936e-01 8.378646165012492613e-04
9.657239353834683460e-01 9.043216715404574961e-04
9.657036682890091095e-01 9.761302017816410586e-04
9.656817104210522196e-01 1.053734458605743189e-03
9.656664647893793418e-01 1.107513730378326252e-03
9.656579215066511956e-01 1.137617772708456737e-03
9.656321493465934713e-01 1.228306350417725408e-03
9.656042287483931341e-01 1.326373495455466850e-03
9.655739803588159198e-01 1.432444312215272464e-03
9.655412093869419898e-01 1.547200955134708615e-03
9.655057042082949570e-01 1.671388498650120758e-03
9.654672348404357285e-01 1.805821513784677985e-03
9.654255512803782135e-01 1.951391450897526367e-03
9.653803816946692207e-01 2.109074943830553054e-03
9.653314304539162283e-01 2.279943168976876749e-03
9.653151472016815449e-01 2.336786125058900286e-03
9.652783760053070816e-01 2.465172414047664927e-03
9.652208685793552956e-01 2.666056035954192296e-03
9.651585277312202393e-01 2.884018015683242377e-03
9.650909397227303010e-01 3.120628350791098717e-03
9.650176547591413634e-01 3.377620563587662231e-03
9.649381841053545905e-01 3.656911645590059812e-03
9.649140631531494261e-01 3.741820898460411840e-03
9.648519971197851985e-01 3.960624806722407888e-03
9.647585182617363087e-01 4.291115450963635218e-03
9.646571241482009285e-01 4.651000858900154744e-03
9.645471407613402937e-01 5.043194121007832202e-03
9.644740793260188072e-01 5.304854766864213964e-03
9.644278409342560421e-01 5.470942933300608144e-03
9.642984422714142578e-01 5.937873937689079791e-03
9.641581056870494049e-01 6.448043361904338619e-03
9.640059347673741730e-01 7.005994786441802936e-03
9.640018984957857695e-01 7.020864789468036007e-03
9.638409761763900852e-01 7.616824936907534531e-03
9.636622213272323378e-01 8.286258467175997011e-03
9.635029720103112094e-01 8.889636794173427781e-03
9.634686095298934383e-01 9.020732758542615928e-03
9.632590328048146189e-01 9.827493806391071618e-03
9.630323425292786066e-01 1.071470428670674539e-02
9.629822457635530686e-01 1.091290254432968586e-02
9.627873580760136774e-01 1.169156486739297840e-02
9.625228776326018032e-01 1.276844971451859996e-02
9.624443027813895934e-01 1.309303192241575466e-02
9.622376914786126001e-01 1.395705687876180358e-02
9.619305981597200406e-01 1.527057374097064678e-02
9.618933461739797020e-01 1.543237081142908099e-02
9.616004242346893882e-01 1.672385682266806090e-02
9.613331799143500778e-01 1.793287917871768875e-02
9.612460485602146720e-01 1.833362386707622360e-02
9.608664323790953032e-01 2.011865397026934774e-02
9.607672256636895503e-01 2.059590787211600799e-02
9.604606567321349875e-01 2.209998845366654280e-02
9.601985661678780204e-01 2.342203755996562914e-02
9.600279688610913187e-01 2.430112084214641061e-02
9.596299964285194273e-01 2.641094771569790778e-02
9.595678392430023740e-01 2.674815844247067226e-02
9.590800306287884380e-01 2.946993029852659762e-02
9.590640694692385004e-01 2.956130538026045806e-02
9.585646798719026362e-01 3.249800649862766289e-02
9.585031310096134849e-01 3.287067271100251042e-02
9.580223923306470102e-01 3.586658189092706284e-02
9.579493423701259669e-01 3.633543550623484497e-02
9.574543470957485036e-01 3.961216361291289983e-02
9.574046933343993704e-01 3.995075550001581099e-02
9.568710074594177772e-01 4.371054884612057823e-02
9.568624091158199896e-01 4.377298759608800466e-02
9.563499422931500682e-01 4.760749246616963887e-02
9.562492413860459450e-01 4.838807669345807083e-02
9.558429866235488293e-01 5.163305903491098581e-02
9.556184067582041974e-01 5.349584630574200778e-02
9.553514564774916451e-01 5.577758038912756372e-02
9.549744448588750600e-01 5.913216846319589021e-02
9.548764912023333107e-01 6.003033812356286386e-02
9.544190506218379610e-01 6.437967912742861842e-02
9.543229056411859368e-01 6.532783046910325964e-02
9.539799139634282943e-01 6.881315287449100981e-02
9.536703182581165450e-01 7.210537887332589546e-02
9.535596809992232803e-01 7.331766646667639553e-02
9.531587756239682241e-01 7.787965279856193246e-02
9.530240737127194661e-01 7.947543197691847583e-02
9.527774519066928294e-01 8.248524679644403390e-02
9.524158024978396364e-01 8.712046451705023065e-02
9.523922038804111256e-01 8.743267691483988524e-02
9.520737691505055666e-01 9.177137997067513764e-02
9.517830495851676842e-01 9.595193141356050948e-02
9.517511550229226236e-01 9.642429484909227633e-02
9.514476383688503791e-01 1.010658968596024054e-01
9.512048269994758387e-01 1.049848182111345063e-01
9.511627871914374310e-01 1.056834030500976018e-01
9.508960744314672864e-01 1.102646853048551562e-01
9.506651232712072241e-01 1.144577237581253237e-01
9.506468932789180482e-01 1.147983760425980299e-01
9.504145722328259938e-01 1.192739530045367619e-01
9.501983895836668692e-01 1.236818028337799691e-01
9.501703747932472854e-01 1.242717297302174534e-01
9.499975870499414166e-01 1.280132638804716005e-01
9.498113823618246077e-01 1.322606492915776033e-01
9.497253983285619539e-01 1.343050584314112450e-01
9.496389806456800864e-01 1.364172519435644659e-01
9.494795845207573137e-01 1.404773331438480821e-01
9.493330490411789890e-01 1.444182382505271589e-01
9.493324028711550566e-01 1.444360972654030462e-01
9.491966583006069547e-01 1.482896545980486591e-01
9.490715933140717597e-01 1.520349747144991437e-01
9.489940655487489884e-01 1.544617127756290620e-01
9.489564752983269402e-01 1.556698325771994629e-01
9.488506003941495903e-01 1.591927494723953951e-01
9.487532963659023322e-01 1.626029306697028831e-01
9.487071311045640609e-01 1.642850976620603143e-01
9.486639245813726085e-01 1.659002014861299945e-01
9.485818812165839331e-01 1.690849431983839080e-01
9.485065977980375873e-01 1.721580300091450355e-01
9.484691392879497363e-01 1.737468870203682236e-01
9.484375411895021868e-01 1.751207680418693791e-01
9.483742131229196959e-01 1.779748371220044034e-01
9.483161493640511752e-01 1.807222359054086458e-01
9.482756140051545879e-01 1.827232644672719397e-01
9.482629185938062921e-01 1.833652307401097692e-01
9.482141210762845551e-01 1.859063084968279045e-01
9.481693871748425595e-01 1.883481334766891890e-01
9.481283757682454905e-01 1.906935084004271752e-01
9.481212087617308937e-01 1.911148426374792431e-01
9.480907726103808830e-01 1.929453394003449174e-01
9.480562886692190938e-01 1.951066048723153201e-01
9.480246584737528348e-01 1.971803279978193435e-01
9.480002053860920874e-01 1.988505884937553925e-01
9.479956384915541046e-01 1.991695527130950549e-01
9.479690055543147365e-01 2.010773228816050140e-01
9.479445553442575889e-01 2.029066644150512022e-01
9.479221009505327533e-01 2.046605700851465981e-01
9.479069464314192617e-01 2.058887513690709492e-01
9.479014715015987580e-01 2.063419867715385325e-01
9.478825108770425611e-01 2.079538048991562138e-01
9.478650765002512024e-01 2.094988498295775325e-01
9.478490382117328306e-01 2.109798749846693300e-01
9.478361610580430252e-01 2.122151308845099948e-01
9.478342772216489243e-01 2.123995564959112459e-01
9.478206851391763887e-01 2.137604891887407987e-01
9.478081630756268749e-01 2.150651837275347478e-01
9.477966208178564278e-01 2.163160647624146060e-01
9.477859760680140688e-01 2.175154699355183185e-01
9.477831719036552416e-01 2.178393768816014042e-01
9.477761537457821683e-01 2.186656496177929176e-01
9.477670853489560399e-01 2.197687672625249777e-01
9.477587083683772784e-01 2.208269002740671227e-01
9.477509657532756648e-01 2.218420413024094484e-01
9.477439927508674034e-01 2.227901541022900000e-01
9.477438054232144582e-01 2.228160998851464458e-01
9.477371798229979882e-01 2.237509043683378052e-01
9.477310455170870895e-01 2.246482040467294161e-01
9.477253628202698676e-01 2.255096714718796969e-01
9.477200954615367934e-01 2.263369048839190822e-01
9.477153400893838509e-01 2.271099550310712589e-01
9.477152102783202858e-01 2.271314307290911161e-01
9.477106769384590068e-01 2.278947062308854798e-01
9.477064676874484839e-01 2.286281219875650472e-01
9.477025571187284170e-01 2.293330045732894784e-01
9.476989219649366580e-01 2.300106191238584230e-01
9.476955409082353787e-01 2.306621718914549091e-01
9.476945860924954612e-01 2.308501730130181895e-01
9.476923944079693740e-01 2.312888127556562978e-01
9.476894645440715470e-01 2.318916376805015001e-01
9.476867348747650688e-01 2.324716911095518479e-01
9.476841903072447115e-01 2.330299682927390037e-01
9.476818169801342062e-01 2.335674175403772701e-01
9.476796785042606031e-01 2.340668302645226018e-01
9.476796021566282757e-01 2.340849424010554014e-01
9.476775341273269149e-01 2.345834037612608280e-01
9.476756021218611936e-01 2.350636218655465792e-01
9.476737962284927930e-01 2.355263782568428055e-01
9.476721073209465329e-01 2.359724176371775783e-01
9.476705269918038743e-01 2.364024496496149319e-01
9.476690474918484375e-01 2.368171505826552892e-01
9.476690474918484375e-01 2.368171505826552892e-01
