# n_s, r predictions of a polynomial alpha attractor model with k=3 and N_\star=54.
9.703511896206002962e-01 1.009961178760617828e-04
9.703511896205940790e-01 1.009961178760618100e-04
9.703492246575796676e-01 1.089113714546621151e-04
9.703470848884684363e-01 1.174482281569371410e-04
9.703447557088230591e-01 1.266557165686817642e-04
9.703422213284174092e-01 1.365867676863158125e-04
9.703394646759370135e-01 1.472985313427483084e-04
9.703364672953208592e-01 1.588527192456897971e-04
9.703332092337441095e-01 1.713159770126722716e-04
9.703296689203050329e-01 1.847602878356704049e-04
9.703258230345800373e-01 1.992634106694351505e-04
9.703216463642778677e-01 2.149093561371517229e-04
9.703171116508345628e-01 2.317889036804757436e-04
9.703121894221118371e-01 2.500001638523251593e-04
9.703068478107945705e-01 2.696491900707711402e-04
9.703010523573586399e-01 2.908506446243797495e-04
9.702947657961105143e-01 3.137285242495281090e-04
9.702879478227612875e-01 3.384169512009136825e-04
9.702805548417737791e-01 3.650610364152960378e-04
9.702725396916731526e-01 3.938178221397197203e-04
9.702638513461262493e-01 4.248573122654026105e-04
9.702544345884993593e-01 4.583635996133809628e-04
9.702442296574317337e-01 4.945361005398718479e-04
9.702331718605219368e-01 5.335909085408317796e-04
9.702211911530222999e-01 5.757622800103060195e-04
9.702082116782381194e-01 6.213042670159290475e-04
9.701941512656935274e-01 6.704925139147250831e-04
9.701789208831486100e-01 7.236262368817618189e-04
9.701624240376182096e-01 7.810304080403221742e-04
9.701445561208068558e-01 8.430581688661027868e-04
9.701321530851976238e-01 8.860371982971088772e-04
9.701252036931847789e-01 9.100935010438988100e-04
9.701042437010027886e-01 9.825541869725347432e-04
9.700815426198216018e-01 1.060895096801253278e-03
9.700569555177362968e-01 1.145611844327915248e-03
9.700303250310491343e-01 1.237244860414825516e-03
9.700014802448022611e-01 1.336383939955186617e-03
9.699702354703572116e-01 1.443673327005173075e-03
9.699363889121974669e-01 1.559817412699970570e-03
9.698997212163512627e-01 1.685587132217139256e-03
9.698599938935166254e-01 1.821827160598894681e-03
9.698467811229799507e-01 1.867139745021806916e-03
9.698169476111649923e-01 1.969464022987320144e-03
9.697703003508376662e-01 2.129515253070065565e-03
9.697197454297992181e-01 2.303099754627420306e-03
9.696649493903705119e-01 2.491449545353780545e-03
9.696055497660767131e-01 2.695923089935758302e-03
9.695411527413907438e-01 2.918020461045327685e-03
9.695216100641089740e-01 2.985517660621382716e-03
9.694713307318938433e-01 3.159400602669600131e-03
9.693956199239553984e-01 3.421901010296182072e-03
9.693135178285059439e-01 3.707560186816229956e-03
9.692244809205724509e-01 4.018643281709173044e-03
9.691653443907065624e-01 4.226063606313805107e-03
9.691279224559785632e-01 4.357671373622798959e-03
9.690232105764075010e-01 4.727454912659294350e-03
9.689096668327249473e-01 5.131131897924777648e-03
9.687865652711784570e-01 5.572211427761247955e-03
9.687833002414698580e-01 5.583960994547484090e-03
9.686531322349422046e-01 6.054623324151012752e-03
9.685085470319340084e-01 6.582774598653846551e-03
9.683797383486995036e-01 7.058343616685604401e-03
9.683519436079429665e-01 7.161613594068135663e-03
9.681824133442711311e-01 7.796702701447505088e-03
9.679990090784130752e-01 8.494300610279868075e-03
9.679584723627512322e-01 8.650027987170119323e-03
9.678007504373953296e-01 9.261455088086780960e-03
9.675866305933368272e-01 1.010610728124771915e-02
9.675229974024843749e-01 1.036048871216938526e-02
9.673556246166029604e-01 1.103720844363196424e-02
9.671066997270096888e-01 1.206484977620102608e-02
9.670764900587445201e-01 1.219134491234286945e-02
9.668388279280183406e-01 1.320040562069246283e-02
9.666218035943703324e-01 1.414408259348798845e-02
9.665510017401660603e-01 1.445668949035037489e-02
9.662422539997371773e-01 1.584812121097155593e-02
9.661614886772111888e-01 1.621988613592524955e-02
9.659116829199257959e-01 1.739090162606811429e-02
9.656978329951257933e-01 1.841951879571680425e-02
9.655584837844128909e-01 1.910318869499417690e-02
9.652329058225295189e-01 2.074322623114664699e-02
9.651819887181860569e-01 2.100526514827341304e-02
9.647817159179912228e-01 2.311968289317743383e-02
9.647685977720016348e-01 2.319065368981747949e-02
9.643574294779920786e-01 2.547136281067100688e-02
9.643066515545106743e-01 2.576077467458856574e-02
9.639092104517383852e-01 2.808762023010585862e-02
9.638486832871214771e-01 2.845183157189684620e-02
9.634375389635736475e-01 3.099807615242302500e-02
9.633961956438847896e-01 3.126128949641007737e-02
9.629505846842756345e-01 3.418580466030094606e-02
9.629433859144299612e-01 3.423440250763681858e-02
9.625131421515609187e-01 3.722120836507843145e-02
9.624283110075159131e-01 3.782983729567607201e-02
9.620850547799901786e-01 4.036250738862433990e-02
9.618945613660926375e-01 4.181839429178776935e-02
9.616674018580613215e-01 4.360390114325662925e-02
9.613451619379660418e-01 4.623368544994866519e-02
9.612611520289251477e-01 4.693881553192003758e-02
9.608671600843937677e-01 5.035995294565862035e-02
9.607839853639106309e-01 5.110727736950671646e-02
9.604861643219171352e-01 5.385935735082968828e-02
9.602157855000024167e-01 5.646652322062084561e-02
9.601187848776863154e-01 5.742849293392817550e-02
9.597655233153630228e-01 6.105833433589099440e-02
9.596461761764099041e-01 6.233185655693109645e-02
9.594267636349558259e-01 6.473946614095874019e-02
9.591027747667747461e-01 6.846218901073919394e-02
9.590815363066553800e-01 6.871361090438546371e-02
9.587937145302363184e-01 7.221662968754506695e-02
9.585288256653653471e-01 7.560854185052628962e-02
9.584996349663024162e-01 7.599285204077792233e-02
9.582204888956576960e-01 7.978096639640228083e-02
9.579953039431348127e-01 8.299636970423188154e-02
9.579561375124654443e-01 8.357123456503033621e-02
9.577063587954568469e-01 8.735416825472290536e-02
9.574881596638138426e-01 9.083680837446563017e-02
9.574708565035200403e-01 9.112061890102557404e-02
9.572492695206679114e-01 9.486185734637174460e-02
9.570411813236769927e-01 9.856964222984743174e-02
9.570140741319308475e-01 9.906765951820441229e-02
9.568461293628462982e-01 1.022362763829424426e-01
9.566636141701103657e-01 1.058546509460357027e-01
9.565787653516537592e-01 1.076045763712627779e-01
9.564931080370013827e-01 1.094182773060062702e-01
9.563340631356295196e-01 1.129213072937980539e-01
9.561865722187378180e-01 1.163429873810135490e-01
9.561859189871066977e-01 1.163585423626665588e-01
9.560481092121191349e-01 1.197254326883993303e-01
9.559200675264474256e-01 1.230180672911550255e-01
9.558401438687468277e-01 1.251623918264831714e-01
9.558012329692481268e-01 1.262331563773266552e-01
9.556910543733317942e-01 1.293680071441616897e-01
9.555889941042133851e-01 1.324204942868532353e-01
9.555402883593540064e-01 1.339328271867988585e-01
9.554945311083948845e-01 1.353890264054999071e-01
9.554071633213357950e-01 1.382725094362457774e-01
9.553264094922073735e-01 1.410703081353253951e-01
9.552860089738437477e-01 1.425228525862391460e-01
9.552518104862306458e-01 1.437822065343629663e-01
9.551829301266042682e-01 1.464083681669649528e-01
9.551193556372424842e-01 1.489492967460454009e-01
9.550747212806151021e-01 1.508080270419684676e-01
9.550606977451699953e-01 1.514057978532753201e-01
9.550065904979142539e-01 1.537789420898925952e-01
9.549566908469403481e-01 1.560700300345450320e-01
9.549106780434150066e-01 1.582805592604266398e-01
9.549026098200859014e-01 1.586787099349430963e-01
9.548682528876001330e-01 1.604121935816293365e-01
9.548291368681993685e-01 1.624667346275938951e-01
9.547930712231385009e-01 1.644460957846304028e-01
9.547650602353779936e-01 1.660461339575450834e-01
9.547598159486765379e-01 1.663522784940928978e-01
9.547291487795003251e-01 1.681873508571410103e-01
9.547008641585855715e-01 1.699534284651392779e-01
9.546747722121359248e-01 1.716526573516157783e-01
9.546570968723305795e-01 1.728460623267797092e-01
9.546506977418482975e-01 1.732871989452668959e-01
9.546284792440777878e-01 1.748592168927547430e-01
9.546079679631710446e-01 1.763708656140360320e-01
9.545890269842614018e-01 1.778242804509128916e-01
9.545737668578303525e-01 1.790398262499454662e-01
9.545715303692396958e-01 1.792215692700931950e-01
9.545553623380886865e-01 1.805648053861905467e-01
9.545404164968736005e-01 1.818560216741210711e-01
9.545265951125749826e-01 1.830972057478230386e-01
9.545138084343487428e-01 1.842902960889789554e-01
9.545104334053486905e-01 1.846130007304760401e-01
9.545019740602046499e-01 1.854371790174717538e-01
9.544910163476755249e-01 1.865396864034113422e-01
9.544808658667481849e-01 1.875995940287211172e-01
9.544714588931016985e-01 1.886186205143104977e-01
9.544629654045525546e-01 1.895723021366767513e-01
9.544627369395695116e-01 1.895984267366318254e-01
9.544546463236598388e-01 1.905406156648403460e-01
9.544471377689445202e-01 1.914467325567853206e-01
9.544401660381353070e-01 1.923182654586199358e-01
9.544336895957123978e-01 1.931566459589032503e-01
9.544278304081955655e-01 1.939414302608798990e-01
9.544276702980291072e-01 1.939632501536676101e-01
9.544220731089002596e-01 1.947393997840697888e-01
9.544168658387722770e-01 1.954863635129086286e-01
9.544120189056732873e-01 1.962053583105268229e-01
9.544075051162405066e-01 1.968975509244422495e-01
9.544032994652323909e-01 1.975640594104670078e-01
9.544021104585945769e-01 1.977565473308153521e-01
9.543993789520327509e-01 1.982059547061509053e-01
9.543957224127581629e-01 1.988242622301086560e-01
9.543923103666775987e-01 1.994199634932175280e-01
9.543891248757498946e-01 1.999939977098173505e-01
9.543861494161737236e-01 2.005472633989327791e-01
9.543834646777882291e-01 2.010619437751033634e-01
9.543833687609313277e-01 2.010806199672007522e-01
9.543807688723878746e-01 2.015948892666419023e-01
9.543783368040842374e-01 2.020908571216813165e-01
9.543760606109308320e-01 2.025692748209336480e-01
9.543739292670760932e-01 2.030308605702203228e-01
9.543719325907863427e-01 2.034763009041141157e-01
9.543700611757260921e-01 2.039062520540219359e-01
9.543700611757260921e-01 2.039062520540219359e-01
