# n_s, r predictions of a polynomial alpha attractor model with k=2 and N_\star=41.
9.633827272113494322e-01 2.157579167587216583e-04
9.633827272113484330e-01 2.157579167587215770e-04
9.633798479688608918e-01 2.318995073192084899e-04
9.633767307169213145e-01 2.492511282658692014e-04
9.633733566828758255e-01 2.679038731701858947e-04
9.633697056545590387e-01 2.879557540215233369e-04
9.633657558714311397e-01 3.095122361313289681e-04
9.633614839083628478e-01 3.326868158415552347e-04
9.633568645502168515e-01 3.576016446892859310e-04
9.633518706573228618e-01 3.843882040081606183e-04
9.633464730208356475e-01 4.131880343343302892e-04
9.633406402076143404e-01 4.441535243905016445e-04
9.633343383930997872e-01 4.774487649095057436e-04
9.633275311823212839e-01 5.132504730386450728e-04
9.633201794173494870e-01 5.517489936745648485e-04
9.633122409706090794e-01 5.931493846905756817e-04
9.633036705229375274e-01 6.376725937389106195e-04
9.632944193253538678e-01 6.855567350973978090e-04
9.632844349433383746e-01 7.370584759171443061e-04
9.632736609824368301e-01 7.924545422112933869e-04
9.632620367939221939e-01 8.520433560313632731e-04
9.632494971591670785e-01 9.161468165148054822e-04
9.632359719512982865e-01 9.851122388698835188e-04
9.632213857727824902e-01 1.059314466920526767e-03
9.632056575673312304e-01 1.139158176575428248e-03
9.631887002047628821e-01 1.225080389538124549e-03
9.631704200371618008e-01 1.317553218778574854e-03
9.631507164249659692e-01 1.417086869741230552e-03
9.631294812315323028e-01 1.524232924035706389e-03
9.631065982847420992e-01 1.639587935469465204e-03
9.630819428049408604e-01 1.763797371718723618e-03
9.630553807975680281e-01 1.897559938910696855e-03
9.630267684108498871e-01 2.041632330629562612e-03
9.629959512578467606e-01 2.196834447815293034e-03
9.629627637038159493e-01 2.364055141352669042e-03
9.629270281202896298e-01 2.544258535150466238e-03
9.628885541084289956e-01 2.738490994092613456e-03
9.628471376956565519e-01 2.947888808459556750e-03
9.628361795023210323e-01 3.003353098545755596e-03
9.628025605113167407e-01 3.173686674263925291e-03
9.627545889493457354e-01 3.417227057384444096e-03
9.627029733286639468e-01 3.679970538352941509e-03
9.626474470653757498e-01 3.963507244007593439e-03
9.625877258749503396e-01 4.269569481768532154e-03
9.625235070274796856e-01 4.600045701686769975e-03
9.624544686849171304e-01 4.956995920219134898e-03
9.623802693561285260e-01 5.342668747192535345e-03
9.623005475133863396e-01 5.759520162809868629e-03
9.622707238529316642e-01 5.916145855302697848e-03
9.622149214231301428e-01 6.210234193511655724e-03
9.621229892537837003e-01 6.697745632548311213e-03
9.620243295344819145e-01 7.225264941083652317e-03
9.619185020504712469e-01 7.796305445867232793e-03
9.618050492727805434e-01 8.414712916749113661e-03
9.617074776399329172e-01 8.951901246867760564e-03
9.616834984322190083e-01 9.084697557055669906e-03
9.615533643589052604e-01 9.810868367202010484e-03
9.614141532185300765e-01 1.059826974029161838e-02
9.612653672846868114e-01 1.145242000999199643e-02
9.611532577649474218e-01 1.210493908757153715e-02
9.611065108912316690e-01 1.237935148666883915e-02
9.609370977102517086e-01 1.338565127603569618e-02
9.607566594979828345e-01 1.447850186282965447e-02
9.606126017155393049e-01 1.536725462300564220e-02
9.605647564428293483e-01 1.566572004513182639e-02
9.603609892356679278e-01 1.695579230627124873e-02
9.601450129602414618e-01 1.835790409421100486e-02
9.600887706462051252e-01 1.872911346558621404e-02
9.599165528699122873e-01 1.988195972586274951e-02
9.596754220704657445e-01 2.153858873499723062e-02
9.595840850360357610e-01 2.217953782068958143e-02
9.594215410620241524e-01 2.333913343434560611e-02
9.591549589988558333e-01 2.529561127884462357e-02
9.591001350157345451e-01 2.570670618499916807e-02
9.588758763929344786e-01 2.742064434004974627e-02
9.586379398746374125e-01 2.929828028231581255e-02
9.585846688078688560e-01 2.972734691108548655e-02
9.582819108545631570e-01 3.222916109507912436e-02
9.581980715472305787e-01 3.294167558320074130e-02
9.579683995065786384e-01 3.493962939568778098e-02
9.577807496613182092e-01 3.662428894910257915e-02
9.576451754065427036e-01 3.787209312131722266e-02
9.573859148822337906e-01 4.033369233779734997e-02
9.573135404532396864e-01 4.103930622299815228e-02
9.570132863008331547e-01 4.405779768796378587e-02
9.569750695772327731e-01 4.445295648223986096e-02
9.566624072800548051e-01 4.778499570383674261e-02
9.566316142859333516e-01 4.812309027182926774e-02
9.563326829036150611e-01 5.150427006430307458e-02
9.562852953641463039e-01 5.205744392495658540e-02
9.560234111631510379e-01 5.520528817412457406e-02
9.559384821462784121e-01 5.626069441427313661e-02
9.557338092995990575e-01 5.887846961234322746e-02
9.555937561352784160e-01 6.073365457813025697e-02
9.554630362334295413e-01 6.251503367122110411e-02
9.552538575213626038e-01 6.547245300983144112e-02
9.552102117117156066e-01 6.610702767031646776e-02
9.549744326125916283e-01 6.964733798937577935e-02
9.549216144046276389e-01 7.046775465822577300e-02
9.547547867372236929e-01 7.312968594894908581e-02
9.545998562314619296e-01 7.570409299026323313e-02
9.545503643564874352e-01 7.654861076407279419e-02
9.543602677444171789e-01 7.989944180541218299e-02
9.542913149938400119e-01 8.115939520394925555e-02
9.541836189104730970e-01 8.317826233453411156e-02
9.540195657299936904e-01 8.638186675062130282e-02
9.539985198707220393e-01 8.680478490461446262e-02
9.538672866622530666e-01 8.950771321149413040e-02
9.537259942359321840e-01 9.255387328817246684e-02
9.537236928592041085e-01 9.260473848898970184e-02
9.535949374712708870e-01 9.551898009389997446e-02
9.534734033966579814e-01 9.840217610670687343e-02
9.534686541375761992e-01 9.851764999159087766e-02
9.533607178045686581e-01 1.012030616897524743e-01
9.532562453784432233e-01 1.039216451113226802e-01
9.532347460413684859e-01 1.044968243294392002e-01
9.531593893083025737e-01 1.065582946821310301e-01
9.530695904992362300e-01 1.091136934636300210e-01
9.530227833801833137e-01 1.104918737415849644e-01
9.529863264636408982e-01 1.115887968586797702e-01
9.529091099755321315e-01 1.139847932750669285e-01
9.528374875535771116e-01 1.163030679520730831e-01
9.528330353860788859e-01 1.164504428916419143e-01
9.527710378288439808e-01 1.185451699590401725e-01
9.527093698436802649e-01 1.207127823107969483e-01
9.526652411674475518e-01 1.223201429661172485e-01
9.526521213196418314e-01 1.228076950958253699e-01
9.525989569249651012e-01 1.248317814770926598e-01
9.525495665656494859e-01 1.267869764005242483e-01
9.525186567060712761e-01 1.280505429856580446e-01
9.525036637187357380e-01 1.286752578302524375e-01
9.524609838217209523e-01 1.304986303213477861e-01
9.524212827281907101e-01 1.322591107381855813e-01
9.523921278728033624e-01 1.335950544207683277e-01
9.523843352365336523e-01 1.339587159286528828e-01
9.523499336960067341e-01 1.355994521698267175e-01
9.523178866923677210e-01 1.371833062085413557e-01
9.522880178134285334e-01 1.387122377306308774e-01
9.522841812969231601e-01 1.389125561513430140e-01
9.522601644939171495e-01 1.401881731022190380e-01
9.522341769377113962e-01 1.416130002389592024e-01
9.522099171149709385e-01 1.429885644699928071e-01
9.521931236375109631e-01 1.439686390199200472e-01
9.521872578310880408e-01 1.443166652750884904e-01
9.521660818640454993e-01 1.455990537845239241e-01
9.521462811665307724e-01 1.468374309419392398e-01
9.521277561290591995e-01 1.480334462404616636e-01
9.521171399844270411e-01 1.487363964370073122e-01
9.521104149003076778e-01 1.491886969518636252e-01
9.520941727609635308e-01 1.503047277770503953e-01
9.520789515473244702e-01 1.513830308547707559e-01
9.520646791212540316e-01 1.524250460718901135e-01
9.520543835547815581e-01 1.531967407112983792e-01
9.520512888830012788e-01 1.534321616261627164e-01
9.520387193237120904e-01 1.544057147979095157e-01
9.520269136145814715e-01 1.553469928926557164e-01
9.520158192297872857e-01 1.562572343216232507e-01
9.520053876005266646e-01 1.571376297913375797e-01
9.520030511104832227e-01 1.573382746843867974e-01
9.519955737976558696e-01 1.579893235774809668e-01
9.519863362406125740e-01 1.588134148615699126e-01
9.519776364304632921e-01 1.596109591120808968e-01
9.519694387050838813e-01 1.603829694943282036e-01
9.519617100146341437e-01 1.611304182957663811e-01
9.519614410809311700e-01 1.611567874159254843e-01
9.519544197156248888e-01 1.618542383554608943e-01
9.519475393820230336e-01 1.625553244882794734e-01
9.519410426319532270e-01 1.632345348959445830e-01
9.519349049686836040e-01 1.638926925584617555e-01
9.519291036346843038e-01 1.645305866006293583e-01
9.519279937611576647e-01 1.646544669169846820e-01
9.519236174776524173e-01 1.651489736293769439e-01
9.519184268274893945e-01 1.657485790385636593e-01
9.519135133833028783e-01 1.663300982786379834e-01
9.519088601095836433e-01 1.668941980892182653e-01
9.519044511407811493e-01 1.674415176932096405e-01
9.519013148433368432e-01 1.678389316208787896e-01
9.519002716935682784e-01 1.679726699515540489e-01
9.518963079861467724e-01 1.684882424781111165e-01
9.518925471639991809e-01 1.689887987145051174e-01
9.518889772315497488e-01 1.694748789650571408e-01
9.518855869892325350e-01 1.699470013921602629e-01
9.518823659755232258e-01 1.704056629726405925e-01
9.518801847808339156e-01 1.707221776177278993e-01
9.518793044135139825e-01 1.708513404158123472e-01
9.518763931616596174e-01 1.712844910440556867e-01
9.518736236683469354e-01 1.717055536368467528e-01
9.518709879299735999e-01 1.721149492392463898e-01
9.518684784522483122e-01 1.725130819359088907e-01
9.518660882144489577e-01 1.729003395917156904e-01
9.518638106363974671e-01 1.732770945601589396e-01
9.518635570861782025e-01 1.733195245518481531e-01
9.518616395479316816e-01 1.736437043606220976e-01
9.518595691606737130e-01 1.740005123257007680e-01
9.518575940419063963e-01 1.743478482197112489e-01
9.518557090903952966e-01 1.746860288295144781e-01
9.518539095139963990e-01 1.750153585287746727e-01
9.518521908089101480e-01 1.753361298167474547e-01
9.518505487404513854e-01 1.756486238326636640e-01
9.518505487404512744e-01 1.756486238326638027e-01
