# n_s, r predictions of a polynomial alpha attractor model with k=3 and N_\star=64.
9.749844488396103293e-01 7.695194851891114924e-05
9.749844488396144371e-01 7.695194851888549430e-05
9.749829015861478654e-01 8.298208601424706158e-05
9.749812182612542788e-01 8.948564975622073903e-05
9.749793875558678824e-01 9.649995719689685746e-05
9.749773972452627779e-01 1.040652919653791743e-04
9.749752341150482726e-01 1.122251436956795995e-04
9.749728838818750853e-01 1.210264679040709334e-04
9.749703311065555100e-01 1.305199677112224360e-04
9.749675591007904707e-01 1.407603993566859592e-04
9.749645498259230658e-01 1.518069036680117206e-04
9.749612837831870271e-01 1.637233658545506792e-04
9.749577398948805484e-01 1.765788062426265506e-04
9.749538953755053639e-01 1.904478048393122764e-04
9.749497255920274164e-01 2.054109629188784496e-04
9.749452039122510350e-01 2.215554051661040521e-04
9.749403015402658967e-01 2.389753262978058269e-04
9.749349873377222142e-01 2.577725865158337010e-04
9.749292276296580573e-01 2.780573606365198988e-04
9.749229859934627207e-01 2.999488462948241723e-04
9.749162230292812703e-01 3.235760372489180411e-04
9.749088961102788664e-01 3.490785685269683493e-04
9.749009591106568839e-01 3.766076409666779486e-04
9.748923621094081060e-01 4.063270336258728121e-04
9.748830510674482142e-01 4.384142135993859889e-04
9.748729674754686991e-01 4.730615539882887174e-04
9.748620479697872598e-01 5.104776721556610573e-04
9.748502239129421820e-01 5.508889019976949885e-04
9.748374209356920339e-01 5.945409157973592347e-04
9.748235584366251594e-01 6.417005133424798918e-04
9.748139383131730895e-01 6.743723033640324762e-04
9.748085490352601523e-01 6.926575984374184949e-04
9.747922979742200678e-01 7.477273657676627994e-04
9.747747024656269188e-01 8.072527243520903010e-04
9.747556509765461508e-01 8.716069876225019308e-04
9.747350224479796044e-01 9.411968645842851795e-04
9.747126854416100494e-01 1.016465791643242529e-03
9.746884972082966447e-01 1.097897650653102816e-03
9.746623026722790462e-01 1.186020925677816603e-03
9.746339333251375914e-01 1.281413359037271828e-03
9.746032060239671058e-01 1.384707176587130981e-03
9.745929885449169383e-01 1.419052856322701624e-03
9.745699216889964767e-01 1.496594963077424846e-03
9.745338638971775547e-01 1.617836281058289156e-03
9.744947973702058341e-01 1.749265141393748120e-03
9.744524663583283841e-01 1.891798450248102781e-03
9.744065929249831060e-01 2.046445576723015299e-03
9.743568751429888541e-01 2.214319207272332727e-03
9.743417901045181573e-01 2.265316322873406254e-03
9.743029852191747997e-01 2.396647678042771248e-03
9.742445675732676058e-01 2.594789004316697296e-03
9.741812369067927024e-01 2.810246857605678932e-03
9.741125763095774825e-01 3.044688775614010773e-03
9.740669832681162488e-01 3.200897634278070461e-03
9.740381354642809741e-01 3.299966928309937698e-03
9.739574290223743658e-01 3.578141804699972416e-03
9.738699352367505835e-01 3.881509229602021424e-03
9.737750949447536719e-01 4.212631167923720603e-03
9.737725797064924471e-01 4.221446703044489171e-03
9.736723109987396318e-01 4.574370825999819236e-03
9.735609482375536805e-01 4.969932615980052378e-03
9.734617412585414575e-01 5.325702136835025816e-03
9.734403340808677196e-01 5.402907610595906497e-03
9.733097598109660131e-01 5.877325181754705988e-03
9.731684825885322798e-01 6.397711585353014693e-03
9.731372532828305166e-01 6.513779724681274981e-03
9.730157282392940532e-01 6.969156320896248598e-03
9.728506948596593595e-01 7.597387146148557382e-03
9.728016350323153150e-01 7.786406473931741130e-03
9.726725573338939057e-01 8.288854644000165708e-03
9.724804729430552852e-01 9.050827189482029897e-03
9.724571511003176072e-01 9.144539573933546661e-03
9.722735883779041188e-01 9.891497005658764219e-03
9.721058162769862232e-01 1.058916213238917173e-02
9.720510486365770975e-01 1.082009766977322374e-02
9.718120084753546495e-01 1.184703286132605428e-02
9.717494168117848385e-01 1.212116121680036594e-02
9.715556472647849384e-01 1.298401523768475709e-02
9.713895439231517992e-01 1.374124352134212940e-02
9.712811882606823266e-01 1.424421296066251917e-02
9.710276299830054025e-01 1.544986878348026185e-02
9.709879234098051093e-01 1.564239942740416195e-02
9.706752448547719681e-01 1.719509899221993016e-02
9.706649806680673898e-01 1.724719304920105389e-02
9.703426842601470259e-01 1.892071767998780574e-02
9.703028002674278785e-01 1.913301914177533217e-02
9.699899609188475935e-01 2.083964284665341948e-02
9.699422099070833525e-01 2.110675376674901738e-02
9.696170392644066771e-01 2.297428922265224577e-02
9.695842596444110839e-01 2.316737142831666943e-02
9.692299357283806760e-01 2.531338556502155460e-02
9.692241958375873434e-01 2.534906066843701719e-02
9.688801642667320690e-01 2.754282735653027989e-02
9.688120948429215229e-01 2.799018740241899020e-02
9.685358123498037930e-01 2.985323261642145246e-02
9.683818700807805824e-01 3.092538799870657787e-02
9.681976874720983339e-01 3.224163710047467379e-02
9.679352091680663017e-01 3.418329539585145821e-02
9.678665359106486399e-01 3.470458043528137915e-02
9.675430405724763094e-01 3.723811871419033942e-02
9.674744335388959504e-01 3.779257889699483286e-02
9.672278187082912204e-01 3.983784562300704546e-02
9.670025648432032384e-01 4.178069350157791878e-02
9.669214197979526526e-01 4.249892175712263742e-02
9.666243238392686621e-01 4.521611158409882120e-02
9.665233653431268834e-01 4.617219932065007998e-02
9.663369402095798311e-01 4.798382730397607321e-02
9.660596072162337400e-01 5.079617867429305628e-02
9.660413373493668132e-01 5.098662401360363333e-02
9.657925924053364364e-01 5.364702770851548230e-02
9.655616655958988437e-01 5.623589691461121365e-02
9.655360936569836738e-01 5.653004703395058533e-02
9.652902410592728577e-01 5.943878061428356507e-02
9.650900879658724785e-01 6.192146900252663150e-02
9.650550995225201101e-01 6.236670550693619586e-02
9.648306720696587790e-01 6.530729333687626537e-02
9.646326854379847493e-01 6.803134564918518479e-02
9.646169037187251050e-01 6.825407022508667154e-02
9.644136858587764038e-01 7.120067400723041617e-02
9.642208610114254563e-01 7.414090771003424563e-02
9.641955923385067129e-01 7.453738515205915460e-02
9.640382278660929449e-01 7.706878841186769191e-02
9.638655464776560988e-01 7.997859079137863147e-02
9.637846426036076330e-01 8.139332635406569538e-02
9.637025435197694723e-01 8.286488485503931689e-02
9.635489174950628843e-01 8.572256752255480450e-02
9.634049845866478057e-01 8.853406047231796028e-02
9.634043438138990556e-01 8.854688793055301432e-02
9.632684796656321158e-01 9.133346648326491624e-02
9.631409686195769870e-01 9.407830782884479826e-02
9.630607117931067052e-01 9.587660923091810561e-02
9.630214449065206406e-01 9.677780806793323531e-02
9.629095373449683137e-01 9.942875660489364220e-02
9.628048728889453400e-01 1.020283331311294395e-01
9.627545644187460727e-01 1.033230827349846948e-01
9.627070797857092410e-01 1.045741002845069073e-01
9.626157903419025885e-01 1.070639925606731990e-01
9.625306433053507638e-01 1.094963020632272049e-01
9.624877520832116895e-01 1.107655739160526009e-01
9.624512858768374812e-01 1.118696616730170262e-01
9.623773753717745905e-01 1.141830261953715731e-01
9.623085805558195815e-01 1.164356520109135623e-01
9.622599302576010372e-01 1.180925620275471433e-01
9.622445826813129655e-01 1.186270757137736914e-01
9.621850762530415047e-01 1.207570921733572139e-01
9.621297695524736460e-01 1.228257324048031701e-01
9.620783849494225493e-01 1.248332415810647494e-01
9.620693349569617858e-01 1.251960498534001875e-01
9.620306590292299065e-01 1.267800574679422976e-01
9.619863425622052766e-01 1.286667895137785234e-01
9.619452003403224927e-01 1.304941987789848823e-01
9.619130499928156830e-01 1.319784612238935617e-01
9.619070109042024974e-01 1.322631788477907633e-01
9.618715661813012074e-01 1.339747378261054445e-01
9.618386710540574036e-01 1.356299814953276228e-01
9.618081428746088068e-01 1.372300976623940238e-01
9.617873575844861911e-01 1.383583505783108902e-01
9.617798109405891749e-01 1.387763417212907746e-01
9.617535159446181092e-01 1.402700234199130702e-01
9.617291094081042990e-01 1.417124948097767401e-01
9.617064531085056656e-01 1.431051393414292661e-01
9.616881130863482730e-01 1.442742224183088950e-01
9.616854185074792394e-01 1.444493620588129801e-01
9.616658861860857277e-01 1.457465808375796590e-01
9.616477452919764968e-01 1.469982186071448482e-01
9.616308930024283219e-01 1.482056964928878118e-01
9.616152340061830950e-01 1.493704278132262364e-01
9.616110894896723327e-01 1.496861466062949231e-01
9.616006800062558701e-01 1.504938128660060770e-01
9.615871492452127134e-01 1.515772344394719917e-01
9.615745660538556061e-01 1.526220539847714386e-01
9.615628604237930199e-01 1.536296083893123332e-01
9.615522534331243376e-01 1.545752654583434360e-01
9.615519676039879782e-01 1.546012072931387260e-01
9.615418277210729947e-01 1.555381308936756024e-01
9.615323854229798073e-01 1.564416281875911918e-01
9.615235895452362014e-01 1.573129156020356134e-01
9.615153927991481053e-01 1.581531759710463614e-01
9.615079550324728830e-01 1.589416102327342317e-01
9.615077514809757808e-01 1.589635578164116658e-01
9.615006252011442101e-01 1.597451748956896234e-01
9.614939766324835935e-01 1.604991059833656142e-01
9.614877712764742235e-01 1.612263948542561609e-01
9.614819772464635594e-01 1.619280504412262123e-01
9.614765650668352093e-01 1.626050471420597276e-01
9.614750324911586210e-01 1.628008161978077295e-01
9.614715074871291733e-01 1.632583252529059559e-01
9.614667793101397963e-01 1.638887915081172764e-01
9.614623572330585066e-01 1.644973197084999283e-01
9.614582197007609521e-01 1.650847514220256385e-01
9.614543467703859925e-01 1.656518967428908529e-01
9.614508452119944204e-01 1.661803438209802364e-01
9.614507199863970843e-01 1.661995350965015661e-01
9.614473222653601159e-01 1.667284160794769432e-01
9.614441377897190444e-01 1.672392603251451892e-01
9.614411519098947645e-01 1.677327603862402428e-01
9.614383510540741584e-01 1.682095816276255595e-01
9.614357226451024641e-01 1.686703631228569922e-01
9.614332550239278463e-01 1.691157185492954407e-01
9.614332550239279573e-01 1.691157185492954407e-01
