# n_s, r predictions of a polynomial alpha attractor model with k=3 and N_\star=41.
9.609491907238187913e-01 1.569346339520277941e-04
9.609491907238250086e-01 1.569346339520644401e-04
9.609463185410821451e-01 1.692364019356944074e-04
9.609431851646065281e-01 1.825047289928023210e-04
9.609397685595650884e-01 1.968159367627228713e-04
9.609360448941252075e-01 2.122524364073491009e-04
9.609319883945690588e-01 2.289032248711453052e-04
9.609275711873500603e-01 2.468644232905395147e-04
9.609227631289890548e-01 2.662398613902355990e-04
9.609175316214888518e-01 2.871417121213104681e-04
9.609118414123053453e-01 3.096911812246460347e-04
9.609056543776057779e-01 3.340192569042438244e-04
9.608989292872393007e-01 3.602675253472738736e-04
9.608916215496642321e-01 3.885890584520202990e-04
9.608836829352476183e-01 4.191493808315109202e-04
9.608750612756798981e-01 4.521275239508463356e-04
9.608657001375320306e-01 4.877171761589563790e-04
9.608555384673072020e-01 5.261279383890567121e-04
9.608445102054766762e-01 5.675866964636349429e-04
9.608325438665000773e-01 6.123391222508855689e-04
9.608195620814818927e-01 6.606513174205939877e-04
9.608054810999746564e-01 7.128116152622658748e-04
9.607902102469217942e-01 7.691325579866752646e-04
9.607736513302175263e-01 8.299530691828072970e-04
9.607556979942778463e-01 8.956408436821809314e-04
9.607362350140530305e-01 9.665949800608215426e-04
9.607151375236159252e-01 1.043248884441406489e-03
9.606922701731208658e-01 1.126073478204727991e-03
9.606674862063679932e-01 1.215580746848172024e-03
9.606406264520866989e-01 1.312327672482327054e-03
9.606219728036067274e-01 1.379382127560817772e-03
9.606115182196215407e-01 1.416920598706548863e-03
9.605799740903022688e-01 1.530020083728559016e-03
9.605457905943912689e-01 1.652346305983142969e-03
9.605087467630809561e-01 1.784685096241921164e-03
9.604686025443290864e-01 1.927894681571617162e-03
9.604250970709127255e-01 2.082913239767527919e-03
9.603779467689151916e-01 2.250767378372168972e-03
9.603268432949565447e-01 2.432581670460389964e-03
9.602714512912314815e-01 2.629589400450211070e-03
9.602114059488288111e-01 2.843144697744557151e-03
9.601914289065154318e-01 2.914205607113961542e-03
9.601463103722508441e-01 3.074736264539923176e-03
9.600757327419046083e-01 3.326002937205989243e-03
9.599992032769465444e-01 3.598751358821799390e-03
9.599162110088568234e-01 3.894976084298867446e-03
9.598262003869939551e-01 4.216882489570342521e-03
9.597285677518732072e-01 4.566912912970279466e-03
9.596989295795694819e-01 4.673367611917599376e-03
9.596226577308087924e-01 4.947776520346684227e-03
9.595077596337734382e-01 5.362483455705810247e-03
9.593831039566443897e-01 5.814383915523206083e-03
9.592478591320434678e-01 6.307212866681875980e-03
9.591580019673748847e-01 6.636220527023692015e-03
9.591011287062711776e-01 6.845141213256402020e-03
9.589419491605466472e-01 7.432834304099387307e-03
9.587692886338357035e-01 8.075518758216789980e-03
9.585820468381420767e-01 8.779058664616916363e-03
9.585770801145451214e-01 8.797818021122507173e-03
9.583790564803689183e-01 9.550042283212897484e-03
9.581590865131001111e-01 1.039588042777846340e-02
9.579631287143700602e-01 1.115901838729807874e-02
9.579208475279668011e-01 1.132491774282641528e-02
9.576629995832202091e-01 1.234655808042759741e-02
9.573841627323035341e-01 1.347140511800281118e-02
9.573225538435508053e-01 1.372287152568481966e-02
9.570829305152482869e-01 1.471141919368099474e-02
9.567578867126202979e-01 1.608009100897193552e-02
9.566613566717682149e-01 1.649294502027744136e-02
9.564076257762219591e-01 1.759263225647222234e-02
9.560307775533567476e-01 1.926618223222388918e-02
9.559850890376511146e-01 1.947246501002911079e-02
9.556260372124677493e-01 2.112002789388019511e-02
9.552988108120381572e-01 2.266383983299450483e-02
9.551922016220134593e-01 2.317583238553647812e-02
9.547282137692575388e-01 2.545786347768739730e-02
9.546070972686103717e-01 2.606836165563159932e-02
9.542332170455884999e-01 2.799320833567326555e-02
9.539140833435907352e-01 2.968598913088445548e-02
9.537066212722791203e-01 3.081195417699593431e-02
9.532235197221234912e-01 3.351517202627581071e-02
9.531481820922217407e-01 3.394730536523791337e-02
9.525580947024975265e-01 3.743559606684913887e-02
9.525388231937947925e-01 3.755270737592195096e-02
9.519371017322956208e-01 4.131614376482975470e-02
9.518631136931146042e-01 4.179362855999621540e-02
9.512866132559912868e-01 4.563087317644894808e-02
9.511992371516052591e-01 4.623113227496096489e-02
9.506088343494938364e-01 5.042362384292951860e-02
9.505497765377546315e-01 5.085654836173733595e-02
9.499170545106003782e-01 5.565935608511982102e-02
9.499068921752633621e-01 5.573904062182918895e-02
9.493031310701010028e-01 6.062724856871520851e-02
9.491849503706188962e-01 6.162093925702119557e-02
9.487097991070025937e-01 6.574624501255288411e-02
9.484482938127332119e-01 6.811004628589688303e-02
9.481385801538683156e-01 7.100084820900064153e-02
9.477033623307614674e-01 7.524104330773265237e-02
9.475907220459642843e-01 7.637424284953392428e-02
9.470671996611038645e-01 8.184852829987827871e-02
9.469577088280993760e-01 8.303891089995356356e-02
9.465687194315234310e-01 8.740497803462927984e-02
9.462198572895099691e-01 9.151467641824982679e-02
9.460957279117061525e-01 9.302431686213330497e-02
9.456484243431861891e-01 9.868700650729272938e-02
9.454990413057022813e-01 1.006608248797912636e-01
9.452267768826420058e-01 1.043735300799037286e-01
9.448305419525681037e-01 1.100646664256816343e-01
9.448048158035424748e-01 1.104468213456540754e-01
9.444592860347559293e-01 1.157417462758789373e-01
9.441465541338932566e-01 1.208153837568800987e-01
9.441124091507490101e-01 1.213868833932965907e-01
9.437891692552874412e-01 1.269831754426190007e-01
9.435328676760890154e-01 1.316802804988832232e-01
9.434887067992738796e-01 1.325148709720686546e-01
9.432100687878517409e-01 1.379675005630836004e-01
9.429710106834297001e-01 1.429264351330691019e-01
9.429522317556092714e-01 1.433279717810095055e-01
9.427141231937046228e-01 1.485846289595808556e-01
9.424946410828131116e-01 1.537272800171942677e-01
9.424663515355797827e-01 1.544129373770853353e-01
9.422926713027205414e-01 1.587471934015872721e-01
9.421071027975383982e-01 1.636370688833953813e-01
9.420219946659635912e-01 1.659791622063868377e-01
9.419368404703005737e-01 1.683909862801911961e-01
9.417808158594493939e-01 1.730043363181508753e-01
9.416386200267585771e-01 1.774536391754632514e-01
9.416379957114263677e-01 1.774737377654792281e-01
9.415073886085649768e-01 1.817969447420651474e-01
9.413880498410790443e-01 1.859727477661775596e-01
9.413145703660297237e-01 1.886647232850789668e-01
9.412790847280770867e-01 1.900008716814197418e-01
9.411796505974840965e-01 1.938818731510222881e-01
9.410889576308947291e-01 1.976170399411998901e-01
9.410461697123110314e-01 1.994516744568111677e-01
9.410062687689504379e-01 2.012082937637353353e-01
9.409308988578731769e-01 2.046580980268085381e-01
9.408622132000491467e-01 2.079693714634534563e-01
9.408282130475945637e-01 2.096746092156026864e-01
9.407996256524596701e-01 2.111454082750347516e-01
9.407425963974199723e-01 2.141898051450950580e-01
9.406906294913307542e-01 2.171063952462041202e-01
9.406545401945138885e-01 2.192220054236393989e-01
9.406432702795702872e-01 2.198991891760400941e-01
9.406001027495725086e-01 2.225723226150136680e-01
9.405607468797992921e-01 2.251300103909485151e-01
9.405248560297482241e-01 2.275765065617199046e-01
9.405186031156160809e-01 2.280149527004312893e-01
9.404921144053340898e-01 2.299160700789455170e-01
9.404622346248436848e-01 2.321529355699445685e-01
9.404349554030535518e-01 2.342912887667608635e-01
9.404139531304129829e-01 2.360079840107058846e-01
9.404100393648768819e-01 2.363352461160698470e-01
9.403872709948830622e-01 2.382888381188930649e-01
9.403664547250660810e-01 2.401559959713028825e-01
9.403474131601664565e-01 2.419405411043689114e-01
9.403346043192710724e-01 2.431869095015370963e-01
9.403299854375238853e-01 2.436461772515551016e-01
9.403140257167368343e-01 2.452764847031239925e-01
9.402994017932110316e-01 2.468349164386828831e-01
9.402859938288898878e-01 2.483247958599666683e-01
9.402752608733055961e-01 2.495644633674854451e-01
9.402736931930023578e-01 2.497493158756473319e-01
9.402624014054516977e-01 2.511115391180252510e-01
9.402520291754583592e-01 2.524143990975579732e-01
9.402424955281961649e-01 2.536607021252452188e-01
9.402337270124088153e-01 2.548531298548048496e-01
9.402314210175513054e-01 2.551747185157672848e-01
9.402256569822834420e-01 2.559942423164661141e-01
9.402182249472447184e-01 2.570864813319199138e-01
9.402113759837414930e-01 2.581321742157227650e-01
9.402050602033493742e-01 2.591335376832846760e-01
9.401993845805203254e-01 2.600671548780265629e-01
9.401992322721994810e-01 2.600926818965848542e-01
9.401938509768520413e-01 2.610116145910695851e-01
9.401888788322922963e-01 2.618922452358523056e-01
9.401842817280318121e-01 2.627363891878754520e-01
9.401800286086593461e-01 2.635457718078112466e-01
9.401761957217965593e-01 2.643010649345638452e-01
9.401760911855064906e-01 2.643220325116329983e-01
9.401724436763984061e-01 2.650667287370848113e-01
9.401690625707408433e-01 2.657813398087780499e-01
9.401659264174535569e-01 2.664672706894889442e-01
9.401630156334982447e-01 2.671258556084739610e-01
9.401603123309638654e-01 2.677583615603453260e-01
9.401595496332333379e-01 2.679407304240539189e-01
9.401578001608748014e-01 2.683659916703398651e-01
9.401554641720641925e-01 2.689498884237064846e-01
9.401532906836197467e-01 2.695111367585024120e-01
9.401512671695566592e-01 2.700507670223736278e-01
9.401493821545087171e-01 2.705697577949273680e-01
9.401476856521969738e-01 2.710515727219945936e-01
9.401476251193464639e-01 2.710690385781270861e-01
9.401459864157440949e-01 2.715494923578045672e-01
9.401444571888112334e-01 2.720119580398717152e-01
9.401430293069984456e-01 2.724572327652024506e-01
9.401416952985629516e-01 2.728860741074138341e-01
9.401404482939523799e-01 2.732992021579679354e-01
9.401392819735302497e-01 2.736973015031205492e-01
9.401392819735303608e-01 2.736973015031203271e-01
