# n_s, r predictions of a polynomial alpha attractor model with k=3 and N_\star=48.
9.666445970284501810e-01 1.219456076965573808e-04
9.666445970284501810e-01 1.219456076965897036e-04
9.666422827651908189e-01 1.315035362323561171e-04
9.666397607919835488e-01 1.418122248962845145e-04
9.666370136866361262e-01 1.529309169300950447e-04
9.666340226096463706e-01 1.649235757708178841e-04
9.666307671906347876e-01 1.778592685861174504e-04
9.666272254034801170e-01 1.918125822058435934e-04
9.666233734329766625e-01 2.068640743550286887e-04
9.666191855292075585e-01 2.231007634364541115e-04
9.666146338503458502e-01 2.406166604067832161e-04
9.666096882921044742e-01 2.595133466771865310e-04
9.666043163029209850e-01 2.799006023783494855e-04
9.665984826834355115e-01 3.018970897958215757e-04
9.665921493690095012e-01 3.256310973026530224e-04
9.665852751935432030e-01 3.512413497078134008e-04
9.665778156330547821e-01 3.788778916012023852e-04
9.665697225269489490e-01 4.087030510304777561e-04
9.665609437750872779e-01 4.408924916947762774e-04
9.665514230082048464e-01 4.756363628106369322e-04
9.665410992292210457e-01 5.131405569038612795e-04
9.665299064226312575e-01 5.536280870378879840e-04
9.665177731288835394e-01 5.973405964232519558e-04
9.665046219803680172e-01 6.445400149907630580e-04
9.664903691952060338e-01 6.955103793970745076e-04
9.664749240247552109e-01 7.505598350876604074e-04
9.664581881502253280e-01 8.100228415372912180e-04
9.664400550234203413e-01 8.742626046508999863e-04
9.664204091460915080e-01 9.436737636275719992e-04
9.663991252817824007e-01 1.018685363430273149e-03
9.663843481567614413e-01 1.070666846271706640e-03
9.663760675937860256e-01 1.099764148437005996e-03
9.663510887018580409e-01 1.187418218032348883e-03
9.663240286501124654e-01 1.282201090877857280e-03
9.662947137778017392e-01 1.384716231595787715e-03
9.662629554842511181e-01 1.495622101724322596e-03
9.662285488788256993e-01 1.615637806284614874e-03
9.661912713065718972e-01 1.745549418347726138e-03
9.661508807402431342e-01 1.886217076873187648e-03
9.661071140297432525e-01 2.038582968101746058e-03
9.660596850010306769e-01 2.203680318260692068e-03
9.660439085088441402e-01 2.258601482736333817e-03
9.660082823980795652e-01 2.382643545647358287e-03
9.659525676641518288e-01 2.576719743700172077e-03
9.658921725624696197e-01 2.787281693867604392e-03
9.658266966419124522e-01 3.015842638382353839e-03
9.657557045609120872e-01 3.264073078846133329e-03
9.656787232928323306e-01 3.533819907199803236e-03
9.656553584881889529e-01 3.615822988182605061e-03
9.655952392491270464e-01 3.827128221464672075e-03
9.655046953730050951e-01 4.146266229694672151e-03
9.654064882760668986e-01 4.493753701829768417e-03
9.652999655137991519e-01 4.872394490144127052e-03
9.652292047878185954e-01 5.124989581384669507e-03
9.651844231213104752e-01 5.285313704240108754e-03
9.650591035578039989e-01 5.736000194933178753e-03
9.649231942337599399e-01 6.228355071844288854e-03
9.647758268159475348e-01 6.766747050620369915e-03
9.647719179862461747e-01 6.781094704253402654e-03
9.646160775182520686e-01 7.356075495939844860e-03
9.644429685877100589e-01 8.001842093968055888e-03
9.642887486201077163e-01 8.583800735861421213e-03
9.642554711838594583e-01 8.710232149869543902e-03
9.640525098284303818e-01 9.488206556851241230e-03
9.638329685797927260e-01 1.034360551234459261e-02
9.637844504846738714e-01 1.053467615287802077e-02
9.635956990794413146e-01 1.128526504300773024e-02
9.633395306447599671e-01 1.232314730787595347e-02
9.632634212095564363e-01 1.263593574712358961e-02
9.630632826673454217e-01 1.346848541919855834e-02
9.627657797327127120e-01 1.473394306839330425e-02
9.627296883863828425e-01 1.488980394926084361e-02
9.624458701049590781e-01 1.613378845369880382e-02
9.621868930420661714e-01 1.729816748733783993e-02
9.621024485007114713e-01 1.768408072520905733e-02
9.617344843696702394e-01 1.940286520655671448e-02
9.616383073509593427e-01 1.986236170220538610e-02
9.613410571523903769e-01 2.131037079596657946e-02
9.610868775916240336e-01 2.258301670473875089e-02
9.609214001400749883e-01 2.342919893032125236e-02
9.605352743786418346e-01 2.545993226774797419e-02
9.604749545563986413e-01 2.578448801872810711e-02
9.600014352544185003e-01 2.840403001432228319e-02
9.599859375695859454e-01 2.849197128948216529e-02
9.595009089000828828e-01 3.131830654421716154e-02
9.594411104145492697e-01 3.167697058994752013e-02
9.589738846066323541e-01 3.456040067811048250e-02
9.589028623048311273e-01 3.501167090632936046e-02
9.584214155805325097e-01 3.816572727676997845e-02
9.583731017695691357e-01 3.849166860388394951e-02
9.578535820950709878e-01 4.211139133562496334e-02
9.578452083216428825e-01 4.217151088687724064e-02
9.573459019093083500e-01 4.586409925146407024e-02
9.572477331972100156e-01 4.661592739171513400e-02
9.568515027540100970e-01 4.974191257377907210e-02
9.566323267842550271e-01 5.153681771105666359e-02
9.563716652827879416e-01 5.373586548825867726e-02
9.560032724365964407e-01 5.696988439910163904e-02
9.559075053604779715e-01 5.783598538797676825e-02
9.554599710201089335e-01 6.203139559745019654e-02
9.553658415805206250e-01 6.294630275177194589e-02
9.550298409595519011e-01 6.631043884156079260e-02
9.547262751944358694e-01 6.948972617216511716e-02
9.546177250237284362e-01 7.066081796392445491e-02
9.542240669146468957e-01 7.506974978922070774e-02
9.540916841630705525e-01 7.661274957857912293e-02
9.538491491976082148e-01 7.952412760204521924e-02
9.534931005259463799e-01 8.401068750713404365e-02
9.534698504248146911e-01 8.431301845415281604e-02
9.531559048889178820e-01 8.851617395033162250e-02
9.528689196724769994e-01 9.256932808512959021e-02
9.528374125977036035e-01 9.302749990925303358e-02
9.525373526626744747e-01 9.753189768420776617e-02
9.522969915978994893e-01 1.013382240807115670e-01
9.522553461798808350e-01 1.020170567984866467e-01
9.519909203339441683e-01 1.064712462089792283e-01
9.517616342508765648e-01 1.105517475184221582e-01
9.517435226350343669e-01 1.108834187856571341e-01
9.515125350355299050e-01 1.152432967943298470e-01
9.512972876130315614e-01 1.195414378678824052e-01
9.512693713855899791e-01 1.201170062174096304e-01
9.510970715562517830e-01 1.237692816404223350e-01
9.509111512448052972e-01 1.279191778186673512e-01
9.508252095480843602e-01 1.299181386467409827e-01
9.507387752693717831e-01 1.319843969572469522e-01
9.505791862920551782e-01 1.359591255804716292e-01
9.504322779426790380e-01 1.398209384531095834e-01
9.504316296956516474e-01 1.398384475520280390e-01
9.502953610133759721e-01 1.436183137423705514e-01
9.501696521664229067e-01 1.472955020928743697e-01
9.500916434655658493e-01 1.496799530628664110e-01
9.500537965652484651e-01 1.508675701410288894e-01
9.499471131517692735e-01 1.543328019687187358e-01
9.498489494743277417e-01 1.576901513829059853e-01
9.498023353530634649e-01 1.593473570802604322e-01
9.497586838959851674e-01 1.609391829508589333e-01
9.496757270403900497e-01 1.640800123049337977e-01
9.495995225790461181e-01 1.671132469171315860e-01
9.495615748387021826e-01 1.686824775876471505e-01
9.495295474602017949e-01 1.700399283312318821e-01
9.494653116736454512e-01 1.728614766378829548e-01
9.494063576381662761e-01 1.755796377911005568e-01
9.493651662234168231e-01 1.775606567783695189e-01
9.493522592899852341e-01 1.781964341966335019e-01
9.493026209415702521e-01 1.807141188555715094e-01
9.492570759713642170e-01 1.831351332208217275e-01
9.492152853963548020e-01 1.854620688192963329e-01
9.492079785987460605e-01 1.858802520674023295e-01
9.491769363713270513e-01 1.876976326075772694e-01
9.491417406512130395e-01 1.898446159618113749e-01
9.491094330462429562e-01 1.919058671516651327e-01
9.490844394201873868e-01 1.935669633032151282e-01
9.490797698936652704e-01 1.938842671112563087e-01
9.490525275646197745e-01 1.957827082950138464e-01
9.490275010202805506e-01 1.976040763914121978e-01
9.490045024276102525e-01 1.993512346606323982e-01
9.489889722171931385e-01 2.005752157845909767e-01
9.489833598418961902e-01 2.010270106617861041e-01
9.489639159606274577e-01 2.026341851399263427e-01
9.489460269511514889e-01 2.041754828514216469e-01
9.489295613528461182e-01 2.056535651173055923e-01
9.489163345461057997e-01 2.068868538816621971e-01
9.489143990532140638e-01 2.070710239070789327e-01
9.489004303362749138e-01 2.084303772694155177e-01
9.488875550008666337e-01 2.097340659407184171e-01
9.488756815459670202e-01 2.109844509767926923e-01
9.488647264196130582e-01 2.121838122679932104e-01
9.488618396795410748e-01 2.125077799790602573e-01
9.488546133280186812e-01 2.133343478107610769e-01
9.488452726011277205e-01 2.144381736227790047e-01
9.488366406109520756e-01 2.154973242006008316e-01
9.488286592390351437e-01 2.165137534302925548e-01
9.488214685989652120e-01 2.174633458401177832e-01
9.488212753894792462e-01 2.174893358721405046e-01
9.488144405441011342e-01 2.184258683501351661e-01
9.488081103564351970e-01 2.193250717856952969e-01
9.488022442814763036e-01 2.201885932230221721e-01
9.487968052382330653e-01 2.210180080005687275e-01
9.487918934044459185e-01 2.217932819927381227e-01
9.487917593023503793e-01 2.218148220294634265e-01
9.487870754262452966e-01 2.225804741453735747e-01
9.487827251843856669e-01 2.233163385052981120e-01
9.487786825415138736e-01 2.240237270051830543e-01
9.487749236417941656e-01 2.247038916981370926e-01
9.487714266170199640e-01 2.253580271964129300e-01
9.487704388953884793e-01 2.255467973851782437e-01
9.487681714121717347e-01 2.259872730432745946e-01
9.487651396267592352e-01 2.265927160434528798e-01
9.487623143705182782e-01 2.271753925430929077e-01
9.487596801321497297e-01 2.277362906520412067e-01
9.487572226599141345e-01 2.282763524029442770e-01
9.487550079307961459e-01 2.287782713876593543e-01
9.487549288529891767e-01 2.287964758430479917e-01
9.487527866626063178e-01 2.292975170557810805e-01
9.487507850020651112e-01 2.297802921102214957e-01
9.487489136648070698e-01 2.302455789373926698e-01
9.487471632498098995e-01 2.306941191330544871e-01
9.487455250936261963e-01 2.311266196872419909e-01
9.487439912084560945e-01 2.315437546412947023e-01
9.487439912084562055e-01 2.315437546412944803e-01
