# n_s, r predictions of a polynomial alpha attractor model with k=1 and N_\star=41.
9.674683277379040325e-01 1.307556773621219360e-04
9.674683277379040325e-01 1.307556773621219360e-04
9.674670997185745858e-01 1.435020252334875230e-04
9.674657435815851025e-01 1.574907348395671643e-04
9.674642463164145889e-01 1.728428631744693294e-04
9.674625936233226531e-01 1.896912566508521518e-04
9.674607697903594428e-01 2.081816979057930707e-04
9.674587575581461429e-01 2.284741638761927755e-04
9.674565379728814474e-01 2.507442058599130023e-04
9.674540902262159792e-01 2.751844633056451371e-04
9.674513914811271320e-01 3.020063241771442299e-04
9.674484166824213194e-01 3.314417459476273710e-04
9.674451383516901037e-01 3.637452525735401072e-04
9.674415263643866281e-01 3.991961242429119565e-04
9.674375477089507402e-01 4.381007982017593241e-04
9.674331662265742704e-01 4.807955006373629530e-04
9.674283423305595209e-01 5.276491313762612587e-04
9.674230327044163191e-01 5.790664250650970953e-04
9.674171899778599704e-01 6.354914145400314971e-04
9.674107623800816125e-01 6.974112242475168175e-04
9.674036933700304042e-01 7.653602238396104524e-04
9.673959212432496901e-01 8.399245744380723355e-04
9.673873787162829974e-01 9.217472024405479365e-04
9.673779924889938098e-01 1.011533238204328231e-03
9.673676827867703221e-01 1.110055959284547830e-03
9.673563628849102258e-01 1.218163280149162737e-03
9.673439386194528922e-01 1.336784832209832012e-03
9.673303078883758177e-01 1.466939679596336241e-03
9.673153601515260824e-01 1.609744716807578763e-03
9.672989759366116269e-01 1.766423794377231351e-03
9.672810263639043393e-01 1.938317617012206250e-03
9.672613727036197817e-01 2.126894455287056587e-03
9.672398659844090307e-01 2.333761705846002042e-03
9.672163466756047434e-01 2.560678325458606071e-03
9.671906444710227646e-01 2.809568149965132461e-03
9.671625782081751943e-01 3.082534088669738707e-03
9.671319559634717899e-01 3.381873156235874148e-03
9.670985753723990719e-01 3.710092265149004219e-03
9.670622242311139871e-01 4.069924649749763479e-03
9.670226814469221610e-01 4.464346723568968743e-03
9.669797184134848456e-01 4.896595081715375032e-03
9.669331008976875808e-01 5.370183243601479861e-03
9.668825915331826781e-01 5.888917583373899992e-03
9.668279530243415465e-01 6.456911709011440778e-03
9.667689521680166154e-01 7.078598320454355941e-03
9.667053648005701216e-01 7.758737295672967806e-03
9.666369817699818068e-01 8.502418416935197606e-03
9.665636160152525358e-01 9.315056755894749949e-03
9.664851108043136518e-01 1.020237828905582941e-02
9.664013491336632677e-01 1.117039282650833694e-02
9.663122642243404670e-01 1.222535083074871402e-02
9.662178509565354512e-01 1.337368022032860843e-02
9.661181779672689540e-01 1.462189885917842928e-02
9.660133999926144854e-01 1.597649821900597872e-02
9.659037698717644060e-01 1.744379379351402096e-02
9.657896494537276944e-01 1.902973839595100553e-02
9.656715184736626156e-01 2.073969566837056272e-02
9.655499803172248319e-01 2.257817316365277882e-02
9.654257634976103342e-01 2.454851739928758103e-02
9.652997176674135149e-01 2.665257742291034931e-02
9.651728031139465980e-01 2.889034863436244771e-02
9.650460729771398460e-01 3.125961462332693674e-02
9.649206479037946149e-01 3.375561106647220061e-02
9.647976835065992240e-01 3.637074141988237003e-02
9.646783317899438881e-01 3.909437808258833802e-02
9.645636985539249864e-01 4.191278356992441528e-02
9.644547995680697872e-01 4.480918277979875630e-02
9.643525188688154559e-01 4.776400884718549900e-02
9.643453594759637815e-01 4.798058885080627722e-02
9.642575727343416503e-01 5.075533135361168235e-02
9.641704826242727400e-01 5.375945786645194846e-02
9.640915596172415780e-01 5.675168014150289847e-02
9.640209017135075165e-01 5.970711790839698663e-02
9.639584039672502991e-01 6.260159930329162181e-02
9.639561074337633650e-01 6.271396299538153918e-02
9.639037800101144526e-01 6.541251050508180287e-02
9.638565923666224666e-01 6.811954946013240586e-02
9.638183458284944605e-01 7.056588146827906527e-02
9.638162882316413382e-01 7.070532949224812846e-02
9.637822371694533263e-01 7.315579612415086530e-02
9.637537674802362231e-01 7.546044141379937287e-02
9.637536074885265647e-01 7.547421301693801876e-02
9.637301986447553981e-01 7.761232096864080499e-02
9.637180351984818705e-01 7.883872785141665673e-02
9.637108681310511127e-01 7.960789641725983523e-02
9.636964101724869725e-01 8.129050464179822522e-02
9.636951517517569066e-01 8.144673841516299195e-02
9.636824775553659572e-01 8.313113145927339409e-02
9.636822940064849741e-01 8.315721977895548789e-02
9.636725777103967161e-01 8.462623409089918558e-02
9.636723338323880395e-01 8.466562228550310321e-02
9.636656094192391775e-01 8.581253361368199051e-02
9.636642721885168017e-01 8.605654965044365334e-02
9.636604452862097547e-01 8.679063382930994608e-02
9.636579067978484625e-01 8.731158645625942960e-02
9.636565141992438077e-01 8.761095914135474949e-02
9.636534541587620240e-01 8.830885717617574515e-02
9.636529109445476360e-01 8.843931705427529599e-02
9.636510267219234871e-01 8.890984491002583423e-02
9.636490696660123811e-01 8.943280566337447057e-02
9.636490118451311870e-01 8.944886446292624194e-02
9.636474695322038153e-01 8.989201411865578584e-02
9.636461450495711345e-01 9.029846194099615253e-02
9.636459845681607517e-01 9.034957505493193541e-02
9.636450367770125203e-01 9.066075057837306994e-02
9.636441004337986671e-01 9.098570765426816642e-02
9.636436456743396883e-01 9.115076249441243783e-02
9.636433024906974065e-01 9.127882191868029460e-02
9.636426171867754631e-01 9.154455616957195285e-02
9.636420244684822389e-01 9.178657631189501842e-02
9.636418470163296002e-01 9.186150848344216968e-02
9.636415085390844792e-01 9.200792165911862719e-02
9.636410568203549465e-01 9.221113334381572657e-02
9.636406591979125302e-01 9.239835238761416603e-02
9.636404699800140694e-01 9.249051511911721146e-02
9.636403074650286005e-01 9.257139547853601713e-02
9.636399949074474502e-01 9.273181415271791739e-02
9.636397159898163478e-01 9.288094147201066131e-02
9.636394661162835940e-01 9.301992917521020865e-02
9.636394203239672107e-01 9.304600214010445847e-02
9.636392414458867517e-01 9.314977749681482844e-02
9.636390387488649178e-01 9.327135928810713350e-02
9.636388552938528473e-01 9.338543967162464543e-02
9.636386887586055883e-01 9.349269216516969960e-02
9.636386236815077666e-01 9.353564177514123168e-02
9.636385371588100934e-01 9.359371199377133910e-02
9.636383987909181714e-01 9.368902714564696088e-02
9.636382721859336753e-01 9.377910760599152129e-02
9.636381560718225714e-01 9.386437310962508773e-02
9.636380493427552096e-01 9.394519968247780350e-02
9.636380217261871772e-01 9.396652401670166355e-02
9.636379510337993448e-01 9.402192518707500057e-02
9.636378602999903231e-01 9.409485404457856861e-02
9.636377763989318890e-01 9.416426127259919232e-02
9.636376986762670294e-01 9.423039595172830185e-02
9.636376265534880581e-01 9.429348421291754156e-02
9.636375689614581352e-01 9.434514568776139476e-02
9.636375595176687181e-01 9.435373182123958646e-02
9.636374971127767974e-01 9.441132641825208949e-02
9.636374389322984735e-01 9.446643947446008160e-02
9.636373846129514531e-01 9.451922799468354119e-02
9.636373338293078294e-01 9.456983601206048196e-02
9.636372862891789959e-01 9.461839590063113314e-02
9.636372417296430459e-01 9.466502953169564361e-02
9.636372300729300067e-01 9.467741745429168743e-02
9.636371999136131850e-01 9.470984929521816809e-02
9.636371606268649970e-01 9.475295900430165397e-02
9.636371236754556202e-01 9.479445469805856950e-02
9.636370888834732140e-01 9.483442535594940881e-02
9.636370560910739735e-01 9.487295353477284698e-02
9.636370251527616171e-01 9.491011593790618650e-02
9.636369959358785930e-01 9.494598392505648743e-02
9.636369777719302476e-01 9.496868381777828771e-02
9.636369683192772539e-01 9.498062396965145648e-02
9.636369421921499034e-01 9.501409807003972918e-02
9.636369174529930692e-01 9.504646411985191723e-02
9.636368940086920132e-01 9.507777624217854384e-02
9.636368717737070488e-01 9.510808509162237134e-02
9.636368506693511193e-01 9.513743812777145092e-02
9.636368306231452019e-01 9.516587986319914594e-02
9.636368115682441005e-01 9.519345208871668462e-02
9.636367934429224125e-01 9.522019407827585213e-02
9.636367910578169660e-01 9.522375200327044820e-02
9.636367761901144524e-01 9.524614277563511755e-02
9.636367597570008048e-01 9.527133296465549461e-02
9.636367440946386198e-01 9.529579742487562233e-02
9.636367291576265481e-01 9.531956707383149041e-02
9.636367149038046476e-01 9.534267109741824398e-02
9.636367012939820453e-01 9.536513706945123903e-02
9.636366882916924670e-01 9.538699106145570594e-02
9.636366758629708595e-01 9.540825774360420231e-02
9.636366639761522190e-01 9.542896047762343403e-02
9.636366538303967610e-01 9.544692647875371860e-02
9.636366526016890699e-01 9.544912140240656429e-02
9.636366417119852645e-01 9.546876151298995528e-02
9.636366312812437718e-01 9.548790073348731311e-02
9.636366212853298974e-01 9.550655798451332390e-02
9.636366117016452737e-01 9.552475124557679997e-02
9.636366025090126186e-01 9.554249761287533782e-02
9.636365936875712634e-01 9.555981335288361855e-02
9.636365852186811187e-01 9.557671395208554299e-02
9.636365770848339674e-01 9.559321416317306808e-02
9.636365692695733065e-01 9.560932804799913975e-02
9.636365617574197406e-01 9.562506901754845579e-02
9.636365545338037020e-01 9.564044986916463154e-02
9.636365537905206002e-01 9.564204656845309849e-02
9.636365475850015017e-01 9.565548282125165003e-02
9.636365408980785974e-01 9.567017954564617510e-02
9.636365344608356365e-01 9.568455119784213814e-02
9.636365282617600503e-01 9.569860844523132848e-02
9.636365222899802019e-01 9.571236149351042277e-02
9.636365165352235307e-01 9.572582011139242619e-02
9.636365109877780277e-01 9.573899365374723136e-02
9.636365056384560424e-01 9.575189108328741039e-02
9.636365004785613086e-01 9.576452099090428105e-02
9.636364954998579702e-01 9.577689161475169688e-02
9.636364906945420472e-01 9.578901085816618477e-02
9.636364860552145695e-01 9.580088630650576698e-02
9.636364815748573731e-01 9.581252524298242146e-02
9.636364815748573731e-01 9.581252524298242146e-02
