# n_s, r predictions of a polynomial alpha attractor model with k=2 and N_\star=48.
9.588123115534166185e-01 1.481302276046252420e-01
9.588123115534167296e-01 1.481302276046251032e-01
9.588141519575041904e-01 1.478288519179196681e-01
9.588160765950934916e-01 1.475196942093792429e-01
9.588180900164793297e-01 1.472024991708326402e-01
9.588201970535430441e-01 1.468770016623449359e-01
9.588224028392504650e-01 1.465429262976446489e-01
9.588247128286321308e-01 1.461999870121609701e-01
9.588263435192105888e-01 1.459619463445604448e-01
9.588271328213641143e-01 1.458478866131064922e-01
9.588296689860826838e-01 1.454863163110675650e-01
9.588323278865760191e-01 1.451149552325699810e-01
9.588351165100067464e-01 1.447334699131243019e-01
9.588380422973351580e-01 1.443415137702803441e-01
9.588411131761266359e-01 1.439387265562699081e-01
9.588440335001777726e-01 1.435634013337598047e-01
9.588443375959418979e-01 1.435247337898675479e-01
9.588477245665271154e-01 1.430991461671680953e-01
9.588512836990407129e-01 1.426615589510593085e-01
9.588550252505709803e-01 1.422115513392682162e-01
9.588589601722244948e-01 1.417486858109738290e-01
9.588631001610887772e-01 1.412725074521214153e-01
9.588662006582390207e-01 1.409227460676028554e-01
9.588674577163960322e-01 1.407825432597325233e-01
9.588720462002482403e-01 1.402783014256993865e-01
9.588768799032899581e-01 1.397592706007757257e-01
9.588819741157535992e-01 1.392249191397336439e-01
9.588873452043329415e-01 1.386746943289576539e-01
9.588930106953840182e-01 1.381080215980964587e-01
9.588937947909539350e-01 1.380306528525276910e-01
9.588989893649944030e-01 1.375243037177842631e-01
9.589053013365023137e-01 1.369229199859129387e-01
9.589119681861044686e-01 1.363032254054467596e-01
9.589190130572372572e-01 1.356645498573784692e-01
9.589264607844726340e-01 1.350061972731031457e-01
9.589278975890058732e-01 1.348810829376117237e-01
9.589343380277350892e-01 1.343274448112546371e-01
9.589426734177030065e-01 1.336275420449322959e-01
9.589514977133301032e-01 1.329057101662287910e-01
9.589608439724918165e-01 1.321611412160895727e-01
9.589697160963174261e-01 1.314720565464111979e-01
9.589707477368354382e-01 1.313929973487929226e-01
9.589812472319927394e-01 1.306004101417451990e-01
9.589923835843942035e-01 1.297824799628688186e-01
9.590042010560018149e-01 1.289382754096289330e-01
9.590167472983699426e-01 1.280668328357006946e-01
9.590205662359974070e-01 1.278063662958896785e-01
9.590300736275200189e-01 1.271671559834741949e-01
9.590442353211992010e-01 1.262382157430021745e-01
9.590592919401746963e-01 1.252789500606692474e-01
9.590753076752845940e-01 1.242882640237904235e-01
9.590818446461782942e-01 1.238921678478737548e-01
9.590923517220322214e-01 1.232650301505579388e-01
9.591104986845623293e-01 1.222080889182561858e-01
9.591298290108913882e-01 1.211162495664511729e-01
9.591504294612751558e-01 1.199882912159589282e-01
9.591549878600772461e-01 1.197433779222818323e-01
9.591723936115805760e-01 1.188229643487643677e-01
9.591958223934734518e-01 1.176189926987211698e-01
9.592208246731301902e-01 1.163750756077540915e-01
9.592414190761322512e-01 1.153798144979491097e-01
9.592475178700274885e-01 1.150898909073882759e-01
9.592760286171293505e-01 1.137620983906705574e-01
9.593064934634768504e-01 1.123903439448502295e-01
9.593390596197733933e-01 1.109732644204339397e-01
9.593424843162394744e-01 1.108270286798216930e-01
9.593738857470091030e-01 1.095094933172875568e-01
9.594111427874930653e-01 1.079976673731334741e-01
9.594510148367985103e-01 1.064364341438739647e-01
9.594593814745866478e-01 1.061158022090948200e-01
9.594937000540841865e-01 1.048244606683712277e-01
9.595394116069692059e-01 1.031604433123139153e-01
9.595883786456073095e-01 1.014431188861889127e-01
9.595930873338385236e-01 1.012813167125661551e-01
9.596408472987744132e-01 9.967127713070778050e-02
9.596970816826306816e-01 9.784377465876560598e-02
9.597442887416773871e-01 9.636203624205351426e-02
9.597573649102995041e-01 9.595955043553484887e-02
9.598220000875012925e-01 9.401764286693897743e-02
9.598913112761551236e-01 9.201720855077491490e-02
9.599133245038050655e-01 9.139837777139975250e-02
9.599656444040914893e-01 8.995754272336688173e-02
9.600453680948161095e-01 8.783810140701948932e-02
9.601001439834725426e-01 8.643126925743571665e-02
9.601308743865970552e-01 8.565852522888864340e-02
9.602225793050653824e-01 8.341866483945781230e-02
9.603042869106338530e-01 8.150070705889365941e-02
9.603209232481155766e-01 8.111860780771658341e-02
9.604263711359831701e-01 7.875870681067727308e-02
9.605248867056315198e-01 7.664442182516278956e-02
9.605394122736219398e-01 7.633960886519208788e-02
9.606605598662710799e-01 7.386228527248132891e-02
9.607606970813150626e-01 7.189674528607860327e-02
9.607903501232554211e-01 7.132806185898765694e-02
9.609293408793532221e-01 6.873864900356693730e-02
9.610101392418677335e-01 6.728774324812089591e-02
9.610781096578610017e-01 6.609617084211483196e-02
9.612372510949052096e-01 6.340319293939526701e-02
9.612713650440789515e-01 6.284264775977843609e-02
9.614073736407230397e-01 6.066274761780670460e-02
9.615423302966497054e-01 5.858158939353535349e-02
9.615890954504914268e-01 5.787835603879126767e-02
9.617830393745635531e-01 5.505404605012478164e-02
9.618208720380350130e-01 5.451960352680516181e-02
9.619898269549571612e-01 5.219436474783077651e-02
9.621047840766825399e-01 5.066686529251000076e-02
9.622100713302422781e-01 4.930438466172614581e-02
9.623918861000311242e-01 4.702909748113099503e-02
9.624443689422172987e-01 4.638970246540202041e-02
9.626800830047319568e-01 4.360809342552292994e-02
9.626932899209499350e-01 4.345642914066735057e-02
9.629573669935932445e-01 4.051117059693089967e-02
9.629674125215079705e-01 4.040230101986271027e-02
9.632370827070296793e-01 3.756099785778965749e-02
9.632520805063281566e-01 3.740742229531427571e-02
9.635324843194010835e-01 3.461699324836306491e-02
9.635328546602323074e-01 3.461340607337271003e-02
9.638072254604928002e-01 3.202291914630810143e-02
9.638450182871922678e-01 3.167626178125740322e-02
9.640751130762660326e-01 2.961595011132870520e-02
9.641738064849126877e-01 2.875773798640291271e-02
9.643351601435574683e-01 2.738608973300060354e-02
9.645193250022557896e-01 2.586623670151043039e-02
9.645865741212802380e-01 2.532293553530899285e-02
9.648287437163810543e-01 2.341595438702400930e-02
9.648815219472057780e-01 2.301029848199544897e-02
9.650612231830864030e-01 2.165469863140495957e-02
9.652601489952119529e-01 2.019849804368747601e-02
9.652837153159279371e-01 2.002897013784417368e-02
9.654960540391169799e-01 1.852893996900347937e-02
9.656547109024804509e-01 1.743932403608804485e-02
9.656981872595840066e-01 1.714523120434332040e-02
9.658901604501844984e-01 1.586897190540591251e-02
9.660643988857852138e-01 1.474103918344301170e-02
9.660721012673616492e-01 1.469182443432063764e-02
9.662442053829365385e-01 1.360599647705386384e-02
9.664067236181332898e-01 1.260423826556351760e-02
9.664880026173920946e-01 1.211151413953345454e-02
9.665599504035617962e-01 1.167982969232166969e-02
9.667042135452307283e-01 1.082656029556557965e-02
9.668398652480399980e-01 1.003870447541020672e-02
9.669237948829418894e-01 9.558024924085556373e-03
9.669672743298174389e-01 9.310993779655789629e-03
9.670868195473785178e-01 8.638587667091216990e-03
9.671988839489518153e-01 8.017043805368643042e-03
9.673038501632152952e-01 7.442288679028046493e-03
9.673693778409947486e-01 7.087001411123187468e-03
9.674020965335067279e-01 6.910589060015291316e-03
9.674939940057285526e-01 6.418524718232578551e-03
9.675799036807594122e-01 5.962962614181295702e-03
9.676601749453354051e-01 5.541032712591083785e-03
9.677351441001401655e-01 5.150105478366974812e-03
9.678051334100069569e-01 4.787771059093269034e-03
9.678214379621553620e-01 4.703715492126485202e-03
9.678704505073528752e-01 4.451820117621194464e-03
9.679313880871346365e-01 4.140226250079977882e-03
9.679882238387145232e-01 3.851129906305053151e-03
9.680412205669148840e-01 3.582823718792299723e-03
9.680906264613270418e-01 3.333739140938125380e-03
9.681366754789452189e-01 3.102434294112768696e-03
9.681795878109341613e-01 2.887582924763953864e-03
9.682195704092610988e-01 2.687964376425052739e-03
9.682568175533333710e-01 2.502454486464106287e-03
9.682750303124281199e-01 2.411892075792983984e-03
9.682915114405756807e-01 2.330017323146342349e-03
9.683238227881134641e-01 2.169697684700174541e-03
9.683539114354570154e-01 2.020614288287945169e-03
9.683819269403733943e-01 1.881953582899623546e-03
9.684080091620221875e-01 1.752964126066393086e-03
9.684322888269033536e-01 1.632951469856603601e-03
9.684548880745774690e-01 1.521273506794945923e-03
9.684759209810303027e-01 1.417336231156760126e-03
9.684954940580519089e-01 1.320589875506916581e-03
9.685137067285216617e-01 1.230525386306183981e-03
9.685306517768097478e-01 1.146671206131258912e-03
9.685464157746335179e-01 1.068590333286754436e-03
9.685610794832375525e-01 9.958776325469165854e-04
9.685747182317162585e-01 9.281573734944560498e-04
9.685874022730864841e-01 8.650809752239550354e-04
9.685991971185934357e-01 8.063249383879122698e-04
9.686101638512842893e-01 7.515889474485503612e-04
9.686203594199485067e-01 7.005941277178039106e-04
9.686298369143407916e-01 6.530814433050169529e-04
9.686386458227663754e-01 6.088102234567842113e-04
9.686468322729843150e-01 5.675568060030251579e-04
9.686544392574398810e-01 5.291132877168467676e-04
9.686615068437214315e-01 4.932863723768123347e-04
9.686680723711742491e-01 4.598963081985890482e-04
9.686741706345378677e-01 4.287759070884240137e-04
9.686798340553733899e-01 3.997696388766792757e-04
9.686850928421112394e-01 3.727327943220353065e-04
9.686899751394882907e-01 3.475307112437960922e-04
9.686945071677217634e-01 3.240380586556702359e-04
9.686987133530230443e-01 3.021381742169207017e-04
9.687026164485265101e-01 2.817224507651413970e-04
9.687062376477777459e-01 2.626897680234444618e-04
9.687095966903025435e-01 2.449459659501657138e-04
9.687127119599561187e-01 2.284033564830194427e-04
9.687156005773035483e-01 2.129802707037651058e-04
