# n_s, r predictions of a polynomial alpha attractor model with k=3 and N_\star=55.
9.708903323458877299e-01 9.807347450947523143e-05
9.708903323458815127e-01 9.807347450947523143e-05
9.708884171393464824e-01 1.057595730380916026e-04
9.708863317765221712e-01 1.140492596931287010e-04
9.708840620495116092e-01 1.229901387783663891e-04
9.708815925976927996e-01 1.326336030590570937e-04
9.708789068142251732e-01 1.430351408574798025e-04
9.708759867457423809e-01 1.542546689484510663e-04
9.708728129831615261e-01 1.663568935833856352e-04
9.708693645438903896e-01 1.794117021812778113e-04
9.708656187439366203e-01 1.934945884964439059e-04
9.708615510595156595e-01 2.086871143530656615e-04
9.708571349769734571e-01 2.250774113610805479e-04
9.708523418301243657e-01 2.427607263883260215e-04
9.708471406236489631e-01 2.618400149682552597e-04
9.708414978416145535e-01 2.824265872775746705e-04
9.708353772394664460e-01 3.046408118327703987e-04
9.708287396180584894e-01 3.286128826322665271e-04
9.708215425781132613e-01 3.544836561264260322e-04
9.708137402531957783e-01 3.824055651431054856e-04
9.708052830191762350e-01 4.125436177359960606e-04
9.707961171779806442e-01 4.450764898872221838e-04
9.707861846130847461e-01 4.801977220886143494e-04
9.707754224141281751e-01 5.181170310765323113e-04
9.707637624675202748e-01 5.590617494290164771e-04
9.707511310098161372e-01 6.032784073737802776e-04
9.707374481401510602e-01 6.510344730463789656e-04
9.707226272878943796e-01 7.026202696007816323e-04
9.707065746305583165e-01 7.583510901084145354e-04
9.706891884581050345e-01 8.185695340227725110e-04
9.706771201835705520e-01 8.602941636810241925e-04
9.706703584774004634e-01 8.836480924031014537e-04
9.706499650516877686e-01 9.539920129220880651e-04
9.706278783687067868e-01 1.030042480211485270e-03
9.706039575308512690e-01 1.112280152331509599e-03
9.705780495603437696e-01 1.201229100238525652e-03
9.705499883120340954e-01 1.297461204214695905e-03
9.705195932862537012e-01 1.401601069479466166e-03
9.704866683340812594e-01 1.514331532814657466e-03
9.704510002476428587e-01 1.636399843232008494e-03
9.704123572286660337e-01 1.768624612729784986e-03
9.703995053615471766e-01 1.812600434556994487e-03
9.703704872296721184e-01 1.911903648317529606e-03
9.703251161640531475e-01 2.067222794018928802e-03
9.702759459840640810e-01 2.235665931834540047e-03
9.702226526298053377e-01 2.418426313984541488e-03
9.701648838577746625e-01 2.616819425488652387e-03
9.701022569649870864e-01 2.832297606591478115e-03
9.700832518713502495e-01 2.897780172499756206e-03
9.700343564340742075e-01 3.066466698975352321e-03
9.699607315371251426e-01 3.321105018216843809e-03
9.698808939497788328e-01 3.598184997828969556e-03
9.697943154447519198e-01 3.899897897010011234e-03
9.697368130781470752e-01 4.101054799956354441e-03
9.697004257518505588e-01 4.228682015157885464e-03
9.695986106908940361e-01 4.587254910556592610e-03
9.694882107016529194e-01 4.978650178228296100e-03
9.693685199088114546e-01 5.406259402300337205e-03
9.693653453703062750e-01 5.417649434927701568e-03
9.692387858672065759e-01 5.873879961112197894e-03
9.690982101306979679e-01 6.385769428413619157e-03
9.689729737189685110e-01 6.846636976282864141e-03
9.689459497761363505e-01 6.946707380778576087e-03
9.687811199943106022e-01 7.562065487739905514e-03
9.686027978392851567e-01 8.237886821908622578e-03
9.685633837786203904e-01 8.388738731396902862e-03
9.684100272186659808e-01 8.980975369870830560e-03
9.682018252257965640e-01 9.798996729673097039e-03
9.681399484895978347e-01 1.004533185357901238e-02
9.679771899787699141e-01 1.070059091116627552e-02
9.677351102507827374e-01 1.169549795858208785e-02
9.677057297372602118e-01 1.181795236107679829e-02
9.674745773554046524e-01 1.279469671534593823e-02
9.672634749471796800e-01 1.370802679554063673e-02
9.671945999737513455e-01 1.401055635324551484e-02
9.668942228535771788e-01 1.535699916863482624e-02
9.668156380504656644e-01 1.571670967158492194e-02
9.665725505369066051e-01 1.684967145613589304e-02
9.663644184840681772e-01 1.784476850639482581e-02
9.662287774455615708e-01 1.850611681899775457e-02
9.659118048429042869e-01 2.009249117420428346e-02
9.658622257362439179e-01 2.034594284031879252e-02
9.654723922919774548e-01 2.239096736174376115e-02
9.654596138015227869e-01 2.245960636858856593e-02
9.650590060010891813e-01 2.466532442425702423e-02
9.650095203001286537e-01 2.494521489914568874e-02
9.646220960291110869e-01 2.719550198772386490e-02
9.645630785606698065e-01 2.754773214669575809e-02
9.641620710312662768e-01 3.001027377178976108e-02
9.641217351837779725e-01 3.026484277633859424e-02
9.636868360909350839e-01 3.309346889423654681e-02
9.636798080800990096e-01 3.314047617277011276e-02
9.632596290325738941e-01 3.602975266630323997e-02
9.631767483834103860e-01 3.661856900130949083e-02
9.628412631375014019e-01 3.906905413908573488e-02
9.626549945530842312e-01 4.047790747268206757e-02
9.624327866985400437e-01 4.220596465649611995e-02
9.621174012472495374e-01 4.475164552848638622e-02
9.620351441347467780e-01 4.543433586816037623e-02
9.616491728569006581e-01 4.874732389082391676e-02
9.615676475965506675e-01 4.947119197197575452e-02
9.612756005862621578e-01 5.213744773450787462e-02
9.610102763548888927e-01 5.466415770785775646e-02
9.609150435296311965e-01 5.559666066302285103e-02
9.605680056886948259e-01 5.911643275075549597e-02
9.604506819625365788e-01 6.035177256334921247e-02
9.602348794740575011e-01 6.268784254791975874e-02
9.599159477010149599e-01 6.630167549619180034e-02
9.598950288569232381e-01 6.654582131400235689e-02
9.596113869638689398e-01 6.994852656132426183e-02
9.593500838980919543e-01 7.324525446622252856e-02
9.593212723180358781e-01 7.361890447812036165e-02
9.590455831444855139e-01 7.730333503805664197e-02
9.588229541330169914e-01 8.043276506439997475e-02
9.587842100293086922e-01 8.099246098589840681e-02
9.585369624623574225e-01 8.467713631763169879e-02
9.583207340611131775e-01 8.807176887468297355e-02
9.583035771424265326e-01 8.834851307171392998e-02
9.580837266714383738e-01 9.199811905935022238e-02
9.578770284251800771e-01 9.561792536589748537e-02
9.578500843094508443e-01 9.610434456956075400e-02
9.576830534016963492e-01 9.920040285322363760e-02
9.575013348685563752e-01 1.027385672820788076e-01
9.574167831740973966e-01 1.044507313290922584e-01
9.573313766549873538e-01 1.062260130371486255e-01
9.571726609623935067e-01 1.096569357618635276e-01
9.570253085851868624e-01 1.130108911984930437e-01
9.570246555953553225e-01 1.130261444855745895e-01
9.568868205433280760e-01 1.163290640467390114e-01
9.567586138697525833e-01 1.195617287803461409e-01
9.566785144271547914e-01 1.216683934350981933e-01
9.566394968892433237e-01 1.227207685472790771e-01
9.565289386343547307e-01 1.258033882415386939e-01
9.564264196308118748e-01 1.288073419240681750e-01
9.563774569205898413e-01 1.302964879205616155e-01
9.563314350139574538e-01 1.317309027062597837e-01
9.562434970296070924e-01 1.345728294496945643e-01
9.561621369697821393e-01 1.373323312687696196e-01
9.561214032683050812e-01 1.387657860162723744e-01
9.560869065982343651e-01 1.400090307268309631e-01
9.560173791226971307e-01 1.426029265106977806e-01
9.559531497708199099e-01 1.451143562585848201e-01
9.559080210049133441e-01 1.469525870998748263e-01
9.558938360251590938e-01 1.475439601071106555e-01
9.558390775698266673e-01 1.498926454178007850e-01
9.557885359977624784e-01 1.521615530450522169e-01
9.557418943234142761e-01 1.543520254176817263e-01
9.557337120413308407e-01 1.547467044580863038e-01
9.556988563411280557e-01 1.564655766260496794e-01
9.556591458649834614e-01 1.585038646368209792e-01
9.556225058813032636e-01 1.604686656976971881e-01
9.555940306629195913e-01 1.620577259113824276e-01
9.555886976407504951e-01 1.623618509445448055e-01
9.555574997128865045e-01 1.641853651826627736e-01
9.555287070223371648e-01 1.659412077816288522e-01
9.555021298823569431e-01 1.676314155983934517e-01
9.554841164831201494e-01 1.688189714081543280e-01
9.554775930385759342e-01 1.692580478250799714e-01
9.554549347330772990e-01 1.708231726453843524e-01
9.554340057966643762e-01 1.723288555756736229e-01
9.554146687751934319e-01 1.737771493630820840e-01
9.553990820324427258e-01 1.749888767568106573e-01
9.553967970942507382e-01 1.751700853118985934e-01
9.553802742648920265e-01 1.765096659121824785e-01
9.553649931322469868e-01 1.777978586471803957e-01
9.553508551676312965e-01 1.790365908623839097e-01
9.553377698041780608e-01 1.802277455847326737e-01
9.553343149777869803e-01 1.805499977834811864e-01
9.553256538153621635e-01 1.813731581875668575e-01
9.553144307353376163e-01 1.824746138042099286e-01
9.553040303196613792e-01 1.835338454005178144e-01
9.552943880447273273e-01 1.845525324241618914e-01
9.552856789509805990e-01 1.855061727218505763e-01
9.552854446440646186e-01 1.855322999556757446e-01
9.552771456795455807e-01 1.864747182933077785e-01
9.552694411454976109e-01 1.873813029103713612e-01
9.552622851036975948e-01 1.882535147300772593e-01
9.552556353472498873e-01 1.890927606686806928e-01
9.552496175601479234e-01 1.898785441155910469e-01
9.552494530913920867e-01 1.899003944032077729e-01
9.552437026893365601e-01 1.906777173250300550e-01
9.552383513713318397e-01 1.914259796451149576e-01
9.552333690052150494e-01 1.921463816209523501e-01
9.552287278768170076e-01 1.928400748789128594e-01
9.552244024886761276e-01 1.935081638091994682e-01
9.552231794344340221e-01 1.937011329268698290e-01
9.552203693756151637e-01 1.941517070135940215e-01
9.552166069358245526e-01 1.947717187889339008e-01
9.552130952761961336e-01 1.953691706316786902e-01
9.552098160707322982e-01 1.959449927510866218e-01
9.552067524309493241e-01 1.965000755804307553e-01
9.552039875763146393e-01 1.970165292354393027e-01
9.552038887872699169e-01 1.970352712773655868e-01
9.552012107804812580e-01 1.975513952060360956e-01
9.551987051624042380e-01 1.980492273948249449e-01
9.551963597049929477e-01 1.985295139647559048e-01
9.551941631171410041e-01 1.989929685245664936e-01
9.551921049685364595e-01 1.994402735293143991e-01
9.551901756199577820e-01 1.998720816001236800e-01
9.551901756199578930e-01 1.998720816001235412e-01
