# n_s, r predictions of a polynomial alpha attractor model with k=3 and N_\star=61.
9.737539776456219931e-01 8.309744868918455564e-05
9.737539776456219931e-01 8.309744868918455564e-05
9.737523217388865948e-01 8.960938190062553259e-05
9.737505197514684241e-01 9.663260738513072216e-05
9.737485595250889858e-01 1.042074344496409085e-04
9.737464279162857395e-01 1.123773776042584201e-04
9.737441107170908827e-01 1.211894159195502465e-04
9.737415925690658947e-01 1.306942741051575908e-04
9.737388568703800873e-01 1.409467272464408046e-04
9.737358856751080483e-01 1.520059313288728059e-04
9.737326595842409338e-01 1.639357818924351378e-04
9.737291576276098093e-01 1.768053033952552203e-04
9.737253571358627235e-01 1.906890721337767519e-04
9.737212336017543324e-01 2.056676758613377152e-04
9.737167605296278561e-01 2.218282135830996972e-04
9.737119092721380209e-01 2.392648393779542868e-04
9.737066488529810826e-01 2.580793545209676297e-04
9.737009457744030261e-01 2.783818526547213136e-04
9.736947638079778145e-01 3.002914232959628450e-04
9.736880637672737926e-01 3.239369195691693291e-04
9.736808032603595509e-01 3.494577967557225542e-04
9.736729364207384885e-01 3.770050290181941243e-04
9.736644136141499040e-01 4.067421125666801827e-04
9.736551811192102335e-01 4.388461645412344305e-04
9.736451807792994018e-01 4.735091280532761492e-04
9.736343496228281325e-01 5.109390951616428565e-04
9.736226194489842056e-01 5.513617610851402184e-04
9.736099163751867902e-01 5.950220247259814174e-04
9.735961603431251277e-01 6.421857525772259930e-04
9.735812645787380593e-01 6.931417254593418877e-04
9.735709266519363414e-01 7.284451286212837448e-04
9.735651350020345651e-01 7.482037902061246205e-04
9.735476695818109372e-01 8.077132415598062797e-04
9.735287576300720724e-01 8.720414631585921483e-04
9.735082790305497058e-01 9.415928607061359139e-04
9.734861033953691178e-01 1.016808125301990693e-03
9.734620891435984413e-01 1.098167870596758466e-03
9.734360824952337232e-01 1.186196694048136059e-03
9.734079163740858576e-01 1.281467720251437594e-03
9.733774092132149169e-01 1.384607693269230156e-03
9.733443636569504287e-01 1.496302695300060718e-03
9.733333747104400135e-01 1.533444547761850978e-03
9.733085651545494432e-01 1.617304581103954850e-03
9.732697804418170007e-01 1.748438231624163371e-03
9.732277559093244212e-01 1.890609746430676726e-03
9.731822158590162086e-01 2.044815713267246222e-03
9.731328606552688276e-01 2.212153714381500259e-03
9.730793647824635961e-01 2.393834253696505276e-03
9.730631325451443159e-01 2.449031947305637096e-03
9.730213748283147446e-01 2.591194316565954663e-03
9.729585074222526497e-01 2.805712804836828396e-03
9.728903471687789795e-01 3.039028124658811961e-03
9.728164446294855772e-01 3.292958242592525404e-03
9.727673677077077752e-01 3.462184851325022725e-03
9.727363144215478430e-01 3.569523567346550609e-03
9.726494335152747750e-01 3.870973059645459353e-03
9.725552398266683607e-01 4.199814021294736438e-03
9.724531312110132886e-01 4.558846066466276138e-03
9.724504231415919131e-01 4.568406146366351013e-03
9.723424649678498177e-01 4.951199833797783299e-03
9.722225579643716253e-01 5.380381057436840926e-03
9.721157375684688073e-01 5.766511516771253600e-03
9.720926874726358857e-01 5.850320678939563424e-03
9.719520927978415603e-01 6.365431749380050588e-03
9.717999777561251440e-01 6.930673939378679919e-03
9.717663536776233180e-01 7.056776984577801948e-03
9.716355140507981769e-01 7.551626536907469524e-03
9.714578456092005654e-01 8.234570854454524580e-03
9.714050336280974918e-01 8.440107931940790675e-03
9.712660939923860592e-01 8.986582964090569434e-03
9.710593650868337701e-01 9.815637594040213174e-03
9.710342680542486393e-01 9.917625035006752063e-03
9.708367574330383221e-01 1.073072380154595391e-02
9.706562788547918874e-01 1.149044189385791705e-02
9.705973727308000454e-01 1.174197261559720845e-02
9.703403292654153578e-01 1.286079613232712048e-02
9.702730406198823987e-01 1.315953170881368865e-02
9.700647791969190248e-01 1.410003643559920410e-02
9.698863159254780264e-01 1.492563442096115148e-02
9.697699308190089740e-01 1.547412106718538440e-02
9.694976938423740531e-01 1.678918286128734672e-02
9.694550770008369955e-01 1.699921941171112644e-02
9.691196310501818401e-01 1.869339108026498233e-02
9.691086241939737000e-01 1.875023958051659848e-02
9.687631711529812728e-01 2.057671293143439883e-02
9.687204444136379156e-01 2.080844177036028642e-02
9.683854943117019554e-01 2.267136551226401828e-02
9.683343987061171498e-01 2.296295392028959229e-02
9.679866802637741019e-01 2.500165223747213838e-02
9.679516505482984590e-01 2.521242861685748030e-02
9.675732899548631361e-01 2.755497609692302008e-02
9.675671651288171304e-01 2.759391550921682160e-02
9.672003368825986547e-01 2.998814316441311342e-02
9.671278234088814818e-01 3.047630348788706381e-02
9.668337419406901612e-01 3.250890199010476184e-02
9.666700553468104973e-01 3.367833020194004739e-02
9.664743853460874279e-01 3.511364916977957606e-02
9.661958744612706429e-01 3.723016188058026615e-02
9.661230748618125919e-01 3.779821522833039932e-02
9.657805432919279731e-01 4.055788453386000719e-02
9.657079873351662735e-01 4.116155684193118641e-02
9.654474459759103677e-01 4.338742533610752405e-02
9.652098546101750554e-01 4.550038961708294249e-02
9.651243586198047231e-01 4.628112938017499289e-02
9.648117757144194506e-01 4.923286028440144318e-02
9.647057190643147928e-01 5.027070852274605900e-02
9.645101097172161797e-01 5.223610962438471339e-02
9.642196911106396540e-01 5.528405944844482639e-02
9.642005843910059770e-01 5.549031690301188535e-02
9.639407693937724897e-01 5.836964977511867325e-02
9.637001279888872673e-01 6.116793823737901731e-02
9.636735150154173146e-01 6.148564950030372539e-02
9.634180222147642469e-01 6.462472907675556599e-02
9.632105340758849721e-01 6.730012661150623632e-02
9.631743127009717576e-01 6.777953332386042751e-02
9.629423400749133055e-01 7.094275278120595885e-02
9.627382409972782273e-01 7.386821010492157502e-02
9.627219948760720181e-01 7.410719212826927249e-02
9.625131101237727194e-01 7.726583435032680081e-02
9.623154672153685363e-01 8.041189952473916380e-02
9.622896091903313520e-01 8.083568506180913160e-02
9.621288020434197730e-01 8.353889732275407431e-02
9.619528111988002728e-01 8.664067255745699914e-02
9.618705328627712436e-01 8.814657750492586874e-02
9.617871581360504241e-01 8.971144334724281966e-02
9.616314791901510173e-01 9.274583169571133656e-02
9.614860359201281570e-01 9.572530610792305550e-02
9.614853893491860370e-01 9.573888650424799973e-02
9.613484877040764376e-01 9.868609922570092952e-02
9.612203625137912821e-01 1.015834125314617337e-01
9.611399060069377720e-01 1.034784739175563933e-01
9.611005958413797456e-01 1.044272224969739343e-01
9.609887677321746757e-01 1.072143749111630073e-01
9.608844599200959680e-01 1.099421563841746913e-01
9.608344240823311067e-01 1.112987637127069718e-01
9.607872590608083074e-01 1.126082809671043877e-01
9.606967595013626848e-01 1.152108730101246981e-01
9.606125656048031258e-01 1.177484469752815427e-01
9.605702368596163998e-01 1.190707426417085268e-01
9.605342936550986810e-01 1.202198848912853085e-01
9.604615733727832616e-01 1.226244120939024018e-01
9.603940490749796055e-01 1.249615718413282922e-01
9.603463960011953127e-01 1.266779788141876306e-01
9.603313805153473881e-01 1.272311993324259372e-01
9.602732434400544914e-01 1.294333955906466216e-01
9.602193298954225797e-01 1.315685016102715876e-01
9.601693483216314773e-01 1.336370730967175458e-01
9.601605566298548888e-01 1.340105543215528994e-01
9.601230234649982265e-01 1.356398560707281209e-01
9.600800961390412169e-01 1.375777635486454542e-01
9.600403228619760476e-01 1.394518534584481273e-01
9.600092975834684239e-01 1.409719346250714322e-01
9.600034753955761779e-01 1.412633079043826290e-01
9.599693402075886173e-01 1.430134138519947862e-01
9.599377178772028341e-01 1.447035452701431191e-01
9.599084224604865767e-01 1.463351467369526371e-01
9.598885059667995323e-01 1.474842732120787425e-01
9.598812808302727984e-01 1.479097184922902597e-01
9.598561320027676480e-01 1.494288028996351991e-01
9.598328264610326288e-01 1.508939722653059590e-01
9.598112254837889434e-01 1.523068179509514952e-01
9.597937640896462286e-01 1.534915579297403687e-01
9.597912004862396707e-01 1.536689407076884673e-01
9.597726323782602709e-01 1.549819421545504394e-01
9.597554109440412651e-01 1.562474173210993411e-01
9.597394342462219896e-01 1.574669481730102960e-01
9.597246080566402826e-01 1.586420980400155556e-01
9.597206871485893798e-01 1.589604364447103624e-01
9.597108453150805518e-01 1.597744068673821738e-01
9.596980656167720669e-01 1.608653872148515240e-01
9.596861947288787276e-01 1.619165209304161135e-01
9.596751641358078899e-01 1.629292564302488866e-01
9.596651795263595464e-01 1.638789646348938200e-01
9.596649106128407603e-01 1.639050065203499496e-01
9.596553758273320689e-01 1.648451466999032444e-01
9.596465059665352237e-01 1.657510138908160624e-01
9.596382513909713641e-01 1.666239055423573423e-01
9.596305663121622587e-01 1.674650790641556697e-01
9.596235990821909700e-01 1.682538037262384656e-01
9.596234084934915920e-01 1.682757515449942731e-01
9.596167389729232111e-01 1.690570997188348690e-01
9.596105218063020192e-01 1.698102601432562864e-01
9.596047238299721949e-01 1.705363295590330008e-01
9.595993144414738385e-01 1.712363654028462023e-01
9.595942653971143432e-01 1.719113864481729148e-01
9.595928363424414131e-01 1.721065085962230623e-01
9.595895506252594132e-01 1.725623735521695234e-01
9.595851460542337286e-01 1.731902704889379807e-01
9.595810294537803209e-01 1.737959848518786654e-01
9.595771802890812330e-01 1.743803890099512865e-01
9.595735795863992168e-01 1.749443211045725866e-01
9.595703261268834217e-01 1.754695175133048068e-01
9.595702098094596177e-01 1.754885860755976412e-01
9.595670547457466615e-01 1.760139567063746247e-01
9.595640994019407621e-01 1.765211746792466341e-01
9.595613299077830893e-01 1.770109516340998557e-01
9.595587334276951541e-01 1.774839702236591932e-01
9.595562980795381280e-01 1.779408851601980424e-01
9.595540128599374663e-01 1.783823242491888450e-01
9.595540128599373553e-01 1.783823242491889005e-01
