# n_s, r predictions of a polynomial alpha attractor model with k=4 and N_\star=42.
9.603124787092947034e-01 5.864983326380707553e-05
9.603124787092863768e-01 5.864983326380707553e-05
9.603114118698071744e-01 6.333641516279347116e-05
9.603102299022597821e-01 6.839788946697322226e-05
9.603089223324180468e-01 7.386431484444775037e-05
9.603074777974174303e-01 7.976817215833854186e-05
9.603058839724830653e-01 8.614456171658364109e-05
9.603041274904627889e-01 9.303141694303719512e-05
9.603021938570479588e-01 1.004697358738833839e-04
9.603000673571235879e-01 1.085038320540224844e-04
9.602977309530367211e-01 1.171816065334595810e-04
9.602951661760057434e-01 1.265548428209519133e-04
9.602923530069306102e-01 1.366795268554695810e-04
9.602892697477324324e-01 1.476161942347928183e-04
9.602858928815118933e-01 1.594303071744584597e-04
9.602821969209850428e-01 1.721926639139572247e-04
9.602781542435299134e-01 1.859798435657670330e-04
9.602737349125193278e-01 2.008746897090119910e-04
9.602689064820538745e-01 2.169668363839122652e-04
9.602636337862606730e-01 2.343532805096324465e-04
9.602578787080571221e-01 2.531390052237404297e-04
9.602515999286032056e-01 2.734376590873665702e-04
9.602447526536774802e-01 2.953722966919778065e-04
9.602372883158075689e-01 3.190761868039927447e-04
9.602291542482588316e-01 3.446936949276065902e-04
9.602202933294823328e-01 3.723812479402364008e-04
9.602189050646561252e-01 3.767004372702036563e-04
9.602106435947430629e-01 4.023083893897229238e-04
9.602001378102353879e-01 4.346589351185655738e-04
9.601887030069433671e-01 4.696322400468664910e-04
9.601762599699495970e-01 5.074445883413580697e-04
9.601627226770140799e-01 5.483307208133549439e-04
9.601479976822870910e-01 5.925455151724499329e-04
9.601319834379720142e-01 6.403658369264010651e-04
9.601145695472171893e-01 6.920925811496720596e-04
9.600956359402414986e-01 7.480529282008467227e-04
9.600777227180367079e-01 8.007620851877870561e-04
9.600750519642822223e-01 8.086028398119880257e-04
9.600526753778053646e-01 8.741298258239480357e-04
9.600283512366808436e-01 9.450560164368763819e-04
9.600019106595549800e-01 1.021841580159051988e-03
9.599731694574750174e-01 1.104988533946149121e-03
9.599419266108248916e-01 1.195044999455221850e-03
9.599079625746258504e-01 1.292609968134081919e-03
9.599054549512802126e-01 1.299800825061893849e-03
9.598710373906114146e-01 1.398338648298784286e-03
9.598308885819686331e-01 1.512948479769092146e-03
9.597872288035922406e-01 1.637225916412693091e-03
9.597397432177453558e-01 1.772034094606350554e-03
9.597078584922195121e-01 1.862369824024343121e-03
9.596880865617398726e-01 1.918321526729796240e-03
9.596318798712771825e-01 2.077131984079972748e-03
9.595707068202155021e-01 2.249615763876879667e-03
9.595041096355497734e-01 2.437042571307186396e-03
9.594877756623926279e-01 2.482963988329344937e-03
9.594315845454987057e-01 2.640816291023315512e-03
9.593525767198467502e-01 2.862491974476412317e-03
9.592664746660227726e-01 3.103795431467609809e-03
9.592468148553184859e-01 3.158861573967338722e-03
9.591726040534495068e-01 3.366645887974324420e-03
9.590702209543362500e-01 3.653182259370631787e-03
9.589859705578350768e-01 3.888933876149566326e-03
9.589585045136739261e-01 3.965793690312979965e-03
9.588365490979120498e-01 4.307155131241712821e-03
9.587059200719292296e-01 4.673082121178029694e-03
9.587033560229141216e-01 4.680268857809785459e-03
9.585578250303296022e-01 5.088512993983812689e-03
9.584071915306969780e-01 5.511927631692018804e-03
9.583987457674564281e-01 5.535698271928197328e-03
9.582247896260935871e-01 6.026134451386958892e-03
9.580902693771518042e-01 6.406619425103915293e-03
9.580345024012534294e-01 6.564708027900312964e-03
9.578262983220960924e-01 7.156973085009793109e-03
9.577556625587592132e-01 7.358701811275460483e-03
9.575984560557672109e-01 7.809257398410672513e-03
9.574039455790405162e-01 8.370015822206840553e-03
9.573491172512245129e-01 8.528786197586249451e-03
9.570762880366597836e-01 9.323826364245255821e-03
9.570357772236429694e-01 9.442622478415936549e-03
9.567778435921978630e-01 1.020385434159098992e-02
9.566519008421014991e-01 1.057874257932535714e-02
9.564515355181508749e-01 1.117975169260177273e-02
9.562531309087597409e-01 1.178071049525356365e-02
9.560950013106392920e-01 1.226403310846837375e-02
9.558403315213701568e-01 1.305094008880514946e-02
9.557057750188273637e-01 1.347111270620241115e-02
9.554143925317073460e-01 1.439190057506434077e-02
9.552812983031456762e-01 1.481761555584118657e-02
9.549762079267072323e-01 1.580609967985192529e-02
9.548189317993259762e-01 1.632274232847275020e-02
9.545266592999342992e-01 1.729607133530250765e-02
9.543159679267403384e-01 1.800869545368200680e-02
9.540666054140858332e-01 1.886436545353802063e-02
9.537696478828979751e-01 1.990117485532133523e-02
9.535968774498024825e-01 2.051353789724512725e-02
9.531771872359831033e-01 2.202994977582432845e-02
9.531182787501395470e-01 2.224613941096337255e-02
9.526315876304934926e-01 2.406470283397157614e-02
9.525358159784609313e-01 2.442950985162782931e-02
9.521375619392226097e-01 2.597172831891787770e-02
9.518428399861055267e-01 2.713979264608200326e-02
9.516369443336678557e-01 2.796966653269619685e-02
9.511304675455853896e-01 3.006089995371897736e-02
9.510957315454553473e-01 3.020697500641770367e-02
9.506188591782049890e-01 3.224772244472171034e-02
9.502922570365373023e-01 3.368429999249288043e-02
9.501028457798125215e-01 3.453231730674065358e-02
9.495831560774049551e-01 3.691673403101915218e-02
9.494306499634688201e-01 3.763288711837122630e-02
9.490605233417277464e-01 3.940286397359694937e-02
9.485356869054144546e-01 4.199241518953671093e-02
9.485098370570075321e-01 4.212243798211369461e-02
9.480093928828992045e-01 4.468688668058194008e-02
9.475297235475148572e-01 4.723169843031500142e-02
9.474823941527635851e-01 4.748754233230825794e-02
9.469554496672610844e-01 5.039538484241003202e-02
9.464915399719066036e-01 5.304846915183476092e-02
9.464293231539728790e-01 5.341112996889536141e-02
9.459047812732486182e-01 5.653518145380279775e-02
9.453982457360166070e-01 5.966886836415272871e-02
9.453825912940047038e-01 5.976760700199138659e-02
9.448635183495814882e-01 6.310811571473048942e-02
9.443483223356359257e-01 6.655603739125103002e-02
9.442549726066831184e-01 6.719544821904011034e-02
9.438377545127913937e-01 7.011030411755012071e-02
9.433325538780903408e-01 7.376943455863474441e-02
9.430694730588546904e-01 7.573366719440653705e-02
9.428334433708359663e-01 7.753152135711742499e-02
9.423411259797481732e-01 8.139422201707281757e-02
9.418562808195287683e-01 8.535475361619752899e-02
9.418525136840135703e-01 8.538615920621298039e-02
9.413795592450842076e-01 8.940989164282830970e-02
9.409115810712249672e-01 9.355597319626290931e-02
9.406181248316901611e-01 9.624427744102052873e-02
9.404529309639273471e-01 9.778890472114536159e-02
9.400041550663665868e-01 1.021041743701939092e-01
9.395657579187478570e-01 1.064968690062720186e-01
9.393835907158519793e-01 1.083766149578549581e-01
9.391381997254941716e-01 1.109616957668907028e-01
9.387218940166586201e-01 1.154930080242031615e-01
9.383172057426415469e-01 1.200848354841056453e-01
9.381690515564682364e-01 1.218147143134594296e-01
9.379244498325505219e-01 1.247309180822293029e-01
9.375438902373171013e-01 1.294247432542665888e-01
9.371757394685282794e-01 1.341595860883630087e-01
9.369966083723164640e-01 1.365370393191240317e-01
9.368201586344250265e-01 1.389285518061916525e-01
9.364772579643726447e-01 1.437246199741067654e-01
9.361470978039451163e-01 1.485406898134423170e-01
9.358888893824072186e-01 1.524534397336759495e-01
9.358296900540884478e-01 1.533696259631173731e-01
9.355250000201500438e-01 1.582043040475521190e-01
9.352329486300382522e-01 1.630376554184466975e-01
9.349534149755299728e-01 1.678627104693793115e-01
9.348671611050028973e-01 1.693935238871182303e-01
9.346862391268878634e-01 1.726726399660256095e-01
9.344312251685127357e-01 1.774607938903158821e-01
9.341881444023162340e-01 1.822207373618577320e-01
9.339567386657990911e-01 1.869462832720733270e-01
9.339492278225647315e-01 1.871030377169842773e-01
9.337367237133455955e-01 1.916315213432336351e-01
9.335277926118532577e-01 1.962708434034396987e-01
9.333296191053361834e-01 2.008589647471671902e-01
9.331475066939162177e-01 2.052518752583897266e-01
9.331418609073969250e-01 2.053909415271070737e-01
9.329641628852498592e-01 2.098621841947421185e-01
9.327961601041179218e-01 2.142684670728070007e-01
9.326374807061408312e-01 2.186059342012258433e-01
9.324877486032400187e-01 2.228711016484537788e-01
9.324677175319695532e-01 2.234552855540969940e-01
9.323465859685708956e-01 2.270608565217882291e-01
9.322136155161062643e-01 2.311724529430306818e-01
9.320884625624580311e-01 2.352035052799414383e-01
9.319707568691734112e-01 2.391519789396388262e-01
9.319085287381054794e-01 2.413064440693539203e-01
9.318601342674022181e-01 2.430161790380107600e-01
9.317562380699748736e-01 2.467947372600859668e-01
9.316587202785778787e-01 2.504865972210096881e-01
9.315672425958346770e-01 2.540909986267292364e-01
9.314814772537854948e-01 2.576074605184416888e-01
9.314622611752750858e-01 2.584149467324596827e-01
9.314011076714212578e-01 2.610357638667937796e-01
9.313258289547726720e-01 2.643759337607327620e-01
9.312553482534627891e-01 2.676282214135183302e-01
9.311893849877714846e-01 2.707930861848393822e-01
9.311276709601040702e-01 2.738711777941751357e-01
9.311164573510913867e-01 2.744435555947248861e-01
9.310699503643977692e-01 2.768633188769386022e-01
9.310159797064585518e-01 2.797704880120460702e-01
9.309655276475362617e-01 2.825938033277151651e-01
9.309183747826815791e-01 2.853345067717882877e-01
9.308743133645751566e-01 2.879939491138993612e-01
9.308559010463903771e-01 2.891358316153292973e-01
9.308331469826460758e-01 2.905735757294944932e-01
9.307946902064024863e-01 2.930749132001324031e-01
9.307587682010075580e-01 2.954995567506437659e-01
9.307252163222679009e-01 2.978491585316243584e-01
9.306938796973720507e-01 3.001254167452524491e-01
9.306646127969244731e-01 3.023300656035547984e-01
9.306646127969244731e-01 3.023300656035551315e-01
