# n_s, r predictions of a polynomial alpha attractor model with k=2 and N_\star=57.
9.736627074932577841e-01 1.316117115545317783e-04
9.736627074932494574e-01 1.316117115545317783e-04
9.736608447252942389e-01 1.414563637538690489e-04
9.736588309282601106e-01 1.520387074357848218e-04
9.736566543037984411e-01 1.634142267264374743e-04
9.736543021524940444e-01 1.756426113245589235e-04
9.736517608060332174e-01 1.887880803221931604e-04
9.736490155542520952e-01 2.029197317354226339e-04
9.736460505668272924e-01 2.181119199030354995e-04
9.736428488090456135e-01 2.344446631101562424e-04
9.736393919513305351e-01 2.520040840110049211e-04
9.736356602721171205e-01 2.708828856671621809e-04
9.736316325529633664e-01 2.911808662945871589e-04
9.736272859670808133e-01 3.130054760739808448e-04
9.736225959580042666e-01 3.364724197750273873e-04
9.736175361104668635e-01 3.617063092255099941e-04
9.736120780111923168e-01 3.888413701314559880e-04
9.736061910994668889e-01 4.180222081672090462e-04
9.735998425067470263e-01 4.494046397692494409e-04
9.735929968843427540e-01 4.831565936291114098e-04
9.735856162186248275e-01 5.194590894975000157e-04
9.735776596326126686e-01 5.585073016242911607e-04
9.735690831731620420e-01 6.005117149316829437e-04
9.735598395829347940e-01 6.456993828907532955e-04
9.735498780557290122e-01 6.943152970743256790e-04
9.735391439746619024e-01 7.466238794272596086e-04
9.735275786318530189e-01 8.029106095577789219e-04
9.735151189285533579e-01 8.634838007286195450e-04
9.735016970548885373e-01 9.286765397752886177e-04
9.734872401479770510e-01 9.988488079395532477e-04
9.734716699276092511e-01 1.074389801550538646e-03
9.734549023086263020e-01 1.155720473691456123e-03
9.734368469892898945e-01 1.243296320445798657e-03
9.734174070152061820e-01 1.337610438071933907e-03
9.733964783186119796e-01 1.439196880528735654e-03
9.733739492332806886e-01 1.548634350199851878e-03
9.733496999858002319e-01 1.666550258468638569e-03
9.733236021646546332e-01 1.793625197002660576e-03
9.733166979310876599e-01 1.827275982019814157e-03
9.732955181694433744e-01 1.930597865237091218e-03
9.732653006435891818e-01 2.078270504613949701e-03
9.732327918953603829e-01 2.237514895618531070e-03
9.731978233135709644e-01 2.409278979565154626e-03
9.731602147865096031e-01 2.594594173312291582e-03
9.731197741349913999e-01 2.794583451608857738e-03
9.730762965734703895e-01 3.010470278356856561e-03
9.730295642165907033e-01 3.243588474569846902e-03
9.729793456525677176e-01 3.495393116849408472e-03
9.729605563897164577e-01 3.589963203698026597e-03
9.729253956094383593e-01 3.767472565364310931e-03
9.728674547454855270e-01 4.061561723988186233e-03
9.728052496005974437e-01 4.379556636721606590e-03
9.727384927520723590e-01 4.723530522520338719e-03
9.726668832241892604e-01 5.095751344268070575e-03
9.726052581863251500e-01 5.418858259310247241e-03
9.725901072080884724e-01 5.498700994640972478e-03
9.725078391547852252e-01 5.935096160325618181e-03
9.724197433104802002e-01 6.407910893492642021e-03
9.723254757690280581e-01 6.920400872352170697e-03
9.722543621727324226e-01 7.311652964412558575e-03
9.722246871213829911e-01 7.476129266797301894e-03
9.721170257859669261e-01 8.078994035380981931e-03
9.720021421071456391e-01 8.733256359769292487e-03
9.719102490760034296e-01 9.265035981588497574e-03
9.718796933113855729e-01 9.443569764524937030e-03
9.717493494122512177e-01 1.021500926415862612e-02
9.716108001556080787e-01 1.105309961493069169e-02
9.715746497674307980e-01 1.127494225726064295e-02
9.714637630952294156e-01 1.196384141306070827e-02
9.713079928835078869e-01 1.295373336125655445e-02
9.712488244202975851e-01 1.333674847389931979e-02
9.711432918509793621e-01 1.402978850828354163e-02
9.709695219264078414e-01 1.519954164236520314e-02
9.709336736979732319e-01 1.544542736344761691e-02
9.707866179115087757e-01 1.647104428426759623e-02
9.706298212112961510e-01 1.759566949474500319e-02
9.705946020640603411e-01 1.785284288729349980e-02
9.703935998529840123e-01 1.935393493403136586e-02
9.703376756189009411e-01 1.978198163001531479e-02
9.701838566222212856e-01 2.098369667481435330e-02
9.700574769086562910e-01 2.199876895098697854e-02
9.699657547315471140e-01 2.275177536885725216e-02
9.697893308245203459e-01 2.424040598630130758e-02
9.697398305303097654e-01 2.466793820241227828e-02
9.695332347733410794e-01 2.650129903162630474e-02
9.695067902680812866e-01 2.674186976516102279e-02
9.692890977630875815e-01 2.877594149483479746e-02
9.692675237663547216e-01 2.898291032845477441e-02
9.690567561944983810e-01 3.105896281093479053e-02
9.690231143904862732e-01 3.139972851283133470e-02
9.688359867496990629e-01 3.334517117424327243e-02
9.687748436072762814e-01 3.399992462768035295e-02
9.686265172020491754e-01 3.562959017796627631e-02
9.685241882418502701e-01 3.678956538243124269e-02
9.684280356835076597e-01 3.790748943006726213e-02
9.682728085222692682e-01 3.977265709484665429e-02
9.682401987549813516e-01 4.017440926317784183e-02
9.680626385020414393e-01 4.242617973519483693e-02
9.680225251939822417e-01 4.295057304706084711e-02
9.678949688009947927e-01 4.465893420239885891e-02
9.677752844676972277e-01 4.632146100212917311e-02
9.677367908529129759e-01 4.686911782492055728e-02
9.675876980552019502e-01 4.905349142804960039e-02
9.675331103807854882e-01 4.987966832077002366e-02
9.674472802644366043e-01 5.120913118912824580e-02
9.673151274958140533e-01 5.333342464796059224e-02
9.672980453063813044e-01 5.361523320706433615e-02
9.671908331004457349e-01 5.542406355004456109e-02
9.670739964601758887e-01 5.747903402768773928e-02
9.670720807694248577e-01 5.751349932106471219e-02
9.669642252387709025e-01 5.949660460805307471e-02
9.668611372282781558e-01 6.147531251007491010e-02
9.668570822733311143e-01 6.155491482442249085e-02
9.667643618288511709e-01 6.341394865837035599e-02
9.666735411997002814e-01 6.531154180296107337e-02
9.666547132687335342e-01 6.571507333969175968e-02
9.665883311177279058e-01 6.716734209147483259e-02
9.665084015789123795e-01 6.898080439718343171e-02
9.664663644157684974e-01 6.996504140098241953e-02
9.664334371756629904e-01 7.075157166328689684e-02
9.663631372812320208e-01 7.247945848243231293e-02
9.662972160699501156e-01 7.416443509143827439e-02
9.662930946146591760e-01 7.427199425740196870e-02
9.662354023996014840e-01 7.580661192519816405e-02
9.661774395797670945e-01 7.740622484111880919e-02
9.661355896997924075e-01 7.860015092654822066e-02
9.661230850474905596e-01 7.896362109641658078e-02
9.660721099692188840e-01 8.047924613516679870e-02
9.660242987856760832e-01 8.195363122008958445e-02
9.659941431643808141e-01 8.291196404587064528e-02
9.659794487141684094e-01 8.338738192550167183e-02
9.659373692208234052e-01 8.478116749241378092e-02
9.658978814734291429e-01 8.613571103414759123e-02
9.658686609692431757e-01 8.716948606023450230e-02
9.658608177838818865e-01 8.745178057079422418e-02
9.658260210477603858e-01 8.873018086303077756e-02
9.657933441872229574e-01 8.997174600997327742e-02
9.657626496022541085e-01 9.117733277159215111e-02
9.657586897525188840e-01 9.133580705595652216e-02
9.657338086342782679e-01 9.234781457348663347e-02
9.657067010452672351e-01 9.348407615027846951e-02
9.656812145147191107e-01 9.458700878332623740e-02
9.656634650841379175e-01 9.537644664979416653e-02
9.656572441562392140e-01 9.565750608869022509e-02
9.656346920549099266e-01 9.669646031213421922e-02
9.656134668261868725e-01 9.770475908926221087e-02
9.655934831966644927e-01 9.868328263065277717e-02
9.655819742889332202e-01 9.926058583865086937e-02
9.655746616067831800e-01 9.963290129367269321e-02
9.655569278352572615e-01 1.005544735049190008e-01
9.655402126448388023e-01 1.014488439993585234e-01
9.655244514488623420e-01 1.023168423445405123e-01
9.655130271579535073e-01 1.029620442489098397e-01
9.655095839979030981e-01 1.031592817205138624e-01
9.654955540857946827e-01 1.039769579283057743e-01
9.654823092741904311e-01 1.047706486019840677e-01
9.654698006348176875e-01 1.055411126013986456e-01
9.654579825085471967e-01 1.062890895646832617e-01
9.654553277240004450e-01 1.064599400277234098e-01
9.654468122804003016e-01 1.070152996014628044e-01
9.654362501696133192e-01 1.077204431094753029e-01
9.654262590339017791e-01 1.084052006989557476e-01
9.654168041870779815e-01 1.090702332106556482e-01
9.654078532292084125e-01 1.097161818147826262e-01
9.654075411015496933e-01 1.097390075626009653e-01
9.653993758885279775e-01 1.103436681794469354e-01
9.653913438743541020e-01 1.109532946983936702e-01
9.653837307402876045e-01 1.115456447688929487e-01
9.653765117570156651e-01 1.121212831116578518e-01
9.653696637940715197e-01 1.126807561255661061e-01
9.653683509021245834e-01 1.127895854666766395e-01
9.653631652099430305e-01 1.132245922707846297e-01
9.653569957499518184e-01 1.137533024746423954e-01
9.653511364513663873e-01 1.142673805552667232e-01
9.653455695552416449e-01 1.147673036586094875e-01
9.653402784245096457e-01 1.152535327050304009e-01
9.653365045621808971e-01 1.156073179761859665e-01
9.653352474678784656e-01 1.157265128420963546e-01
9.653304620691263160e-01 1.161866739006935517e-01
9.653259085214023205e-01 1.166344308519423750e-01
9.653215739661764605e-01 1.170701842627511619e-01
9.653174463365026270e-01 1.174943207481607688e-01
9.653135143042829158e-01 1.179072134189057264e-01
9.653108457033694467e-01 1.181926333913604216e-01
9.653097672312445088e-01 1.183092223228638940e-01
9.653061951233600224e-01 1.187006948792840577e-01
9.653027885884619685e-01 1.190819663048726385e-01
9.652995387968191787e-01 1.194533600309904964e-01
9.652964374444603646e-01 1.198151881113578704e-01
9.652934767190479715e-01 1.201677516197979106e-01
9.652906492681130324e-01 1.205113410376625060e-01
9.652903341178993291e-01 1.205500723380355937e-01
9.652879481694865982e-01 1.208462366306811836e-01
9.652853669037620987e-01 1.211727088150670040e-01
9.652828993286484138e-01 1.214910185127778125e-01
9.652805396550737660e-01 1.218014174959043266e-01
9.652782824249137583e-01 1.221041487202186304e-01
9.652761224902324244e-01 1.223994466479298021e-01
9.652740549939230474e-01 1.226875375597831219e-01
9.652740549939230474e-01 1.226875375597832052e-01
