# n_s, r predictions of a polynomial alpha attractor model with k=1 and N_\star=52.
9.743501763429974760e-01 9.524746258293582816e-05
9.743501763429933682e-01 9.524746258293585526e-05
9.743492431270910359e-01 1.045327238395371181e-04
9.743482137451506819e-01 1.147230608575607367e-04
9.743470785053713890e-01 1.259066759070292228e-04
9.743458267600006995e-01 1.381803630257452426e-04
9.743444468135877834e-01 1.516503441575427962e-04
9.743429258229220347e-01 1.664331864876644599e-04
9.743412496879814144e-01 1.826568088173812692e-04
9.743394029330979533e-01 2.004615855673446713e-04
9.743373685774958659e-01 2.200015578140395844e-04
9.743351279948567756e-01 2.414457616456260882e-04
9.743326607603228773e-01 2.649796851008987398e-04
9.743299444848786406e-01 2.908068659900867221e-04
9.743269546357923305e-01 3.191506440458443034e-04
9.743236643424458832e-01 3.502560820800346250e-04
9.743200441866881611e-01 3.843920721518459690e-04
9.743160619769277719e-01 4.218536441848237304e-04
9.743116825053474983e-01 4.629644959982081708e-04
9.743068672873335112e-01 5.080797653595247113e-04
9.743015742831739878e-01 5.575890663755927838e-04
9.742957576012879484e-01 6.119198143723198445e-04
9.742893671832989488e-01 6.715408652800341311e-04
9.742823484712752613e-01 7.369664974717707318e-04
9.742746420579944111e-01 8.087607659317234835e-04
9.742661833218071443e-01 8.875422605036138593e-04
9.742569020480105202e-01 9.739893017422699252e-04
9.742467220404380512e-01 1.068845609375327884e-03
9.742355607270356543e-01 1.172926479579288958e-03
9.742233287655572838e-01 1.287125507815517359e-03
9.742099296567708899e-01 1.412421893756300164e-03
9.741952593748470779e-01 1.549888363424975794e-03
9.741792060271323717e-01 1.700699740678031455e-03
9.741616495585586621e-01 1.866142194979247696e-03
9.741424615196214720e-01 2.047623184303897382e-03
9.741215049208055143e-01 2.246682100054157079e-03
9.740986342018044253e-01 2.465001603717053864e-03
9.740736953487955097e-01 2.704419621322506472e-03
9.740465261998468849e-01 2.966941929395654036e-03
9.740169569852343834e-01 3.254755222848553214e-03
9.739848111569837652e-01 3.570240498125520565e-03
9.739499065695227387e-01 3.915986510504790123e-03
9.739120570812217492e-01 4.294802968612654835e-03
9.738710746529263274e-01 4.709733007569842124e-03
9.738267720253805937e-01 5.164064329457513682e-03
9.737789660595922436e-01 5.661338211243247855e-03
9.737274818226434592e-01 6.205355351064973171e-03
9.736721574935679469e-01 6.800177250639198763e-03
9.736128501477063768e-01 7.450121513771319412e-03
9.735494424507578071e-01 8.159749082253066332e-03
9.734818502528526096e-01 8.933841041570012714e-03
9.734100310156599267e-01 9.777362230841980459e-03
9.733339929299145155e-01 1.069540851937842395e-02
9.732538044850255199e-01 1.169313432020463971e-02
9.731696041386584950e-01 1.277565677477766719e-02
9.730816096044814234e-01 1.394793316534946419e-02
9.729901261392648326e-01 1.521460861852397609e-02
9.728955530783570671e-01 1.657983220154128287e-02
9.727983877589237993e-01 1.804704123228672435e-02
9.726992259079907388e-01 1.961871615218472448e-02
9.725987575850094657e-01 2.129611171287395383e-02
9.724977578867629591e-01 2.307897444967142719e-02
9.723970718717093176e-01 2.496526122623542177e-02
9.722975935555285831e-01 2.695087857207610627e-02
9.722002393627041661e-01 2.902946687752312738e-02
9.721059170538668415e-01 3.119225631566998128e-02
9.720154918144843226e-01 3.342802157680563324e-02
9.719297517856189117e-01 3.572315917969522137e-02
9.719237184761100323e-01 3.589196830446666348e-02
9.718493757229552665e-01 3.806190370270529089e-02
9.717749055749618226e-01 4.042668786894337840e-02
9.717067265015221222e-01 4.279863701451796371e-02
9.716450562036462735e-01 4.515817294169799379e-02
9.715899444764495296e-01 4.748568800552272623e-02
9.715879083287922713e-01 4.757638106778309256e-02
9.715412827787618388e-01 4.976224011048428764e-02
9.714988225236507180e-01 5.197021518258783390e-02
9.714640783009897973e-01 5.397900813509476370e-02
9.714621999228896243e-01 5.409390661058591926e-02
9.714309647031772466e-01 5.611997069937394583e-02
9.714046099099385989e-01 5.803773161608231229e-02
9.714044611206309465e-01 5.804922759939244725e-02
9.713826002944271343e-01 5.983932604013281892e-02
9.713711637376520880e-01 6.087090919526097488e-02
9.713643973397392273e-01 6.151969395007152869e-02
9.713506785026678747e-01 6.294385509608807494e-02
9.713494796833018752e-01 6.307643532671373954e-02
9.713373584008500039e-01 6.450956153699960449e-02
9.713371821837419873e-01 6.453181239344793485e-02
9.713278229726348689e-01 6.578743459153878204e-02
9.713275872236698527e-01 6.582117432526733702e-02
9.713210688963198614e-01 6.680530049061930709e-02
9.713197682057481686e-01 6.701510511620108190e-02
9.713160368073281425e-01 6.764716893721722801e-02
9.713135536232366807e-01 6.809654376345580795e-02
9.713121883778406129e-01 6.835509345592061248e-02
9.713091802592329627e-01 6.895870760810114686e-02
9.713086449929615451e-01 6.907168024186637056e-02
9.713067850794975255e-01 6.947949812317863461e-02
9.713048474227468088e-01 6.993342621348859478e-02
9.713047900763852605e-01 6.994737631018316248e-02
9.713032581403563404e-01 7.033259738986404053e-02
9.713019387591648179e-01 7.068635994930347333e-02
9.713017786339607218e-01 7.073087784891342322e-02
9.713008316924526264e-01 7.100204799632019170e-02
9.712998939103806295e-01 7.128549638360995311e-02
9.712994375520080936e-01 7.142957306096571479e-02
9.712990927399768326e-01 7.154140530699450162e-02
9.712984030135203284e-01 7.177360340653403392e-02
9.712978050923724016e-01 7.198524088385514774e-02
9.712976258111865047e-01 7.205079734962255289e-02
9.712972834720710047e-01 7.217893343729717137e-02
9.712968257812218953e-01 7.235687103633363371e-02
9.712964220520906578e-01 7.252090116602627479e-02
9.712962296230370773e-01 7.260168254070180349e-02
9.712960641817970364e-01 7.267259327040336003e-02
9.712957455292537956e-01 7.281328916994117550e-02
9.712954606101401600e-01 7.294414289054151901e-02
9.712952048635834501e-01 7.306615241104766345e-02
9.712951579403487079e-01 7.308904610085037445e-02
9.712949744719179268e-01 7.318018518004609785e-02
9.712947662201605326e-01 7.328699878358914399e-02
9.712945773855138354e-01 7.338725780604077320e-02
9.712944056497808676e-01 7.348154767784670360e-02
9.712943384523988755e-01 7.351931493264297901e-02
9.712942490294250719e-01 7.357038612031137348e-02
9.712941058193256261e-01 7.365423266024530291e-02
9.712939745472500830e-01 7.373349658389825867e-02
9.712938539367729218e-01 7.380854362093404453e-02
9.712937428768968484e-01 7.387970158889525796e-02
9.712937141068788138e-01 7.389847797575195554e-02
9.712936403970285903e-01 7.394726518202097976e-02
9.712935456462566952e-01 7.401150005202412896e-02
9.712934578761075466e-01 7.407264630003534966e-02
9.712933764261286740e-01 7.413092147651659247e-02
9.712933007117825479e-01 7.418652316817936354e-02
9.712932401532403670e-01 7.423206199510938574e-02
9.712932302142351926e-01 7.423963123675547671e-02
9.712931644717114343e-01 7.429040976308849686e-02
9.712931030721463355e-01 7.433900874082681465e-02
9.712930456469156537e-01 7.438556555655805036e-02
9.712929918654691352e-01 7.443020628715438236e-02
9.712929414307197584e-01 7.447304684013461573e-02
9.712928940750710227e-01 7.451419395876840435e-02
9.712928816729511361e-01 7.452512540514770467e-02
9.712928495569831400e-01 7.455374611027600074e-02
9.712928076579949721e-01 7.459179427268694540e-02
9.712927681801362123e-01 7.462842263359635575e-02
9.712927309436707457e-01 7.466370921211633316e-02
9.712926957851242271e-01 7.469772641369584742e-02
9.712926625555553528e-01 7.473054152611270651e-02
9.712926311190381856e-01 7.476221716378955717e-02
9.712926115462683363e-01 7.478226561696629804e-02
9.712926013513255574e-01 7.479281166660750602e-02
9.712925731386691242e-01 7.482237945856333450e-02
9.712925463767769774e-01 7.485097137090916675e-02
9.712925209698882734e-01 7.487863493381277658e-02
9.712924968299530004e-01 7.490541464005788519e-02
9.712924738759016741e-01 7.493135218386298702e-02
9.712924520329940803e-01 7.495648667751632355e-02
9.712924312322371856e-01 7.498085484819225210e-02
9.712924114098662187e-01 7.500449121703522959e-02
9.712924087986990473e-01 7.500763609561207634e-02
9.712923925068770448e-01 7.502742826234554130e-02
9.712923744686087213e-01 7.504969656849096171e-02
9.712923572443664666e-01 7.507132496197921334e-02
9.712923407870828196e-01 7.509234063596458009e-02
9.712923250530121067e-01 7.511276926432025602e-02
9.712923100014546618e-01 7.513263510628175046e-02
9.712922955945060277e-01 7.515196110255843720e-02
9.712922817968318023e-01 7.517076896371449601e-02
9.712922685754619145e-01 7.518907925153479888e-02
9.712922572700781743e-01 7.520497000559187017e-02
9.712922558996036626e-01 7.520691145401615929e-02
9.712922437404734044e-01 7.522428405456073330e-02
9.712922320711407931e-01 7.524121459588591077e-02
9.712922208663894441e-01 7.525771973911724033e-02
9.712922101025869281e-01 7.527381531848147123e-02
9.712921997575689748e-01 7.528951639197817292e-02
9.712921898105304486e-01 7.530483728836964707e-02
9.712921802419284267e-01 7.531979165079871752e-02
9.712921710333909386e-01 7.533439247731252286e-02
9.712921621676350314e-01 7.534865215854534559e-02
9.712921536283896096e-01 7.536258251279116804e-02
9.712921454003266009e-01 7.537619481867306737e-02
9.712921445527232800e-01 7.537760796035478106e-02
9.712921374689962306e-01 7.538949984560036621e-02
9.712921298207670695e-01 7.540250788218652578e-02
9.712921224427721878e-01 7.541522876278390630e-02
9.712921153228580851e-01 7.542767189228169467e-02
9.712921084495383939e-01 7.543984626929529924e-02
9.712921018119500260e-01 7.545176050787102962e-02
9.712920953998140927e-01 7.546342285781233727e-02
9.712920892033983788e-01 7.547484122373152027e-02
9.712920832134829263e-01 7.548602318291733337e-02
9.712920774213287256e-01 7.549697600210436566e-02
9.712920718186477398e-01 7.550770665322190101e-02
9.712920663975753710e-01 7.551822182819412088e-02
9.712920611506452584e-01 7.552852795285711074e-02
9.712920611506452584e-01 7.552852795285712462e-02
