# n_s, r predictions of a polynomial alpha attractor model with k=1 and N_\star=63.
9.788288783358820577e-01 7.374785779812242036e-05
9.788288783358820577e-01 7.374785779812240681e-05
9.788281348080392075e-01 8.093738324570596426e-05
9.788273152799296106e-01 8.882773376814611960e-05
9.788264121308997145e-01 9.748721225958898470e-05
9.788254169905983293e-01 1.069907759961890767e-04
9.788243206671398688e-01 1.174206844235974382e-04
9.788231130686100290e-01 1.288672098896279604e-04
9.788217831176800887e-01 1.414294174084431950e-04
9.788203186580176629e-01 1.552160201314100338e-04
9.788187063530949805e-01 1.703463178188351177e-04
9.788169315755064215e-01 1.869512263191711466e-04
9.788149782869672855e-01 2.051744067999811496e-04
9.788128289079622846e-01 2.251735043046348159e-04
9.788104641764474589e-01 2.471215060974852576e-04
9.788078629949225062e-01 2.712082312276810413e-04
9.788050022649729121e-01 2.976419637900280021e-04
9.788018567092254818e-01 3.266512434773415465e-04
9.787983986790629309e-01 3.584868282567512526e-04
9.787945979485976888e-01 3.934238452641428629e-04
9.787904214938073499e-01 4.317641474194267720e-04
9.787858332567291875e-01 4.738388947059583270e-04
9.787807938945415343e-01 5.200113805885831289e-04
9.787752605137656214e-01 5.706801256159149726e-04
9.787691863899923295e-01 6.262822618615605710e-04
9.787625206739739570e-01 6.872972334556980405e-04
9.787552080856476433e-01 7.542508399925091809e-04
9.787471885981711139e-01 8.277196510133574608e-04
9.787383971149233863e-01 9.083358209527572953e-04
9.787287631435130919e-01 9.967923347666619079e-04
9.787182104721000586e-01 1.093848714766879277e-03
9.787066568549117607e-01 1.200337218730163427e-03
9.786940137156220354e-01 1.317169557838226328e-03
9.786801858798872544e-01 1.445344159990716521e-03
9.786650713502675902e-01 1.585953999120233568e-03
9.786485611409176943e-01 1.740195003435955883e-03
9.786305391922809349e-01 1.909375044442689594e-03
9.786108823907234688e-01 2.094923492796704322e-03
9.785894607227265674e-01 2.298401305338618368e-03
9.785661375986395294e-01 2.521511578217453236e-03
9.785407703868375107e-01 2.766110461808041036e-03
9.785132112053512854e-01 3.034218281568178480e-03
9.784833080242107961e-01 3.328030642102890874e-03
9.784509061377970607e-01 3.649929205964770086e-03
9.784158500715046669e-01 4.002491730284663853e-03
9.783779859904924159e-01 4.388500808999108195e-03
9.783371646790298692e-01 4.810950602151322329e-03
9.782932451556831666e-01 5.273050632945773530e-03
9.782460989806742724e-01 5.778225495784349887e-03
9.781956152952318018e-01 6.330109044863046867e-03
9.781417066067915611e-01 6.932531327682013057e-03
9.780843152955273068e-01 7.589496202573361126e-03
9.780234207663281998e-01 8.305147254263149301e-03
9.779590471026821108e-01 9.083719330710218406e-03
9.778912709961939953e-01 9.929472817286216085e-03
9.778202296278769579e-01 1.084660771061842985e-02
9.777461280692453238e-01 1.183915474458052848e-02
9.776692456595560410e-01 1.291084136554909029e-02
9.775899407119638118e-01 1.406493137632349073e-02
9.775086528220134907e-01 1.530403868918255549e-02
9.774259020177490376e-01 1.662991794164419765e-02
9.773422840259032851e-01 1.804323776163543891e-02
9.772584610574216457e-01 1.954334613749655197e-02
9.771751477572619971e-01 2.112804140536795119e-02
9.770930923252718614e-01 2.279336636295520649e-02
9.770130532844847338e-01 2.453344629551689263e-02
9.769357729116826539e-01 2.634039343553296400e-02
9.768619488854941579e-01 2.820429970821297302e-02
9.768567325048266303e-01 2.834176000849015706e-02
9.767922061595488703e-01 3.011333583082046947e-02
9.767270713335105548e-01 3.205396762125910237e-02
9.766669517883386220e-01 3.401129004053247973e-02
9.766121215280674228e-01 3.596946710323416230e-02
9.765627150437086179e-01 3.791225308398974564e-02
9.765608816689764771e-01 3.798818429907462740e-02
9.765187296664000760e-01 3.982355957143171588e-02
9.764800359434551158e-01 4.168802594825771202e-02
9.764481267534655951e-01 4.339371224246108688e-02
9.764463947131160060e-01 4.349154928089562361e-02
9.764174789178221570e-01 4.522173384210140257e-02
9.763928978767610900e-01 4.686822985210644527e-02
9.763927585773303219e-01 4.687812590331869034e-02
9.763722217600704356e-01 4.842294380102797613e-02
9.763614178551427436e-01 4.931668999871462178e-02
9.763550043225874830e-01 4.988011664732375922e-02
9.763419471445513587e-01 5.112054663515160774e-02
9.763408024676079044e-01 5.123627902054731648e-02
9.763291918037360073e-01 5.249010253828080563e-02
9.763290224859000332e-01 5.250961034576084874e-02
9.763200056912241243e-01 5.361248178620934418e-02
9.763197779240545549e-01 5.364217251380488244e-02
9.763134664188586331e-01 5.450948490607588487e-02
9.763122035993505587e-01 5.469470955794739075e-02
9.763085739515465766e-01 5.525341394831411596e-02
9.763061523978521228e-01 5.565126641347856867e-02
9.763048187954584956e-01 5.588041212120006818e-02
9.763018743020125401e-01 5.641606335084979607e-02
9.763013494187665620e-01 5.651642275509263791e-02
9.762995231941736796e-01 5.687898935746669299e-02
9.762976163812547847e-01 5.728306887442854295e-02
9.762975598767028584e-01 5.729549571140633846e-02
9.762960488004465143e-01 5.763885828511306625e-02
9.762947446877786595e-01 5.795453019228381103e-02
9.762945862321960044e-01 5.799427848238612737e-02
9.762936482940207661e-01 5.823651065793134657e-02
9.762927178603870715e-01 5.848992230361832467e-02
9.762922644655845916e-01 5.861881436685339314e-02
9.762919216084190444e-01 5.871889897095255995e-02
9.762912350095138692e-01 5.892681339300087640e-02
9.762906388877934383e-01 5.911644470725668093e-02
9.762904599684165685e-01 5.917520923624811774e-02
9.762901180778092991e-01 5.929010357897937511e-02
9.762896604590928229e-01 5.944972694666664226e-02
9.762892562513154626e-01 5.959695066172908395e-02
9.762890634013203783e-01 5.966948219840547546e-02
9.762888974926597907e-01 5.973316581586066154e-02
9.762885776489323986e-01 5.985956287655497948e-02
9.762882913172719057e-01 5.997716660289069412e-02
9.762880339991690803e-01 6.008686391336738597e-02
9.762879867544472789e-01 6.010745190329339765e-02
9.762878019248707462e-01 6.018942631183621383e-02
9.762875919162962157e-01 6.028552807243067746e-02
9.762874012791061817e-01 6.037576109073902048e-02
9.762872277170515645e-01 6.046064709320085606e-02
9.762871597534591439e-01 6.049465454324113450e-02
9.762870692634971759e-01 6.054064773726325344e-02
9.762869242262965930e-01 6.061617301556521120e-02
9.762867911431235557e-01 6.068758828738583799e-02
9.762866687450546532e-01 6.075522019204614155e-02
9.762865559267061011e-01 6.081936164633629932e-02
9.762865266826004085e-01 6.083628892315036396e-02
9.762864517216119919e-01 6.088027608734924989e-02
9.762863552818173973e-01 6.093820109040041372e-02
9.762862658608836286e-01 6.099335146685204434e-02
9.762861827996659470e-01 6.104592192703627712e-02
9.762861055143639000e-01 6.109608937788502114e-02
9.762860436453121293e-01 6.113718383552122632e-02
9.762860334864330580e-01 6.114401491242590220e-02
9.762859662540386285e-01 6.118984553830560114e-02
9.762859034047847162e-01 6.123371568442614182e-02
9.762858445695081766e-01 6.127574851823151814e-02
9.762857894169614248e-01 6.131605710083987137e-02
9.762857376492420913e-01 6.135474540284152623e-02
9.762856889978520636e-01 6.139190919998589735e-02
9.762856762489927620e-01 6.140178319816286256e-02
9.762856432202889900e-01 6.142763686500697651e-02
9.762856000970897563e-01 6.146201006937287298e-02
9.762855594292577655e-01 6.149510440669175154e-02
9.762855210360195102e-01 6.152698994779275815e-02
9.762854847528624758e-01 6.155773173606129273e-02
9.762854504298145164e-01 6.158739023040048916e-02
9.762854179299325086e-01 6.161602170216656099e-02
9.762853976802104983e-01 6.163414485499781742e-02
9.762853871279693063e-01 6.164367859156361096e-02
9.762853579091991252e-01 6.167040982824752854e-02
9.762853301683763751e-01 6.169626112026368320e-02
9.762853038088133983e-01 6.172127521490795160e-02
9.762852787415605693e-01 6.174549213464426006e-02
9.762852548846771006e-01 6.176894939081669506e-02
9.762852321625803409e-01 6.179168217755799664e-02
9.762852105054641294e-01 6.181372354800217933e-02
9.762851898487783231e-01 6.183510457465723337e-02
9.762851871263342751e-01 6.183794949169051092e-02
9.762851701327626142e-01 6.185585449557536725e-02
9.762851513020273098e-01 6.187600084776563591e-02
9.762851333051764113e-01 6.189556958913046414e-02
9.762851160944675533e-01 6.191458521006114324e-02
9.762850996255064695e-01 6.193307083570114002e-02
9.762850838569692158e-01 6.195104831977520099e-02
9.762850687503518143e-01 6.196853833078495855e-02
9.762850542697434353e-01 6.198556043128591875e-02
9.762850403816198952e-01 6.200213315088514560e-02
9.762850284961026581e-01 6.201651669919120563e-02
9.762850270546568066e-01 6.201827405353172590e-02
9.762850142595586034e-01 6.203399979961562311e-02
9.762850019689038872e-01 6.204932620333390714e-02
9.762849901570040956e-01 6.206426828574195670e-02
9.762849787997729401e-01 6.207884032386264128e-02
9.762849678746098325e-01 6.209305589619108778e-02
9.762849573602910835e-01 6.210692792490000308e-02
9.762849472368703152e-01 6.212046871502168582e-02
9.762849374855883111e-01 6.213368999085597255e-02
9.762849280887895276e-01 6.214660292983061052e-02
9.762849190298448221e-01 6.215921819402003140e-02
9.762849102930811762e-01 6.217154595950889762e-02
9.762849093926192490e-01 6.217282577820575085e-02
9.762849018637170806e-01 6.218359594377043109e-02
9.762848937278023609e-01 6.219537743121488632e-02
9.762848858721627776e-01 6.220689929704840276e-02
9.762848782843489559e-01 6.221817002957211185e-02
9.762848709525896451e-01 6.222919775103842588e-02
9.762848638657476430e-01 6.223999023717276258e-02
9.762848570132797166e-01 6.225055493545891827e-02
9.762848503851990767e-01 6.226089898227906566e-02
9.762848439720404059e-01 6.227102921899021343e-02
9.762848377648278841e-01 6.228095220701442697e-02
9.762848317550451016e-01 6.229067424201206737e-02
9.762848259346078583e-01 6.230020136720240687e-02
9.762848202958371857e-01 6.230953938589107316e-02
9.762848202958371857e-01 6.230953938589107316e-02
