# n_s, r predictions of a polynomial alpha attractor model with k=3 and N_\star=56.
9.714102202128171992e-01 9.528580671673190193e-05
9.714102202128171992e-01 9.528580671673190193e-05
9.714083527144282693e-01 1.027533364149588348e-04
9.714063195089764902e-01 1.108072721071215282e-04
9.714041067681217223e-01 1.194938597743320271e-04
9.714016995416794309e-01 1.288630252125672797e-04
9.713990816670440287e-01 1.389686722261376849e-04
9.713962356714219704e-01 1.498690058620444766e-04
9.713931426655357804e-01 1.616268829380228527e-04
9.713897822292101303e-01 1.743101923233602300e-04
9.713861322868438952e-01 1.879922676996937097e-04
9.713821689728582287e-01 2.027523357924511632e-04
9.713778664856919098e-01 2.186760033823599895e-04
9.713731969295253954e-01 2.358557867532352437e-04
9.713681301426067005e-01 2.543916876230600788e-04
9.713626335109415422e-01 2.743918200464106824e-04
9.713566717660025995e-01 2.959730932716277195e-04
9.713502067649660843e-01 3.192619560964311842e-04
9.713431972519435131e-01 3.443952088980616077e-04
9.713355985982522478e-01 3.715208902319604893e-04
9.713273625199482231e-01 4.007992457077238298e-04
9.713184367702547561e-01 4.324037877780651526e-04
9.713087648046456746e-01 4.665224561322089112e-04
9.712982854158146440e-01 5.033588895932731514e-04
9.712869323356808637e-01 5.431338217991883840e-04
9.712746338011855052e-01 5.860866145314418867e-04
9.712613120803348377e-01 6.324769443746147300e-04
9.712468829546161420e-01 6.825866604844293018e-04
9.712312551534536542e-01 7.367218336563709008e-04
9.712143297360827932e-01 7.952150196772047935e-04
9.712025816246696586e-01 8.357435533466535567e-04
9.711959994156923459e-01 8.584277631661380720e-04
9.711761478202906028e-01 9.267533718549972018e-04
9.711546486842932424e-01 1.000619995592884511e-03
9.711313649643951162e-01 1.080494049401021237e-03
9.711061478728982843e-01 1.166884025766848050e-03
9.710788358213190419e-01 1.260344748185899134e-03
9.710492532669027232e-01 1.361482125903286725e-03
9.710172094546175581e-01 1.470958479055925429e-03
9.709824970474244532e-01 1.589498514183691020e-03
9.709448906382077693e-01 1.717896042600786403e-03
9.709323837908518939e-01 1.760597743665495317e-03
9.709041451378488397e-01 1.857021548669555901e-03
9.708599940357000024e-01 2.007830731881142007e-03
9.708121475314227533e-01 2.171374166141603300e-03
9.707602905409689065e-01 2.348808242108705018e-03
9.707040805848298204e-01 2.541407584148103020e-03
9.706431455737366543e-01 2.750579162776487559e-03
9.706246542877797756e-01 2.814142342267685927e-03
9.705770815161576248e-01 2.977878356596696391e-03
9.705054501834287084e-01 3.225027254873881651e-03
9.704277767822174772e-01 3.493935533144982251e-03
9.703435477001329801e-01 3.786724279529347578e-03
9.702876070220980420e-01 3.981916470650691438e-03
9.702522084080382747e-01 4.105753198546380905e-03
9.701531616208305397e-01 4.453651671950244889e-03
9.700457658353680568e-01 4.833354212031642019e-03
9.699293343773669474e-01 5.248140901721477965e-03
9.699262463121891553e-01 5.259188714608430300e-03
9.698031350957508900e-01 5.701683477488168721e-03
9.696663908407285870e-01 6.198097775338169170e-03
9.695445681869544474e-01 6.644977036056077223e-03
9.695182808500655280e-01 6.742003326747291435e-03
9.693579431483975162e-01 7.338590958505540433e-03
9.691844780448042318e-01 7.993699313132193729e-03
9.691461369671335868e-01 8.139914351705940243e-03
9.689969528041125768e-01 8.713901254721963599e-03
9.687944075855287052e-01 9.506601138106519217e-03
9.687342099450900745e-01 9.745286393620811866e-03
9.685758628030255446e-01 1.038014386416200550e-02
9.683403281776873373e-01 1.134393647064304601e-02
9.683117405569523495e-01 1.146255042976135341e-02
9.680868139248417492e-01 1.240858264607551560e-02
9.678813762524907105e-01 1.329307568366679820e-02
9.678143447353174667e-01 1.358602991301391047e-02
9.675219774464577371e-01 1.488972819043303357e-02
9.674454796387756961e-01 1.523798639064913307e-02
9.672088235201864448e-01 1.633479687019403007e-02
9.670061668608738170e-01 1.729805108301873603e-02
9.668740776178950114e-01 1.793819525170369661e-02
9.665653503541824509e-01 1.947359355019889424e-02
9.665170536503532306e-01 1.971888795725537311e-02
9.661372296515829960e-01 2.169799254692535845e-02
9.661247769497246507e-01 2.176441640542955969e-02
9.657343026381211004e-01 2.389889069809718672e-02
9.656860574894099436e-01 2.416973490738254932e-02
9.653082542135910105e-01 2.634727677208183530e-02
9.652506875427155908e-01 2.668812121678076910e-02
9.648594269853019156e-01 2.907110824184425471e-02
9.648200604336671926e-01 2.931746004554946008e-02
9.643954742769208499e-01 3.205491677027818426e-02
9.643886107745889280e-01 3.210041146192438993e-02
9.639781346765016190e-01 3.489691895145901473e-02
9.638971360156334267e-01 3.546688430411488319e-02
9.635691545030009575e-01 3.783915196385002205e-02
9.633869695548552547e-01 3.920322579599225948e-02
9.631695518948808488e-01 4.087656914116868240e-02
9.628608052608209622e-01 4.334211488045021377e-02
9.627802473856796883e-01 4.400341648589164989e-02
9.624020608552933398e-01 4.721327160534578155e-02
9.623221385522189308e-01 4.791476021807286600e-02
9.620357088362444520e-01 5.049909612678395859e-02
9.617753105137363256e-01 5.294895686529437623e-02
9.616818025673703474e-01 5.385330043782893261e-02
9.613408470701630959e-01 5.726781921834202260e-02
9.612255044040349805e-01 5.846662139826912241e-02
9.610132414222315456e-01 6.073419589758057707e-02
9.606992803148632909e-01 6.424367390649494969e-02
9.606786761740541136e-01 6.448084227771025412e-02
9.603991569060663647e-01 6.778729241439920838e-02
9.601414025372758676e-01 7.099258151048890020e-02
9.601129669163100955e-01 7.135598415169359943e-02
9.598407138615502321e-01 7.494067292914388667e-02
9.596206366204491633e-01 7.798729362259855524e-02
9.595823152771622011e-01 7.853236856645250119e-02
9.593376097571441052e-01 8.212225712972318070e-02
9.591233731590872447e-01 8.543187183665781892e-02
9.591063646150291833e-01 8.570178463535822744e-02
9.588882839656690527e-01 8.926273268993406562e-02
9.586830170292912623e-01 9.279728488274800735e-02
9.586562420906116211e-01 9.327245509548655333e-02
9.584901664695848478e-01 9.629808311065606030e-02
9.583092965943906805e-01 9.975827337517860494e-02
9.582250686195568079e-01 1.014336838903409505e-01
9.581399412691365969e-01 1.031715409334169192e-01
9.579816114177515107e-01 1.065321349938133239e-01
9.578344544986990838e-01 1.098199251296033546e-01
9.578338020118017937e-01 1.098348834154022347e-01
9.576959984746266086e-01 1.130751980886525176e-01
9.575676824521234254e-01 1.162490718445167576e-01
9.574874432382509681e-01 1.183187629987193651e-01
9.574483369246704623e-01 1.193530678560693892e-01
9.573374506548228968e-01 1.223843025669278800e-01
9.572345219825370011e-01 1.253404232071452795e-01
9.571853260671867591e-01 1.268066854743501171e-01
9.571390619935897792e-01 1.282195809464069802e-01
9.570505970976224130e-01 1.310204006928127329e-01
9.569686710600173729e-01 1.337419484801205261e-01
9.569276243377753399e-01 1.351564565855469802e-01
9.568928465369053171e-01 1.363836973037022560e-01
9.568227061653205023e-01 1.389454921717332148e-01
9.567578532612844855e-01 1.414275150386022362e-01
9.567122518247470619e-01 1.432452733404553091e-01
9.566979121777298145e-01 1.438302501868378158e-01
9.566425283720917383e-01 1.461544505254781523e-01
9.565913682303791576e-01 1.484011051796660929e-01
9.565441186909159343e-01 1.505714086602327473e-01
9.565358259731873147e-01 1.509625916839766879e-01
9.565004867069399896e-01 1.526667318244461502e-01
9.564601985830889497e-01 1.546885947706205799e-01
9.564229992166314309e-01 1.566386417500886807e-01
9.563940709734199963e-01 1.582165481141687979e-01
9.563886512702581832e-01 1.585186181299826635e-01
9.563569342994149292e-01 1.603303493988474937e-01
9.563276438535955881e-01 1.620757221737213760e-01
9.563005905677673946e-01 1.637566671411459507e-01
9.562822449579735373e-01 1.649381953147741053e-01
9.562755992571704278e-01 1.653751438448231026e-01
9.562525080261535804e-01 1.669331272184475801e-01
9.562311673994143835e-01 1.684325957528732265e-01
9.562114394821142893e-01 1.698755211810517030e-01
9.561955299955008369e-01 1.710832176601164989e-01
9.561931971535255759e-01 1.712638595626225224e-01
9.561763232976455695e-01 1.725995436495277313e-01
9.561607100728480857e-01 1.738844764173944624e-01
9.561462582217775674e-01 1.751205256509615893e-01
9.561328764218619547e-01 1.763095194771953367e-01
9.561293423504648725e-01 1.766312578353656515e-01
9.561204806761955943e-01 1.774532427457030104e-01
9.561089937440448994e-01 1.785534341625506505e-01
9.560983446098515470e-01 1.796117840903322105e-01
9.560884679893264515e-01 1.806299329341831128e-01
9.560795440027600733e-01 1.815833452909591250e-01
9.560793038710194702e-01 1.816094700401806872e-01
9.560707970916262344e-01 1.825519330391528749e-01
9.560628969432031221e-01 1.834588075752257574e-01
9.560555568104313062e-01 1.843315273644278163e-01
9.560487338360679210e-01 1.851714745342910029e-01
9.560425574416143712e-01 1.859581037755888011e-01
9.560423886127485948e-01 1.859799802006310565e-01
9.560364848993504472e-01 1.867583252425401019e-01
9.560309893601891540e-01 1.875077412410777744e-01
9.560258713253962926e-01 1.882294115512276045e-01
9.560211025708988952e-01 1.889244724803898212e-01
9.560166571165167326e-01 1.895940145500306373e-01
9.560153999104618050e-01 1.897874282455314088e-01
9.560125110407703408e-01 1.902390838201431233e-01
9.560086423110867315e-01 1.908606832588780611e-01
9.560050306281737686e-01 1.914597741421391330e-01
9.560016572834174609e-01 1.920372774700982721e-01
9.559985050282400199e-01 1.925940753895043489e-01
9.559956596314803656e-01 1.931122081249496691e-01
9.559955579544331394e-01 1.931310126123718107e-01
9.559928013845541139e-01 1.936488978231235836e-01
9.559902217715453565e-01 1.941485050675930413e-01
9.559878066068013824e-01 1.946305751184438937e-01
9.559855443359693838e-01 1.950958168125804526e-01
9.559834242818292527e-01 1.955449083570012792e-01
9.559814365736496455e-01 1.959784986003119123e-01
9.559814365736496455e-01 1.959784986003119123e-01
