# n_s, r predictions of a polynomial alpha attractor model with k=1 and N_\star=53.
9.748341517338133810e-01 9.285915037364134085e-05
9.748341517338133810e-01 9.285915037364134085e-05
9.748332391456155932e-01 1.019116081924178357e-04
9.748322325988543202e-01 1.118464534651511706e-04
9.748311226294688048e-01 1.227496781595975833e-04
9.748298988400597720e-01 1.347156508435576642e-04
9.748285498104433122e-01 1.478479319087399506e-04
9.748270629999630232e-01 1.622601679668584209e-04
9.748254246410301693e-01 1.780770730642811702e-04
9.748236196231127026e-01 1.954355050928636268e-04
9.748216313663583543e-01 2.144856465675044151e-04
9.748194416844107035e-01 2.353922998043367235e-04
9.748170306351007230e-01 2.583363074834466510e-04
9.748143763586608612e-01 2.835161105938267811e-04
9.748114549024012865e-01 3.111494568786506197e-04
9.748082400310574824e-01 3.414752740966702665e-04
9.748047030220142739e-01 3.747557237158844748e-04
9.748008124446269074e-01 4.112784520529521475e-04
9.747965339229912596e-01 4.513590573660138214e-04
9.747918298813607052e-01 4.953437930113356114e-04
9.747866592721117218e-01 5.436125284508142074e-04
9.747809772856479427e-01 5.965819916868885311e-04
9.747747350424622592e-01 6.547093185334397058e-04
9.747678792676723880e-01 7.184959360239066969e-04
9.747603519488710067e-01 7.884918091511265237e-04
9.747520899785407922e-01 8.653000819926396194e-04
9.747430247836350592e-01 9.495821459812641080e-04
9.747330819446045069e-01 1.042063169648491409e-03
9.747221808087972450e-01 1.143538125262043292e-03
9.747102341033654360e-01 1.254878348447767888e-03
9.746971475550925135e-01 1.377038666693188853e-03
9.746828195264469752e-01 1.511065131356639779e-03
9.746671406796841852e-01 1.658103384986351139e-03
9.746499936837542677e-01 1.819407690839794757e-03
9.746312529823598636e-01 1.996350643758656659e-03
9.746107846453869739e-01 2.190433570102604324e-03
9.745884463311271784e-01 2.403297608014941765e-03
9.745640873916532332e-01 2.636735436535665982e-03
9.745375491602349394e-01 2.892703590960920765e-03
9.745086654662289405e-01 3.173335260213979055e-03
9.744772634303140446e-01 3.480953406923985131e-03
9.744431646002770231e-01 3.818083979154563747e-03
9.744061864952854313e-01 4.187468890211695771e-03
9.743661446329840992e-01 4.592078325426510697e-03
9.743228551193524600e-01 5.035121787156766025e-03
9.742761378836906072e-01 5.520057106731265407e-03
9.742258206398078935e-01 6.050596429927546788e-03
9.741717436471863945e-01 6.630707917531296174e-03
9.741137653305561583e-01 7.264611593617656578e-03
9.740517687903988975e-01 7.956767424742536288e-03
9.739856691977186731e-01 8.711853333221601658e-03
9.739154220114375482e-01 9.534730456891528025e-03
9.738410318835133417e-01 1.043039259980617535e-02
9.737625620250595082e-01 1.140389652420425830e-02
9.736801436955149214e-01 1.246026958779752371e-02
9.735939853513639886e-01 1.360439132936115507e-02
9.735043808565490009e-01 1.484084607342033707e-02
9.734117160264633695e-01 1.617374460329451535e-02
9.733164726678952272e-01 1.760651458909222311e-02
9.732192292122063826e-01 1.914166188103145344e-02
9.731206570455932514e-01 2.078050805795837383e-02
9.730215117481858522e-01 2.252291371377353538e-02
9.729226186888406680e-01 2.436700165762276452e-02
9.728248527997553907e-01 2.630889905918467123e-02
9.727291128693964506e-01 2.834252189847629930e-02
9.726362913099881879e-01 3.045942796658986096e-02
9.725472410097695253e-01 3.264876508013620643e-02
9.724627414723554519e-01 3.489733817245047748e-02
9.724567929792874432e-01 3.506276725189513138e-02
9.723834668596873509e-01 3.718981192117400136e-02
9.723099586806336347e-01 3.950905462244116984e-02
9.722426056288950846e-01 4.183661503775820689e-02
9.721816324594493297e-01 4.415330870578525191e-02
9.721270988690758896e-01 4.643987614913484829e-02
9.721250832048023982e-01 4.652900044255415396e-02
9.720789082537917292e-01 4.867766508632725281e-02
9.720368251393901593e-01 5.084928427618523594e-02
9.720023630689709204e-01 5.282607935940653726e-02
9.720004992068689287e-01 5.293917902364318057e-02
9.719694933025463390e-01 5.493408734582373720e-02
9.719433126951599888e-01 5.682334971244620836e-02
9.719431648343326291e-01 5.683467779550523125e-02
9.719214330940052493e-01 5.859906162699310417e-02
9.719100578309456395e-01 5.961621656393581437e-02
9.719033254770035324e-01 6.025607434729299966e-02
9.718896701128993953e-01 6.166104088627395730e-02
9.718884764613511251e-01 6.179186238925146041e-02
9.718764036469427214e-01 6.320628558976655598e-02
9.718762280806553244e-01 6.322825051911426519e-02
9.718669009735018127e-01 6.446795973576988081e-02
9.718666659672737795e-01 6.450127790526700988e-02
9.718601667552581036e-01 6.547324728227385537e-02
9.718588695307842640e-01 6.568049516870443083e-02
9.718551473692235154e-01 6.630493096226421079e-02
9.718526697080805965e-01 6.674895070866999902e-02
9.718513072690162513e-01 6.700444506960452629e-02
9.718483047067931757e-01 6.760099953439188680e-02
9.718477703325663075e-01 6.771266230154036891e-02
9.718459132721296578e-01 6.811578175410225311e-02
9.718439781478026562e-01 6.856453559205265280e-02
9.718439208690281550e-01 6.857832759971174696e-02
9.718423905693628351e-01 6.895920501607523401e-02
9.718410723166378551e-01 6.930901581142914769e-02
9.718409123092353052e-01 6.935303894124389412e-02
9.718399659732513962e-01 6.962120752020285741e-02
9.718390286262852396e-01 6.990154086399932853e-02
9.718385724151601401e-01 7.004404296545677089e-02
9.718382276843652301e-01 7.015465711823438977e-02
9.718375380375443573e-01 7.038433751211636835e-02
9.718369400886028853e-01 7.059369367316177535e-02
9.718367607801523533e-01 7.065854608677989146e-02
9.718364183630929798e-01 7.078530959984220827e-02
9.718359605115680644e-01 7.096134897329188507e-02
9.718355565824672304e-01 7.112363729661902445e-02
9.718353640373332825e-01 7.120356371031286158e-02
9.718351984849004088e-01 7.127372549288100989e-02
9.718348795867121082e-01 7.141293966846939956e-02
9.718345944102564360e-01 7.154242043069773682e-02
9.718343383996566054e-01 7.166315423163432952e-02
9.718342914243600639e-01 7.168580902517082687e-02
9.718341077409854423e-01 7.177599856339297868e-02
9.718338992220515449e-01 7.188170236766756871e-02
9.718337101221311558e-01 7.198092268764183510e-02
9.718335381245561955e-01 7.207423834546428099e-02
9.718334708190264903e-01 7.211161610448871273e-02
9.718333812469017730e-01 7.216216124729329939e-02
9.718332377848407644e-01 7.224514578256763242e-02
9.718331062666897280e-01 7.232359668211144066e-02
9.718329854163849646e-01 7.239787562207400384e-02
9.718328741231484491e-01 7.246830680120133761e-02
9.718328452906082049e-01 7.248689165515971589e-02
9.718327714164957110e-01 7.253518167296282848e-02
9.718326764455410549e-01 7.259876297827488889e-02
9.718325884617734500e-01 7.265928819653259818e-02
9.718325068046559378e-01 7.271697251054563826e-02
9.718324308895310848e-01 7.277201136343304511e-02
9.718323701643190038e-01 7.281708988188433096e-02
9.718323601974196979e-01 7.282458267152668030e-02
9.718322942663837338e-01 7.287484874609351237e-02
9.718322326841826175e-01 7.292295796762181259e-02
9.718321750820094751e-01 7.296904624906061509e-02
9.718321211291268691e-01 7.301323831841181888e-02
9.718320705282592620e-01 7.305564884617210542e-02
9.718320230116227476e-01 7.309638343908750335e-02
9.718320105665012587e-01 7.310720537341348912e-02
9.718319783374915755e-01 7.313553951835795319e-02
9.718319362872228639e-01 7.317320709766952924e-02
9.718318966626684485e-01 7.320946947413634054e-02
9.718318592839191306e-01 7.324440384331819265e-02
9.718318239873328102e-01 7.327808184787186485e-02
9.718317906238064241e-01 7.331057006804510279e-02
9.718317590572580489e-01 7.334193046107966019e-02
9.718317394018261002e-01 7.336177953711306432e-02
9.718317291632898591e-01 7.337222075562750689e-02
9.718317008280089597e-01 7.340149480646260272e-02
9.718316739469847754e-01 7.342980291407544269e-02
9.718316484243231246e-01 7.345719211314000185e-02
9.718316241718466530e-01 7.348370643333437813e-02
9.718316011083636408e-01 7.350938713555751902e-02
9.718315791590167452e-01 7.353427292620767775e-02
9.718315582547011333e-01 7.355840015186410064e-02
9.718315383315446754e-01 7.358180297643121537e-02
9.718315357069431393e-01 7.358491679359427384e-02
9.718315193304410959e-01 7.360451354256082601e-02
9.718315011966310868e-01 7.362656211895779457e-02
9.718314838793260524e-01 7.364797723498699156e-02
9.718314673313692698e-01 7.366878580384232655e-02
9.718314515089290229e-01 7.368901323539506221e-02
9.718314363712236004e-01 7.370868353971662956e-02
9.718314218802701632e-01 7.372781942216265205e-02
9.718314080006589251e-01 7.374644237081057208e-02
9.718313946993482055e-01 7.376457273695799510e-02
9.718313833244520694e-01 7.378030742337593484e-02
9.718313819454763580e-01 7.378222980931681274e-02
9.718313697101939042e-01 7.379943188247042873e-02
9.718313579665075475e-01 7.381619632010649745e-02
9.718313466891400632e-01 7.383253961348335004e-02
9.718313358544016234e-01 7.384847743554492916e-02
9.718313254400722245e-01 7.386402469105640689e-02
9.718313154252936625e-01 7.387919556309915925e-02
9.718313057904718333e-01 7.389400355622825767e-02
9.718312965171861384e-01 7.390846153657032458e-02
9.718312875881063295e-01 7.392258176911019329e-02
9.718312789869166801e-01 7.393637595239527238e-02
9.718312706982458193e-01 7.394985525086228417e-02
9.718312698443460906e-01 7.395125458766474424e-02
9.718312627076020060e-01 7.396303032497617003e-02
9.718312550013146200e-01 7.397591135934945827e-02
9.718312475664779848e-01 7.398850808900107878e-02
9.718312403909019626e-01 7.400082982389447062e-02
9.718312334630645477e-01 7.401288547188619726e-02
9.718312267720687903e-01 7.402468356020354412e-02
9.718312203076031608e-01 7.403623225555991394e-02
9.718312140599038029e-01 7.404753938300841221e-02
9.718312080197205605e-01 7.405861244362392515e-02
9.718312021782850030e-01 7.406945863109827555e-02
9.718311965272810049e-01 7.408008484732642174e-02
9.718311910588172120e-01 7.409049771705274179e-02
9.718311857654008401e-01 7.410070360164466852e-02
9.718311857654008401e-01 7.410070360164465464e-02
