# n_s, r predictions of a polynomial alpha attractor model with k=4 and N_\star=55.
9.696924538480261591e-01 3.741827693418256278e-05
9.696924538480427014e-01 3.741827693418256278e-05
9.696917032547729409e-01 4.040806673089472563e-05
9.696908752554596056e-01 4.363696776948258711e-05
9.696899629206398030e-01 4.712414190794128111e-05
9.696889587365695728e-01 5.089029325979213742e-05
9.696878545576586017e-01 5.495779345497343930e-05
9.696866415538153428e-01 5.935081727185086137e-05
9.696853101544321563e-01 6.409548951988419782e-05
9.696838499871858197e-01 6.922004415115624648e-05
9.696822498119250788e-01 7.475499665868943946e-05
9.696804974491084472e-01 8.073333092347093217e-05
9.696785797019870090e-01 8.719070178020646715e-05
9.696764822726229305e-01 9.416565469215825107e-05
9.696741896701945862e-01 1.016998640663863563e-04
9.696716851121152114e-01 1.098383918759449437e-04
9.696689504162810946e-01 1.186299684421263974e-04
9.696659658845250274e-01 1.281272973916902820e-04
9.696627101752787192e-01 1.383873870351726436e-04
9.696591601656272541e-01 1.494719106193764053e-04
9.696552908013483796e-01 1.614475981819146744e-04
9.696510749333056012e-01 1.743866630209632801e-04
9.696464831395854578e-01 1.883672661165802635e-04
9.696414835316937708e-01 2.034740222106156001e-04
9.696360415426746870e-01 2.197985516707863355e-04
9.696301196967711533e-01 2.374400827189814347e-04
9.696291924575571874e-01 2.401919183356007650e-04
9.696236773569731904e-01 2.565061091620964495e-04
9.696166704495277067e-01 2.771131093420253983e-04
9.696090511622640351e-01 2.993873327326214287e-04
9.696007676143898468e-01 3.234656613857504141e-04
9.695917634942738950e-01 3.494965543406319667e-04
9.695819776620606678e-01 3.776410841424683411e-04
9.695713437131872059e-01 4.080740758041043366e-04
9.695597894978026376e-01 4.409853599440593337e-04
9.695472365923514246e-01 4.765811533781989860e-04
9.695353685273971900e-01 5.101001813664425739e-04
9.695335997164173936e-01 5.150855823484686881e-04
9.695187860892574561e-01 5.567423656711034674e-04
9.695026947186926591e-01 6.018166776126918950e-04
9.694852156142262922e-01 6.505972132223105135e-04
9.694662289152613521e-01 7.033984822784570146e-04
9.694456039240972878e-01 7.605633620385089970e-04
9.694231980323833042e-01 8.224659437051813626e-04
9.694215443706861723e-01 8.270271934881865544e-04
9.693988555268532314e-01 8.895147131928603408e-04
9.693724062614119674e-01 9.621561132823671378e-04
9.693436641772755769e-01 1.040878542267309687e-03
9.693124256539581429e-01 1.126216853419165394e-03
9.692914624054145278e-01 1.183370642436923099e-03
9.692784676708132707e-01 1.218757430757515161e-03
9.692415457565165537e-01 1.319143929891266253e-03
9.692013917034515424e-01 1.428083788429796407e-03
9.691577110215959800e-01 1.546355629364291710e-03
9.691470028255935176e-01 1.575316570673841732e-03
9.691101801065042931e-01 1.674817703259480267e-03
9.690584430964223062e-01 1.814417541864779852e-03
9.690021083960878023e-01 1.966203027530017897e-03
9.689892521448753016e-01 2.000815403924936873e-03
9.689407448495245267e-01 2.131335120461133950e-03
9.688738775534403436e-01 2.311102530121873690e-03
9.688188982794533333e-01 2.458817661983616655e-03
9.688009833161026485e-01 2.506938668977798726e-03
9.687214857874456575e-01 2.720441286843912863e-03
9.686364191969555337e-01 2.948912209190359193e-03
9.686347503145553706e-01 2.953395253095854323e-03
9.685400786145142993e-01 3.207799032191297264e-03
9.684421889896164259e-01 3.471127940521804168e-03
9.684367034035687993e-01 3.485895485479930268e-03
9.683237831754402114e-01 3.790207729239735302e-03
9.682365437534766750e-01 4.025812008989544492e-03
9.682003973761960092e-01 4.123580885807231339e-03
9.680655422672006516e-01 4.489230683636951172e-03
9.680198236653310140e-01 4.613547740341056649e-03
9.679181277831764296e-01 4.890799998550319182e-03
9.677923980302882700e-01 5.235095225024756146e-03
9.677569756568160653e-01 5.332424593147446629e-03
9.675808189725682018e-01 5.818809522714100610e-03
9.675546766265393783e-01 5.891346498301912316e-03
9.673883031196748306e-01 6.355317959799024197e-03
9.673071099584037436e-01 6.583291430141364163e-03
9.671779878562547506e-01 6.948074574983866339e-03
9.670501814101514215e-01 7.311992289639523100e-03
9.669483499320237208e-01 7.604086120249159073e-03
9.667843947461965959e-01 8.078565533709697322e-03
9.666977855505076711e-01 8.331382493651102658e-03
9.665102603447530694e-01 8.884169383574098619e-03
9.664246120023602948e-01 9.139182284325126845e-03
9.662282828642750898e-01 9.729995653422909493e-03
9.661270681571646479e-01 1.003808753060950361e-02
9.659389519701687687e-01 1.061726432634295739e-02
9.658033141607442751e-01 1.104031307072093730e-02
9.656427366661347600e-01 1.154721958330686034e-02
9.654514315419868709e-01 1.215995631742028925e-02
9.653400829608707046e-01 1.252112631381339936e-02
9.650694258151215621e-01 1.341331343924988262e-02
9.650314141564333426e-01 1.354026647355935191e-02
9.647171329184224264e-01 1.460593493559347172e-02
9.646552344176184679e-01 1.481924765042641826e-02
9.643976243664224013e-01 1.571943467883121087e-02
9.642067433892570483e-01 1.639961438381309922e-02
9.640732595920951109e-01 1.688207127743976063e-02
9.637443991958668521e-01 1.809514671533950583e-02
9.637218166229550853e-01 1.817974616160599605e-02
9.634113965889881115e-01 1.935995257498267577e-02
9.631983419099989785e-01 2.018899634749543245e-02
9.630746009252122430e-01 2.067776265403205999e-02
9.627343596043581586e-01 2.204982506098809858e-02
9.626342984541028658e-01 2.246133468500514929e-02
9.623910203390162454e-01 2.347735383561810885e-02
9.620449328021093427e-01 2.496152013716597395e-02
9.620278510466796495e-01 2.503597720909720575e-02
9.616964498860089972e-01 2.650344304257660002e-02
9.613774765589305771e-01 2.795801689220656430e-02
9.613459286081259547e-01 2.810417999921877366e-02
9.609937306974830618e-01 2.976471698118567100e-02
9.606821285390563236e-01 3.127899689161366126e-02
9.606402228940975618e-01 3.148595840476815788e-02
9.602857769895705164e-01 3.326871686650625937e-02
9.599414450415418854e-01 3.505733280449620931e-02
9.599307696336786266e-01 3.511370277619890040e-02
9.595755819290805455e-01 3.702151396599617089e-02
9.592205988334676636e-01 3.899262536645359961e-02
9.591560026798306993e-01 3.935844136822443107e-02
9.588662083870991282e-01 4.102737884882914216e-02
9.585128007823061624e-01 4.312597334142334593e-02
9.583276153657519503e-01 4.425436933902682918e-02
9.581607672911803819e-01 4.528845533457390160e-02
9.578104990673053099e-01 4.751470989507747267e-02
9.574623858377628860e-01 4.980445231469182721e-02
9.574596681804959930e-01 4.982264015442889465e-02
9.571168145020112483e-01 5.215722051974567425e-02
9.567741676548715546e-01 5.457236836888736814e-02
9.565574642504344194e-01 5.614395702036236585e-02
9.564348220514586885e-01 5.704905996383474037e-02
9.560991470327624420e-01 5.958626509268074439e-02
9.557675029308269066e-01 6.218275591850032369e-02
9.556285448714607611e-01 6.329834142847613754e-02
9.554402394732880444e-01 6.483710501497415291e-02
9.551176942070112030e-01 6.754768483838718973e-02
9.548001909606899096e-01 7.031266870962725457e-02
9.546829214252084972e-01 7.135928639825059316e-02
9.544880383659578582e-01 7.313003336202396343e-02
9.541815284559852506e-01 7.599756309091192097e-02
9.538809353596379159e-01 7.891285551910984242e-02
9.537331356830152096e-01 8.038562590994262347e-02
9.535865141080507312e-01 8.187332896950139105e-02
9.532984995689426366e-01 8.487623141207331634e-02
9.530171055221874354e-01 8.791865092863307418e-02
9.527940508988635981e-01 9.041114222673501954e-02
9.527425238880500302e-01 9.099752761465393358e-02
9.524749241172898451e-01 9.410966681446034099e-02
9.522144527496789745e-01 9.725175356504311974e-02
9.519612331451826615e-01 1.004203681033297574e-01
9.518822820660268746e-01 1.014325138577305552e-01
9.517153653891462506e-01 1.036120022755692149e-01
9.514769263703715119e-01 1.068230766728210518e-01
9.512459700283394382e-01 1.100499583058890535e-01
9.510225277634128949e-01 1.132889786257074843e-01
9.510152140031700174e-01 1.133970420091674758e-01
9.508066090015906413e-01 1.165364516915868842e-01
9.505982019033564212e-01 1.197886922898617618e-01
9.503972742043982347e-01 1.230420338093074911e-01
9.502096391650354246e-01 1.261925302173922403e-01
9.502037741744912003e-01 1.262928456871272309e-01
9.500176316797601661e-01 1.295375502495682285e-01
9.498387593325686717e-01 1.327726387854248902e-01
9.496670537129798806e-01 1.359946867058728359e-01
9.495023966454494424e-01 1.392003676626541175e-01
9.494801652689939253e-01 1.396423805174841493e-01
9.493446565145481353e-01 1.423864665162509480e-01
9.491936896040766847e-01 1.455498910656298772e-01
9.490493414444030051e-01 1.486876824732147606e-01
9.489114481539949741e-01 1.517970243387140039e-01
9.488376625330028347e-01 1.535089143691383828e-01
9.487798377619692802e-01 1.548752503971583816e-01
9.486543314999070775e-01 1.579198508353070185e-01
9.485347450523820001e-01 1.609284772397520658e-01
9.484208897571038133e-01 1.638989462067485803e-01
9.483125737469877414e-01 1.668292416591189153e-01
9.482880865659776282e-01 1.675067102177111578e-01
9.482096030278879262e-01 1.697175159288614454e-01
9.481117824871158062e-01 1.725620896753762568e-01
9.480189168292008084e-01 1.753614507184091120e-01
9.479308114365978533e-01 1.781142518719508183e-01
9.478472731542050278e-01 1.808193078704594392e-01
9.478319737847932247e-01 1.813253806826402581e-01
9.477681109976040519e-01 1.834755914820151435e-01
9.476931367858663080e-01 1.860822289044884725e-01
9.476221657005903243e-01 1.886384945406798241e-01
9.475550167735194984e-01 1.911438052468440452e-01
9.474915133056776018e-01 1.935977141462397189e-01
9.474647496864204710e-01 1.946583665224055903e-01
9.474314832214145721e-01 1.959999040955279770e-01
9.473747593611150375e-01 1.983501808871827032e-01
9.473211797165838055e-01 2.006484662657413154e-01
9.472705876132609948e-01 2.028947908300447744e-01
9.472228318436045624e-01 2.050892868869652608e-01
9.471777667557883529e-01 2.072321813169254734e-01
9.471777667557883529e-01 2.072321813169253901e-01
