# n_s, r predictions of a polynomial alpha attractor model with k=4 and N_\star=54.
9.691312363699334798e-01 3.858026789025467733e-05
9.691312363699252641e-01 3.858026789021832268e-05
9.691304671725363695e-01 4.166291877034570781e-05
9.691296184312050421e-01 4.499211097468365142e-05
9.691286830179464129e-01 4.858760246184943172e-05
9.691276532033676894e-01 5.247074154695486735e-05
9.691265206079247019e-01 5.666459609142266676e-05
9.691252761476207844e-01 6.119409339225578587e-05
9.691239099763332421e-01 6.608617168103659201e-05
9.691224114228208508e-01 7.136994423942959317e-05
9.691207689227741007e-01 7.707687722693079004e-05
9.691189699450762918e-01 8.324098241871279614e-05
9.691170009116910622e-01 8.989902616579231222e-05
9.691148471108871343e-01 9.709075601755924557e-05
9.691124926037162357e-01 1.048591465766702960e-04
9.691099201213835279e-01 1.132506663296327479e-04
9.691071109547015894e-01 1.223155673438951002e-04
9.691040448337409074e-01 1.321081999369511399e-04
9.691006997972171355e-01 1.426873546186641702e-04
9.690970520501634988e-01 1.541166338607816112e-04
9.690930758096236719e-01 1.664648565040198187e-04
9.690887431360190041e-01 1.798064979271632793e-04
9.690840237502366117e-01 1.942221694216214785e-04
9.690788848337890116e-01 2.097991406158269945e-04
9.690732908108351529e-01 2.266319092161891871e-04
9.690672031108079620e-01 2.448228228069906811e-04
9.690662498665773006e-01 2.476603677613280338e-04
9.690605799083715777e-01 2.644827580308329478e-04
9.690533758397619213e-01 2.857318630719363531e-04
9.690455416918766218e-01 3.087003701019877078e-04
9.690370240621645204e-01 3.335294851528789687e-04
9.690277649854135422e-01 3.603723638297721076e-04
9.690177015242901204e-01 3.893951823479371594e-04
9.690067653193649155e-01 4.207783146182628273e-04
9.689948820941900465e-01 4.547176275398520499e-04
9.689819711102786171e-01 4.914259083110251135e-04
9.689697639570243881e-01 5.259930944097896549e-04
9.689679445661215640e-01 5.311344394943463528e-04
9.689527069337966481e-01 5.740947398027656341e-04
9.689361542257420856e-01 6.205804911841477419e-04
9.689181731833126365e-01 6.708896758266720030e-04
9.688986403776851386e-01 7.253469502809440804e-04
9.688774212124710017e-01 7.843062880971580228e-04
9.688543688159249045e-01 8.481539273176197553e-04
9.688526673990545124e-01 8.528585747917917037e-04
9.688293228093395326e-01 9.173116650145036154e-04
9.688021079361754939e-01 9.922405479815706291e-04
9.687725325350353689e-01 1.073445016893064333e-03
9.687403868375831228e-01 1.161477570994385190e-03
9.687188139959763689e-01 1.220437885295507256e-03
9.687054410703963558e-01 1.256944032007771290e-03
9.686674433380101368e-01 1.360509499774832393e-03
9.686261172625755256e-01 1.472905108666732127e-03
9.685811593542922315e-01 1.594935713499003819e-03
9.685701377030909720e-01 1.624818164207621771e-03
9.685322360861603475e-01 1.727488657182800046e-03
9.684789806472862139e-01 1.871543800339254757e-03
9.684209893514117429e-01 2.028185026358896460e-03
9.684077545901610407e-01 2.063906363130444885e-03
9.683578176826497241e-01 2.198613474778942593e-03
9.682889759694905951e-01 2.384162802239499224e-03
9.682323702220326789e-01 2.536641534667416747e-03
9.682139246925585141e-01 2.586316824563867234e-03
9.681320694528815496e-01 2.806729956461480324e-03
9.680444742057530139e-01 3.042622007235071084e-03
9.680427556571389314e-01 3.047250937600812573e-03
9.679452630157016069e-01 3.309950415702212108e-03
9.678444496276257247e-01 3.581900954974598372e-03
9.678387999982110967e-01 3.597153048974522423e-03
9.677224984476014980e-01 3.911474891727250054e-03
9.676326410665233579e-01 4.154860786833010876e-03
9.675954086105419405e-01 4.255866938873913152e-03
9.674564948885789883e-01 4.633665829408709601e-03
9.674093980653725167e-01 4.762128371534770852e-03
9.673046326311561804e-01 5.048652851375639954e-03
9.671751010239879598e-01 5.404513581357258019e-03
9.671386062557679741e-01 5.505122562626824784e-03
9.669571088687801685e-01 6.007962561865372308e-03
9.669301729268787726e-01 6.082962842452850454e-03
9.667587433621039894e-01 6.562746240023150171e-03
9.666750795899897719e-01 6.798523723550171927e-03
9.665420246944570470e-01 7.175840743085066739e-03
9.664103215141437442e-01 7.552318490670471840e-03
9.663053827933342221e-01 7.854532906830278410e-03
9.661364209094676081e-01 8.345525147736522140e-03
9.660471653428027716e-01 8.607176580708753022e-03
9.658539073999301561e-01 9.179364483642270950e-03
9.657656397767167000e-01 9.443365504221212098e-03
9.655633052077193801e-01 1.005509153265091334e-02
9.654589941691047450e-01 1.037413665442615471e-02
9.652651235076482594e-01 1.097398988031055705e-02
9.651253374017538800e-01 1.141220963942120130e-02
9.649598505187497732e-01 1.193736746348276860e-02
9.647626998835753254e-01 1.257226815272583301e-02
9.646479510561971615e-01 1.294655284866799705e-02
9.643690370182969041e-01 1.387128960982857671e-02
9.643298668039667065e-01 1.400289132503269689e-02
9.640060184378675956e-01 1.510774044229609876e-02
9.639422384073281780e-01 1.532892871512108422e-02
9.636768088082897643e-01 1.626246483103387097e-02
9.634801463688831280e-01 1.696795961678514500e-02
9.633426265673161737e-01 1.746843026836571167e-02
9.630038498148720816e-01 1.872699701604407449e-02
9.629805878009641829e-01 1.881477907877192324e-02
9.626608495003566857e-01 2.003951248430833193e-02
9.624414238226347562e-01 2.089996904095209329e-02
9.623139924380037513e-01 2.140730327994943769e-02
9.619636438754173291e-01 2.283166669456806325e-02
9.618606220870935530e-01 2.325890999825201699e-02
9.616101696055339154e-01 2.431386168406460269e-02
9.612539376399551472e-01 2.585509938771129307e-02
9.612363571681933339e-01 2.593242532073334813e-02
9.608953194751447269e-01 2.745653323487242531e-02
9.605671448445995964e-01 2.896741897106336339e-02
9.605346909874993289e-01 2.911924869026312826e-02
9.601724329930065860e-01 3.084425269394294733e-02
9.598520161355033053e-01 3.241744258088614938e-02
9.598089315045481573e-01 3.263246285954163328e-02
9.594445777164314348e-01 3.448469650293094907e-02
9.590907360778424540e-01 3.634308975073843873e-02
9.590797677422865375e-01 3.640165958313140021e-02
9.587149021294766316e-01 3.838393564722864665e-02
9.583503851708450316e-01 4.043197488093482062e-02
9.582840697441933342e-01 4.081206326097498033e-02
9.579866240329285576e-01 4.254608337589812356e-02
9.576240277187584304e-01 4.472641273337624179e-02
9.574340929117843846e-01 4.589869375227605131e-02
9.572630058828708322e-01 4.697295013121370599e-02
9.569039675160855296e-01 4.928550898683264903e-02
9.565473195180024257e-01 5.166372035258102319e-02
9.565445359707019923e-01 5.168260957366158787e-02
9.561934651755349401e-01 5.410702518165572822e-02
9.558428025666670935e-01 5.661466760156121103e-02
9.556211360657212994e-01 5.824617827433112294e-02
9.554957229091983750e-01 5.918568932869532756e-02
9.551526088750005306e-01 6.181892535100500657e-02
9.548138328907814776e-01 6.451300099641948949e-02
9.546719537478774997e-01 6.567028576338507229e-02
9.544797554469721668e-01 6.726633049176336532e-02
9.541507234361128464e-01 7.007711710240749348e-02
9.538270685423626549e-01 7.294335492390399689e-02
9.537075879288976488e-01 7.402803416833488026e-02
9.535091057030649075e-01 7.586283237680890856e-02
9.531971316625996726e-01 7.883313743288843101e-02
9.528914236375192193e-01 8.185166457668811846e-02
9.527412011620919330e-01 8.337609011575182472e-02
9.525922381105775827e-01 8.491562348043543706e-02
9.522998097693305963e-01 8.802204934423647764e-02
9.520143506028744262e-01 9.116781482713523510e-02
9.517882551012690762e-01 9.374377950126271120e-02
9.517360491679832668e-01 9.434964346860759410e-02
9.514650700330461452e-01 9.756412447644291497e-02
9.512015534057881583e-01 1.008077287333273425e-01
9.509456149475677966e-01 1.040768258554716913e-01
9.508658666161160511e-01 1.051206601644793098e-01
9.506973457743504996e-01 1.073677021190303366e-01
9.504568126415406937e-01 1.106765790567291463e-01
9.502240583071344115e-01 1.139996325173430192e-01
9.499991020650886409e-01 1.173330119749482897e-01
9.499917426112283181e-01 1.174441853960965509e-01
9.497819404384645336e-01 1.206728598732835223e-01
9.495725480198549118e-01 1.240153307930527138e-01
9.493708784448270377e-01 1.273566102366030239e-01
9.491827430319904613e-01 1.305900142451743018e-01
9.491768654828116603e-01 1.306929328342635310e-01
9.489904242286536507e-01 1.340205997909235114e-01
9.488114523775764697e-01 1.373359954071085298e-01
9.486398315658522984e-01 1.406356025284317135e-01
9.484754287595706934e-01 1.439160167978686122e-01
9.484532450749558752e-01 1.443681422326451580e-01
9.483180976742605628e-01 1.471739596075225531e-01
9.481676802087385392e-01 1.504062896696408969e-01
9.480240078775350465e-01 1.536100131494367027e-01
9.478869032272917439e-01 1.567822923254786893e-01
9.478135990033583758e-01 1.585278064252759744e-01
9.477561812238867178e-01 1.599204527650366914e-01
9.476316505984353489e-01 1.630219890226701496e-01
9.475131151418378916e-01 1.660845688894238004e-01
9.474003749390906837e-01 1.691060362372558135e-01
9.472932275361454213e-01 1.720844125184895490e-01
9.472690195369611876e-01 1.727726804589389265e-01
9.471914690336263876e-01 1.750178969930291095e-01
9.470948951031974428e-01 1.779048657667339495e-01
9.470033019237562577e-01 1.807438697327394539e-01
9.469164870359321196e-01 1.835336315136414098e-01
9.468342501145378121e-01 1.862730415064960121e-01
9.468191975085998857e-01 1.867853241584159218e-01
9.467563936596754548e-01 1.889611531346196138e-01
9.466827236081202246e-01 1.915971774104121561e-01
9.466130498673903659e-01 1.941804769120402951e-01
9.465471867755700375e-01 1.967105592740377995e-01
9.464849534904826722e-01 1.991870702879158239e-01
9.464587414369065588e-01 2.002569812972966601e-01
9.464261743122206472e-01 2.016097867039158276e-01
9.463706789433417033e-01 2.039786088193441815e-01
9.463183026912391771e-01 2.062935529326190842e-01
9.462688866172836999e-01 2.085547437356041478e-01
9.462222776374388244e-01 2.107624067094883424e-01
9.461783285788407660e-01 2.129168605834492467e-01
9.461783285788406550e-01 2.129168605834494687e-01
