# n_s, r predictions of a polynomial alpha attractor model with k=3 and N_\star=62.
9.741773658001390279e-01 8.096290437451768567e-05
9.741773658001328107e-01 8.096290437449132600e-05
9.741757474765011526e-01 8.730749120231488932e-05
9.741739865398824083e-01 9.415021755642931779e-05
9.741720711261712129e-01 1.015303534525602416e-04
9.741699884105201601e-01 1.094902910635884978e-04
9.741677245294347864e-01 1.180757972919560316e-04
9.741652644971467989e-01 1.273362874798187065e-04
9.741625921149064116e-01 1.373251221453386474e-04
9.741596898728220877e-01 1.480999288144816317e-04
9.741565388435355910e-01 1.597229512253169656e-04
9.741531185670205817e-01 1.722614284123937184e-04
9.741494069257875532e-01 1.857880064372171506e-04
9.741453800095736248e-01 2.003811858193348453e-04
9.741410119685512958e-01 2.161258080453723213e-04
9.741362748541145811e-01 2.331135848981422511e-04
9.741311384460048517e-01 2.514436747550138646e-04
9.741255700645914395e-01 2.712233104675930559e-04
9.741195343669065698e-01 2.925684839539871226e-04
9.741129931248995177e-01 3.156046932238846907e-04
9.741059049842366591e-01 3.404677582287072559e-04
9.740982252018606236e-01 3.673047126807648180e-04
9.740899053602125601e-01 3.962747798582005399e-04
9.740808930558700895e-01 4.275504413922617819e-04
9.740711315601858766e-01 4.613186091627469957e-04
9.740605594491771324e-01 4.977819117173105717e-04
9.740491101995778500e-01 5.371601081133306390e-04
9.740367117480440706e-01 5.796916437722697763e-04
9.740232860094398815e-01 6.256353649177227036e-04
9.740087483506771893e-01 6.752724104018411819e-04
9.739986592056489867e-01 7.096615289068481085e-04
9.739930070155514708e-01 7.289083023588430492e-04
9.739759624959239970e-01 7.868752601369958513e-04
9.739575068441913563e-01 8.495347654657260574e-04
9.739375229215651020e-01 9.172804108819019881e-04
9.739158835763708222e-01 9.905410681608402008e-04
9.738924507462815017e-01 1.069784418987929477e-03
9.738670744781674493e-01 1.155520896496756112e-03
9.738395918592107625e-01 1.248308093727195549e-03
9.738098258530758500e-01 1.348755703705461616e-03
9.737775840353081191e-01 1.457531065897693309e-03
9.737668625621853646e-01 1.493701143084998116e-03
9.737426572230754029e-01 1.575365405453999163e-03
9.737048179956434568e-01 1.703060865190617230e-03
9.736638191041664392e-01 1.841498445884910597e-03
9.736193917723996449e-01 1.991646988470548597e-03
9.735712438941083180e-01 2.154573352372564192e-03
9.735190581385980702e-01 2.331453967784192019e-03
9.735032237197919214e-01 2.385191277887563702e-03
9.734624899830637279e-01 2.523587966378128874e-03
9.734011656994645545e-01 2.732412124982069868e-03
9.733346803347002751e-01 2.959517890201961241e-03
9.732625957354522628e-01 3.206670788959965507e-03
9.732147270698898733e-01 3.371369994169974571e-03
9.731844386829596738e-01 3.475832570348163109e-03
9.730996992170728443e-01 3.769186468060952734e-03
9.730078292417615460e-01 4.089166019896073485e-03
9.729082415137672024e-01 4.438487931490009766e-03
9.729056003246489004e-01 4.447788963069949572e-03
9.728003091200950747e-01 4.820189525831595177e-03
9.726833655465541018e-01 5.237671378609470331e-03
9.725791857147288999e-01 5.613235120964205072e-03
9.725567054279690149e-01 5.694745802454094681e-03
9.724195860528228597e-01 6.195691910232555694e-03
9.722712296764993711e-01 6.745318056284801619e-03
9.722384361064255742e-01 6.867927256275961623e-03
9.721108266878505377e-01 7.349032518221179644e-03
9.719375396860239213e-01 8.012923327525780723e-03
9.718860287622397287e-01 8.212707697199414167e-03
9.717505085731572567e-01 8.743848161359500659e-03
9.715488568614660814e-01 9.549535136407751035e-03
9.715243752331811367e-01 9.648639781746312302e-03
9.713316995350652627e-01 1.043869514807294757e-02
9.711556248977972761e-01 1.117679182523340607e-02
9.710981529854196825e-01 1.142114601130823741e-02
9.708473477383190442e-01 1.250794799920774449e-02
9.707816863555157605e-01 1.279810778494865943e-02
9.705784448833595368e-01 1.371154933847330837e-02
9.704042621182553674e-01 1.451331739889620380e-02
9.702906572791267781e-01 1.504593867503503310e-02
9.700248863257916465e-01 1.632286489060871815e-02
9.699832767155255331e-01 1.652679930262650893e-02
9.696557082473776790e-01 1.817165684870174214e-02
9.696449582842292525e-01 1.822684805639914266e-02
9.693075128449468725e-01 2.000000790017449764e-02
9.692657687969713498e-01 2.022496512155749424e-02
9.689384592999504831e-01 2.203341148058080012e-02
9.688885190123379676e-01 2.231646893167142306e-02
9.685485859232660921e-01 2.429551815563920150e-02
9.685143327941238001e-01 2.450012880196046280e-02
9.681442639950225137e-01 2.677420056291593756e-02
9.681382718938210674e-01 2.681200277551291228e-02
9.677792999599932333e-01 2.913640535596143458e-02
9.677083170689899649e-01 2.961035667899823351e-02
9.674203623854328304e-01 3.158391766267777678e-02
9.672600275426416205e-01 3.271948433089260505e-02
9.670683064387235461e-01 3.411336292884300375e-02
9.667953021597517349e-01 3.616903942558377660e-02
9.667239188482904533e-01 3.672082498019826197e-02
9.663879155164276646e-01 3.940186322737739000e-02
9.663167125637235344e-01 3.998842927149090509e-02
9.660609390817691544e-01 4.215153943166573963e-02
9.658275663093962571e-01 4.420541813071075798e-02
9.657435567579689684e-01 4.496445356233066265e-02
9.654362586927346390e-01 4.783478803364554777e-02
9.653319395071970899e-01 4.884427612189769924e-02
9.651394570219100633e-01 5.075635937858798130e-02
9.648534857331891867e-01 5.372267621003076060e-02
9.648346630833162241e-01 5.392345741991263347e-02
9.645786014014200438e-01 5.672700215047807304e-02
9.643412461183027418e-01 5.945285644356675808e-02
9.643149848113903300e-01 5.976242228730798550e-02
9.640627434440286470e-01 6.282191163878372842e-02
9.638577221898186886e-01 6.543078658888701327e-02
9.638219147685529453e-01 6.589840409896514928e-02
9.635924702557999710e-01 6.898486036828214985e-02
9.633904114581177680e-01 7.184094779178057388e-02
9.633743200075525204e-01 7.207433346583953793e-02
9.631673178826203330e-01 7.516003055444704650e-02
9.629712669927098512e-01 7.823536998091205896e-02
9.629456030090962626e-01 7.864977866710654020e-02
9.627859254392097110e-01 8.129403263257518886e-02
9.626110121652776686e-01 8.433000692582816316e-02
9.625291779213849264e-01 8.580469223700781800e-02
9.624462128052178045e-01 8.733762696290912897e-02
9.622911854242018892e-01 9.031160360981335677e-02
9.621462108564416971e-01 9.323372495379537994e-02
9.621455660549379507e-01 9.324704845214593085e-02
9.620089739530308659e-01 9.613949077020630951e-02
9.618810165086125741e-01 9.898488783441929117e-02
9.618006019264082607e-01 1.008470408469207130e-01
9.617612937676268681e-01 1.017796289541448851e-01
9.616494025312612992e-01 1.045205338154270303e-01
9.615449400159726823e-01 1.072048457164949675e-01
9.614947955987054318e-01 1.085405022125917884e-01
9.614475070689707525e-01 1.098302203552425221e-01
9.613567109447158643e-01 1.123947108429439457e-01
9.612721676568313223e-01 1.148967496163061791e-01
9.612296352725364645e-01 1.162011661280829694e-01
9.611935039268467706e-01 1.173351278991570656e-01
9.611203587564465245e-01 1.197089733294803698e-01
9.610523846535374837e-01 1.220177263206929097e-01
9.610043805816381735e-01 1.237141676420550618e-01
9.609892485446680510e-01 1.242611156715866527e-01
9.609306324072911520e-01 1.264391338802915155e-01
9.608762336553173800e-01 1.285520125566615435e-01
9.608257653105219953e-01 1.306001982668796024e-01
9.608168841870379229e-01 1.309701199954991790e-01
9.607789559908579413e-01 1.325843290855879819e-01
9.607355497447571668e-01 1.345052120758281067e-01
9.606953057582241495e-01 1.363638018664589113e-01
9.606638944795211632e-01 1.378720109388480164e-01
9.606579979590686991e-01 1.381611804510876063e-01
9.606234145400974755e-01 1.398985382922268150e-01
9.605913574205664496e-01 1.415771567794066599e-01
9.605616416627624776e-01 1.431983920602181437e-01
9.605414293692806638e-01 1.443406607547351728e-01
9.605340948582535843e-01 1.447636602385306281e-01
9.605085564962455580e-01 1.462744239137021562e-01
9.604848773243913618e-01 1.477321800191328527e-01
9.604629187107780464e-01 1.491384489054298490e-01
9.604451599217543878e-01 1.503181083107147376e-01
9.604425520140635886e-01 1.504947646051696120e-01
9.604236579674163554e-01 1.518026662095925128e-01
9.604061260806537881e-01 1.530636902838782842e-01
9.603898540639094206e-01 1.542793642457795933e-01
9.603747472752570680e-01 1.554512006321588091e-01
9.603707510742870435e-01 1.557687097035360957e-01
9.603607181939450843e-01 1.565806921790433015e-01
9.603476859202605409e-01 1.576693076428822837e-01
9.603355757025034967e-01 1.587184882935417096e-01
9.603243184911258723e-01 1.597296450129593037e-01
9.603141251053496363e-01 1.606781435237822075e-01
9.603138505197418295e-01 1.607041559371601702e-01
9.603041129124412212e-01 1.616433645833368626e-01
9.602950513166312874e-01 1.625485784078135043e-01
9.602866155604729004e-01 1.634210677448431071e-01
9.602787593338651950e-01 1.642620650802635307e-01
9.602716348124288315e-01 1.650508135185000114e-01
9.602714398918600347e-01 1.650727646179901698e-01
9.602646177793392468e-01 1.658543221011211377e-01
9.602582565757703525e-01 1.666078548530402215e-01
9.602523226588562943e-01 1.673344420072979122e-01
9.602467849859085414e-01 1.680351248982326906e-01
9.602416148917999328e-01 1.687109075872439967e-01
9.602401513399616562e-01 1.689062751197207835e-01
9.602367859023938079e-01 1.693627575023561593e-01
9.602322735623846084e-01 1.699916061712175575e-01
9.602280552765373178e-01 1.705983500299702860e-01
9.602241101633580689e-01 1.711838512925130673e-01
9.602204189202880880e-01 1.717489388665688899e-01
9.602170829780033445e-01 1.722752970079557688e-01
9.602169636995601110e-01 1.722944093046837877e-01
9.602137279939101377e-01 1.728210277798198913e-01
9.602106965313934595e-01 1.733295290765851093e-01
9.602078551785960814e-01 1.738206185903870826e-01
9.602051908515898404e-01 1.742949733278931768e-01
9.602026914340181518e-01 1.747532429031654622e-01
9.602003457017490584e-01 1.751960505247060484e-01
9.602003457017489474e-01 1.751960505247061317e-01
