# n_s, r predictions of a polynomial alpha attractor model with k=1 and N_\star=56.
9.761823704046456163e-01 8.628703025831109758e-05
9.761823704046436179e-01 8.628703025829751795e-05
9.761815151382589040e-01 9.469885791995487898e-05
9.761805720291395483e-01 1.039306382377556986e-04
9.761795322426483068e-01 1.140622805914664502e-04
9.761783860736177321e-01 1.251814788018178616e-04
9.761771228629003705e-01 1.373844687924846470e-04
9.761757309062883969e-01 1.507768598471368588e-04
9.761741973551649743e-01 1.654745465731699246e-04
9.761725081083456601e-01 1.816047093619206350e-04
9.761706476940821275e-01 1.993069118779395915e-04
9.761685991420954167e-01 2.187343049076541617e-04
9.761663438442302887e-01 2.400549467882041952e-04
9.761638614034214845e-01 2.634532515801769111e-04
9.761611294699827912e-01 2.891315771921791774e-04
9.761581235644848364e-01 3.173119667828860316e-04
9.761548168864264685e-01 3.482380579814888682e-04
9.761511801081503847e-01 3.821771757669041613e-04
9.761471811527169251e-01 4.194226262626170928e-04
9.761427849561598036e-01 4.602962101663535710e-04
9.761379532126965852e-01 5.051509761558547161e-04
9.761326441031508150e-01 5.543742362514022864e-04
9.761268120064037213e-01 6.083908668641404682e-04
9.761204071941580462e-01 6.676669210410615890e-04
9.761133755098305720e-01 7.327135792124407762e-04
9.761056580324061205e-01 8.040914675349950360e-04
9.760971907278584991e-01 8.824153745573034679e-04
9.760879040900527492e-01 9.683593984764790434e-04
9.760777227754581231e-01 1.062662558385938207e-03
9.760665652364424183e-01 1.166134903648179382e-03
9.760543433597954621e-01 1.279664155530628976e-03
9.760409621189467533e-01 1.404222914268308956e-03
9.760263192506237750e-01 1.540876462376534898e-03
9.760103049693380495e-01 1.690791190827442472e-03
9.759928017366503727e-01 1.855243667942300771e-03
9.759736841052120138e-01 2.035630360822415427e-03
9.759528186629584656e-01 2.233478004544499438e-03
9.759300641070198790e-01 2.450454594130174225e-03
9.759052714830777076e-01 2.688380946506083342e-03
9.758782846319623561e-01 2.949242742377479725e-03
9.758489408923549657e-01 3.235202908461748059e-03
9.758170721150353222e-01 3.548614135967340533e-03
9.757825060518334759e-01 3.892031247654868624e-03
9.757450681883864663e-01 4.268223019512828662e-03
9.757045840953730842e-01 4.680182929156959451e-03
9.756608823757649818e-01 5.131138137019662475e-03
9.756137982850823231e-01 5.624555803683106009e-03
9.755631780958423649e-01 6.164145603874074224e-03
9.755088842643913072e-01 6.753857013245946270e-03
9.754508014357878842e-01 7.397869620326854613e-03
9.753888432878586867e-01 8.100574360950693956e-03
9.753229601666248971e-01 8.866543202722326072e-03
9.752531473994854316e-01 9.700484451608169800e-03
9.751794540892524399e-01 1.060718055625706029e-02
9.751019920907284533e-01 1.159140511353859079e-02
9.750209447552659059e-01 1.265781581890236367e-02
9.749365749030910466e-01 1.381082046962728120e-02
9.748492313584925517e-01 1.505441394952271132e-02
9.747593532744446287e-01 1.639198554059844229e-02
9.746674714017238284e-01 1.782609804783732640e-02
9.745742054484098915e-01 1.935824316740065998e-02
9.744802567567201201e-01 2.098858126144388311e-02
9.743863957211045257e-01 2.271567805882471550e-02
9.742934437013478499e-01 2.453625541076805833e-02
9.742022496467884762e-01 2.644497748789689795e-02
9.741136622167005932e-01 2.843429688122832422e-02
9.740284988002174682e-01 3.049438599941150380e-02
9.739475134192093764e-01 3.261317700820118293e-02
9.739418054847969186e-01 3.276917921088770558e-02
9.738713659312894233e-01 3.477652769082106160e-02
9.738005951296996310e-01 3.696852093484086221e-02
9.737355981819652007e-01 3.917189276803352549e-02
9.736766183351486248e-01 4.136856950916893705e-02
9.736237419901093704e-01 4.354028087445678541e-02
9.736217851226862674e-01 4.362500193978981200e-02
9.735769052315763616e-01 4.566920523575466323e-02
9.735359088641638570e-01 4.773859778277882160e-02
9.735022619886709583e-01 4.962532005228312976e-02
9.735004401269692353e-01 4.973335331722146535e-02
9.734700986850274296e-01 5.164046276395759666e-02
9.734444242995006213e-01 5.344933490773647045e-02
9.734442791414549268e-01 5.346018914315791432e-02
9.734229237518633449e-01 5.515197009918739596e-02
9.734117276931817386e-01 5.612836122390474358e-02
9.734050950605012131e-01 5.674298810700755674e-02
9.733916260988020319e-01 5.809367882865174720e-02
9.733904476582964094e-01 5.821952556925136940e-02
9.733785178667513360e-01 5.958102799350870754e-02
9.733783442264277719e-01 5.960218364154604848e-02
9.733691123920852339e-01 6.079684190627183960e-02
9.733688795977346597e-01 6.082896629650805936e-02
9.733624374920736289e-01 6.176650382882903356e-02
9.733611506701381755e-01 6.196650866604491020e-02
9.733574563376775624e-01 6.256933168562317515e-02
9.733549954189107956e-01 6.299817592139179967e-02
9.733536415295395150e-01 6.324501092143995640e-02
9.733506560219358228e-01 6.382155424550982337e-02
9.733501244076535608e-01 6.392950370242840574e-02
9.733482762370200270e-01 6.431930266226401627e-02
9.733463491262103195e-01 6.475338518585009584e-02
9.733462920637367954e-01 6.476672891122745024e-02
9.733447670634578497e-01 6.513528863356971010e-02
9.733434525806387017e-01 6.547389198679981481e-02
9.733432929766726582e-01 6.551651184813885032e-02
9.733423487694642384e-01 6.577616703114341767e-02
9.733414130670259290e-01 6.604766453585077246e-02
9.733409574747488024e-01 6.618570012001581682e-02
9.733406131271825634e-01 6.629285887041824754e-02
9.733399240143675302e-01 6.651539693855924862e-02
9.733393262569690618e-01 6.671828106226362909e-02
9.733391469529646400e-01 6.678113603933329145e-02
9.733388044720373555e-01 6.690400540171935473e-02
9.733383463774282207e-01 6.707465912740233349e-02
9.733379420714984853e-01 6.723200543106595817e-02
9.733377492889174754e-01 6.730950601133867117e-02
9.733375835006443655e-01 6.737754273017959594e-02
9.733372640607207416e-01 6.751255257909519192e-02
9.733369782952195903e-01 6.763813753829948927e-02
9.733367216642671016e-01 6.775525137479139481e-02
9.733366745651365060e-01 6.777722827124978144e-02
9.733364903660741696e-01 6.786472334656071248e-02
9.733362811976590256e-01 6.796727788061253384e-02
9.733360914452767743e-01 6.806355063284874607e-02
9.733359187975292315e-01 6.815410168295903126e-02
9.733358512219082437e-01 6.819037412652145802e-02
9.733357612759478972e-01 6.823942644345469544e-02
9.733356171791472944e-01 6.831996473192804287e-02
9.733354850376014777e-01 6.839610835752989171e-02
9.733353635767963974e-01 6.846820749803481099e-02
9.733352516870306115e-01 6.853657608662636069e-02
9.733352226942819652e-01 6.855461737646466325e-02
9.733351483985303032e-01 6.860149638330020894e-02
9.733350528608363250e-01 6.866322287134563052e-02
9.733349643256447026e-01 6.872198559237586990e-02
9.733348821324558919e-01 6.877799301208427363e-02
9.733348056965204220e-01 6.883143449200396224e-02
9.733347445381353991e-01 6.887520661716688142e-02
9.733347344986684746e-01 6.888248242905548047e-02
9.733346680766977732e-01 6.893129411383716598e-02
9.733346060180488868e-01 6.897801334987015143e-02
9.733345479535567835e-01 6.902277186892387395e-02
9.733344935520990004e-01 6.906569057176657755e-02
9.733344425159971003e-01 6.910688061895982337e-02
9.733343945770542849e-01 6.914644439242383089e-02
9.733343820190477613e-01 6.915695551171445465e-02
9.733343494931273598e-01 6.918447634529044377e-02
9.733343070451561108e-01 6.922106375489867069e-02
9.733342670345788150e-01 6.925628739157185798e-02
9.733342292810787111e-01 6.929022211396507203e-02
9.733341936206149070e-01 6.932293740021988615e-02
9.733341599036949843e-01 6.935449782286004505e-02
9.733341279938581003e-01 6.938496347425905653e-02
9.733341081200692635e-01 6.940424666766931150e-02
9.733340977663397231e-01 6.941439034857981027e-02
9.733340691068922412e-01 6.944283068529519265e-02
9.733340419107419095e-01 6.947033327872309538e-02
9.733340160816644770e-01 6.949694375743613317e-02
9.733339915311642887e-01 6.952270483691115610e-02
9.733339681777439800e-01 6.954765654836245203e-02
9.733339459462518883e-01 6.957183644633746500e-02
9.733339247673012951e-01 6.959527979733909353e-02
9.733339045767487319e-01 6.961801975146747479e-02
9.733339019164956030e-01 6.962104540669357411e-02
9.733338853152282422e-01 6.964008749883879301e-02
9.733338669277310506e-01 6.966151241233314861e-02
9.733338493632298638e-01 6.968232217804527784e-02
9.733338325743384756e-01 6.970254291465662055e-02
9.733338165170059009e-01 6.972219928281143952e-02
9.733338011502397080e-01 6.974131458545984596e-02
9.733337864358553304e-01 6.975991086002639174e-02
9.733337723382499140e-01 6.977800896317043478e-02
9.733337588241958160e-01 6.979562864882435380e-02
9.733337472642624721e-01 6.981092036026531611e-02
9.733337458626543093e-01 6.981278864012320506e-02
9.733337334246053851e-01 6.982950669577647762e-02
9.733337214828922113e-01 6.984579967137628798e-02
9.733337100120811325e-01 6.986168357608783797e-02
9.733336989883318857e-01 6.987717362512246844e-02
9.733336883892803604e-01 6.989228428835446427e-02
9.733336781939299076e-01 6.990702933540879349e-02
9.733336683825539737e-01 6.992142187751519689e-02
9.733336589366040625e-01 6.993547440639538704e-02
9.733336498386276903e-01 6.994919883042619024e-02
9.733336410721915577e-01 6.996260650829905225e-02
9.733336326218111623e-01 6.997570828037502633e-02
9.733336317511107616e-01 6.997706843358147966e-02
9.733336244728866271e-01 6.998851449791819446e-02
9.733336166116424160e-01 7.000103505037194584e-02
9.733336090250729322e-01 7.001327939083064333e-02
9.733336017008912266e-01 7.002525655984360997e-02
9.733335946274825901e-01 7.003697520767719620e-02
9.733335877938609215e-01 7.004844361515133455e-02
9.733335811896285383e-01 7.005966971315462366e-02
9.733335748049385394e-01 7.007066110093587707e-02
9.733335686304613876e-01 7.008142506325965027e-02
9.733335626573518251e-01 7.009196858650819373e-02
9.733335568772196744e-01 7.010229837380368978e-02
9.733335512821020830e-01 7.011242085922023137e-02
9.733335458644377658e-01 7.012234222114885340e-02
9.733335458644377658e-01 7.012234222114881177e-02
