# n_s, r predictions of a polynomial alpha attractor model with k=3 and N_\star=45.
9.644206600805418361e-01 1.352138087564426971e-04
9.644206600805418361e-01 1.352138087564426971e-04
9.644181307458874475e-01 1.458121885648843482e-04
9.644153732172773275e-01 1.572431501162226196e-04
9.644123683104178779e-01 1.695724104795385656e-04
9.644090952790966842e-01 1.828709257037398883e-04
9.644055316889258433e-01 1.972153170177725896e-04
9.644016532807386799e-01 2.126883330991443440e-04
9.643974338226670717e-01 2.293793516877073448e-04
9.643928449496496080e-01 2.473849241585827376e-04
9.643878559903993342e-01 2.668093670237811719e-04
9.643824337786928158e-01 2.877654047815681208e-04
9.643765424496433258e-01 3.103748689585552646e-04
9.643701432184087485e-01 3.347694587459155557e-04
9.643631941400667706e-01 3.610915692067079340e-04
9.643556498489284090e-01 3.894951936994585557e-04
9.643474612753877295e-01 4.201469079166065732e-04
9.643385753381984449e-01 4.532269437866875148e-04
9.643289346098665726e-01 4.889303624539032044e-04
9.643184769526350619e-01 5.274683366482569181e-04
9.643071351221659260e-01 5.690695540060136540e-04
9.642948363361584230e-01 6.139817543232079433e-04
9.642815018036057229e-01 6.624734153747860108e-04
9.642670462122501229e-01 7.148356037530985505e-04
9.642513771688701052e-01 7.713840093752557386e-04
9.642343945881939327e-01 8.324611847450178381e-04
9.642159900258057137e-01 8.984390128749724725e-04
9.641960459486431656e-01 9.697214311009659006e-04
9.641744349379169909e-01 1.046747441738936444e-03
9.641510188166693140e-01 1.129994445004591386e-03
9.641347594605574889e-01 1.187686643664066354e-03
9.641256476957890120e-01 1.219981934604860490e-03
9.640981589296402365e-01 1.317275602413104556e-03
9.640683759733206237e-01 1.422491905442445749e-03
9.640361071321542630e-01 1.536303156376064589e-03
9.640011441938076686e-01 1.659443208221564152e-03
9.639632609329505941e-01 1.792713814539978901e-03
9.639222114781695883e-01 1.936991759385597910e-03
9.638777285308851583e-01 2.093236865892318405e-03
9.638295214265718558e-01 2.262501009692768385e-03
9.637772740296520757e-01 2.445938283442610026e-03
9.637598934000293216e-01 2.506967219239086223e-03
9.637206424554037865e-01 2.644816482062860036e-03
9.636592526151397387e-01 2.860530105392930945e-03
9.635926975856918819e-01 3.094615106173065778e-03
9.635205348103734746e-01 3.348765647252665168e-03
9.634422831473985482e-01 3.624853172998948429e-03
9.633574197938071793e-01 3.924948146432532918e-03
9.633316607513618957e-01 4.016192732615090147e-03
9.632653771274723997e-01 4.251344856087545254e-03
9.631655395293455824e-01 4.606589754728942880e-03
9.630572402707516799e-01 4.993513855992200504e-03
9.629397585779693181e-01 5.415269783849312180e-03
9.628617119216044129e-01 5.696708999384426757e-03
9.628123170160500788e-01 5.875374142908837589e-03
9.626740793658676854e-01 6.377755953206461388e-03
9.625241491985215836e-01 6.926811969847312435e-03
9.623615693769673740e-01 7.527469783279749395e-03
9.623572569476401828e-01 7.543480444011044922e-03
9.621853227311896184e-01 8.185259667750317131e-03
9.619943341570332818e-01 8.906396210477431075e-03
9.618241877317096344e-01 9.556580469795650581e-03
9.617874743782686142e-01 9.697870807750891275e-03
9.615635655897807332e-01 1.056755614852284211e-02
9.613213891766595465e-01 1.152432380625330322e-02
9.612678730554714557e-01 1.173810968365989436e-02
9.610596956969362781e-01 1.257817599867893169e-02
9.607772173481752276e-01 1.374039240660537321e-02
9.606933051138335511e-01 1.409078227075768325e-02
9.604726832340313436e-01 1.502369259403769051e-02
9.601448379222516927e-01 1.644241393701798698e-02
9.601050751085089541e-01 1.661720748899150890e-02
9.597924640392625495e-01 1.801270390371954161e-02
9.595073477643539794e-01 1.931949527016701973e-02
9.594144099540372617e-01 1.975272384985264293e-02
9.590096239179592974e-01 2.168285897647324184e-02
9.589038758992221023e-01 2.219901173893290558e-02
9.585771962833786741e-01 2.382592547656131252e-02
9.582980445126628721e-01 2.525620207768826397e-02
9.581164115489253508e-01 2.620736087019768373e-02
9.576929237767232150e-01 2.849044651743145445e-02
9.576268118988935374e-01 2.885537677289251937e-02
9.571082735381042372e-01 3.180104455569937594e-02
9.570913164757430813e-01 3.189993902774344858e-02
9.565610963828151680e-01 3.507827334891581300e-02
9.564957936498845736e-01 3.548158831858092693e-02
9.559861064459544977e-01 3.872362669908913091e-02
9.559087176982763445e-01 3.923094409407296146e-02
9.553847684305887267e-01 4.277590953918289363e-02
9.553322548452147789e-01 4.314215197869099988e-02
9.547683797215524848e-01 4.720793992627741326e-02
9.547593035073390633e-01 4.727544252655582063e-02
9.542188747826625406e-01 5.141963790180706373e-02
9.541128039455853971e-01 5.226292921196396685e-02
9.536853269121885468e-01 5.576723143350195006e-02
9.534493322876186339e-01 5.777781781921914606e-02
9.531691231051206969e-01 6.023944835982979890e-02
9.527739884501174039e-01 6.385607079990258950e-02
9.526714466838610562e-01 6.482387680838273825e-02
9.521932751084717372e-01 6.950711120638894402e-02
9.520929242552531591e-01 7.052729095880104493e-02
9.517353800990719925e-01 7.427492201098552516e-02
9.514132826621243266e-01 7.781122264257231413e-02
9.512983304915504368e-01 7.911244393061132862e-02
9.508824979932547494e-01 8.400437674774353936e-02
9.507430400706220475e-01 8.571375749563686641e-02
9.504880657913755693e-01 8.893519248946440969e-02
9.501150397935145264e-01 9.388934264335181690e-02
9.500907363544777162e-01 9.422272594981528915e-02
9.497632621470151193e-01 9.885145937678423145e-02
9.494650901402463816e-01 1.033039325068232650e-01
9.494324265910467631e-01 1.038065452572054237e-01
9.491220951412671081e-01 1.087401467407051459e-01
9.488745162621637919e-01 1.128980590104298465e-01
9.488317155880720000e-01 1.136385076337092931e-01
9.485606393014121007e-01 1.184886997683311655e-01
9.483265858511598090e-01 1.229191588059357770e-01
9.483081388722539584e-01 1.232787291965700832e-01
9.480734251767076737e-01 1.279976172384352240e-01
9.478556635172346034e-01 1.326354566609279639e-01
9.478274918432253449e-01 1.332554295313360115e-01
9.476539885701089627e-01 1.371834440785800746e-01
9.474675179440863459e-01 1.416338903261894488e-01
9.473815964118392774e-01 1.437727316223673946e-01
9.472953642276480402e-01 1.459802110488049309e-01
9.471366454679331914e-01 1.502169000835696933e-01
9.469911348456796496e-01 1.543209090160806707e-01
9.469904940813552718e-01 1.543394883834857401e-01
9.468560642427265028e-01 1.583444912725551768e-01
9.467325378361776123e-01 1.622293467476859374e-01
9.466561293406597910e-01 1.647424355023088816e-01
9.466191290776069245e-01 1.659923473798236015e-01
9.465150879357049352e-01 1.696325681395063623e-01
9.464197024879305031e-01 1.731497922032697867e-01
9.463745291749005029e-01 1.748823908886497636e-01
9.463323003505136333e-01 1.765444365071358601e-01
9.462522493189770012e-01 1.798174785185336910e-01
9.461789573491269367e-01 1.829703854115627415e-01
9.461425504945539799e-01 1.845984288719915156e-01
9.461118719991313819e-01 1.860050465622464788e-01
9.460504794422061048e-01 1.889237100368685862e-01
9.459943031474070674e-01 1.917289235315059182e-01
9.459551523870786127e-01 1.937693562275541737e-01
9.459429023137815307e-01 1.944234800359907755e-01
9.458958701311080963e-01 1.970103683408150896e-01
9.458528319290899766e-01 1.994927283793351269e-01
9.458134432663576341e-01 2.018738112979764632e-01
9.458065667700498169e-01 2.023012247136122543e-01
9.457773880011294265e-01 2.041569440711389349e-01
9.457443763769592948e-01 2.063454984221600452e-01
9.457141431496450812e-01 2.084428637739919876e-01
9.456908018605566513e-01 2.101303536589865240e-01
9.456864457750631114e-01 2.104524239302064392e-01
9.456610626723518376e-01 2.123775371758701014e-01
9.456377915724213379e-01 2.142215194862297223e-01
9.456164479581066207e-01 2.159876305368762517e-01
9.456020588153594142e-01 2.172232898243033061e-01
9.455968635993260429e-01 2.176790622202321446e-01
9.455788851842589215e-01 2.192989293882799673e-01
9.455623730457257681e-01 2.208502625591003687e-01
9.455471999805563632e-01 2.223360023439964195e-01
9.455350296585286474e-01 2.235742064344973801e-01
9.455332501587077054e-01 2.237589953718974733e-01
9.455204181181585676e-01 2.251219915077130596e-01
9.455086078411251149e-01 2.264276421808910367e-01
9.454977319068330610e-01 2.276784996593347321e-01
9.454877107160239991e-01 2.288770171212309579e-01
9.454850723054560868e-01 2.292005390031941203e-01
9.454784717821604900e-01 2.300255493949830976e-01
9.454699490846560916e-01 2.311263542514165326e-01
9.454620824793285028e-01 2.321815941478703460e-01
9.454548171616166119e-01 2.331933383358851530e-01
9.454482787666169674e-01 2.341377288047944982e-01
9.454481031782749900e-01 2.341635652560537240e-01
9.454418949835032837e-01 2.350941651539993904e-01
9.454361510357279785e-01 2.359869428607503650e-01
9.454308334315022488e-01 2.368436206890593976e-01
9.454259075732505124e-01 2.376658414045226819e-01
9.454214631544874958e-01 2.384338409016523719e-01
9.454213418678265590e-01 2.384551712368004339e-01
9.454171074530988150e-01 2.392131029018778887e-01
9.454131779499963528e-01 2.399410586112369348e-01
9.454095292376719639e-01 2.406403930480924269e-01
9.454061392496329042e-01 2.413123962945518397e-01
9.454029877888849853e-01 2.419582966967675219e-01
9.454020980921833406e-01 2.421446200383111369e-01
9.454000563603026652e-01 2.425792636578874006e-01
9.453973280186058759e-01 2.431764103509713726e-01
9.453947872304693245e-01 2.437507963460346372e-01
9.453924197494256720e-01 2.443034301470826397e-01
9.453902125023512237e-01 2.448352716364249893e-01
9.453882244497423537e-01 2.453293196352319960e-01
9.453881534864344571e-01 2.453472344247567272e-01
9.453862316756352913e-01 2.458401881064904981e-01
9.453844369357295996e-01 2.463149604206494869e-01
9.453827599471321674e-01 2.467723393182912617e-01
9.453811921347540226e-01 2.472130749379961023e-01
9.453797256042352215e-01 2.476378814913656468e-01
9.453783530839473537e-01 2.480474390608377322e-01
9.453783530839472427e-01 2.480474390608375934e-01
