# n_s, r predictions of a polynomial alpha attractor model with k=1 and N_\star=47.
9.716213856692881290e-01 1.089899842122208468e-04
9.716213856692922368e-01 1.089899842122055054e-04
9.716203357840885735e-01 1.196147937474619470e-04
9.716191771784483677e-01 1.312752238020517396e-04
9.716178988618476842e-01 1.440721937226618259e-04
9.716164887580249765e-01 1.581164524880100349e-04
9.716149336005924786e-01 1.735295351431679906e-04
9.716132188194191999e-01 1.904448120774687551e-04
9.716113284167430253e-01 2.090086401068222855e-04
9.716092448322733999e-01 2.293816251722251233e-04
9.716069487961227491e-01 2.517400073961428061e-04
9.716044191695265564e-01 2.762771802391305437e-04
9.716016327712142520e-01 3.032053566177291839e-04
9.715985641895252822e-01 3.327573960176980036e-04
9.715951855788951264e-01 3.651888079430820264e-04
9.715914664398196399e-01 4.007799484371789246e-04
9.715873733814348601e-01 4.398384279180990800e-04
9.715828698658570683e-01 4.827017501909711778e-04
9.715779159335207193e-01 5.297402042303962734e-04
9.715724679089727811e-01 5.813600321622789746e-04
9.715664780864338157e-01 6.380068988247693772e-04
9.715598943953646094e-01 7.001696902989536838e-04
9.715526600457932149e-01 7.683846709164960731e-04
9.715447131542307435e-01 8.432400303617905392e-04
9.715359863511132676e-01 9.253808546159496837e-04
9.715264063721619214e-01 1.015514556488229326e-03
9.715158936354345576e-01 1.114416803397411332e-03
9.715043618092289446e-01 1.222937981512005898e-03
9.714917173748834900e-01 1.342010236530128200e-03
9.714778591922852424e-01 1.472655131627694002e-03
9.714626780766819625e-01 1.615991962478161839e-03
9.714460563984281816e-01 1.773246767091121766e-03
9.714278677201515499e-01 1.945762064119784104e-03
9.714079764894153479e-01 2.135007346499978847e-03
9.713862378091316918e-01 2.342590346923260382e-03
9.713624973129985074e-01 2.570269076537581420e-03
9.713365911786000506e-01 2.819964617003593074e-03
9.713083463178580068e-01 3.093774616626493879e-03
9.712775807910382087e-01 3.393987401666736549e-03
9.712441044990676176e-01 3.723096561000751453e-03
9.712077202167042067e-01 4.083815792933872396e-03
9.711682250385563764e-01 4.479093712741943553e-03
9.711254123171835229e-01 4.912128204238626859e-03
9.710790741806942794e-01 5.386379752473166409e-03
9.710290047216756371e-01 5.905583012551413741e-03
9.709750039513432851e-01 6.473755645532396075e-03
9.709168826088127036e-01 7.095203181960429810e-03
9.708544679041775094e-01 7.774518353770711737e-03
9.707876102524827244e-01 8.516572966799525884e-03
9.707161910208327305e-01 9.326499975423722943e-03
9.706401312596799613e-01 1.020966298340753899e-02
9.705594013188969527e-01 1.117160995917373077e-02
9.704740311574320266e-01 1.221800756521564807e-02
9.703841210415957708e-01 1.335455222825048666e-02
9.702898521931543341e-01 1.458685401352166448e-02
9.701914967998640504e-01 1.592028963645181205e-02
9.700894266481586703e-01 1.735982169696137153e-02
9.699841194964513580e-01 1.890978262205677066e-02
9.698761622007956440e-01 2.057362401212119510e-02
9.697662495608476707e-01 2.235363522801544697e-02
9.696551779063414811e-01 2.425063916127503938e-02
9.695438326247307614e-01 2.626367807661880716e-02
9.694331691644870741e-01 2.838970786193972459e-02
9.693241875439678745e-01 3.062332435148634041e-02
9.692179010340185030e-01 3.295654970895186414e-02
9.691153004093990830e-01 3.537870906201408261e-02
9.690173158879048509e-01 3.787642651553986550e-02
9.689247794747902764e-01 4.043376440376204861e-02
9.689182823874298300e-01 4.062158541534242884e-02
9.688383907717833532e-01 4.303251978434365077e-02
9.687586892826550722e-01 4.565267818755692347e-02
9.686860357934803378e-01 4.827300797334445337e-02
9.686206045489762495e-01 5.087176168732106957e-02
9.685623867998174319e-01 5.342743642482831318e-02
9.685602408564993882e-01 5.352686119942033638e-02
9.685112050445466858e-01 5.591953616552593209e-02
9.684667361496706040e-01 5.832927725148290277e-02
9.684304958558787035e-01 6.051532975129142455e-02
9.684285406959277642e-01 6.064018419302664997e-02
9.683960954913085617e-01 6.283853577710984961e-02
9.683688262392191604e-01 6.491363868993248187e-02
9.683686725891326175e-01 6.492606094885806922e-02
9.683461377870280495e-01 6.685792450838648482e-02
9.683343827689041561e-01 6.796896612259456516e-02
9.683274400741893606e-01 6.866688296488115961e-02
9.683133940432927522e-01 7.019660992813063494e-02
9.683121686936611017e-01 7.033885754123889167e-02
9.682997997336312279e-01 7.187473746277789344e-02
9.682996202081671777e-01 7.189855844865239431e-02
9.682900986581968183e-01 7.324153005168178299e-02
9.682898591781609055e-01 7.327758292108590976e-02
9.682832454085450458e-01 7.432839401970885163e-02
9.682819275657843505e-01 7.455221862042306358e-02
9.682781508053009967e-01 7.522610139307041310e-02
9.682756408311767871e-01 7.570482580535692341e-02
9.682742621114074355e-01 7.598011780508714952e-02
9.682712277268749057e-01 7.662240868047315301e-02
9.682706883152627508e-01 7.674255621727556209e-02
9.682688153483447469e-01 7.717610701036835275e-02
9.682668665059435131e-01 7.765836854400809397e-02
9.682668088690028485e-01 7.767318422400186495e-02
9.682652701021295938e-01 7.808218610492947964e-02
9.682639463879384456e-01 7.845758058377340360e-02
9.682637858428128075e-01 7.850480663249105595e-02
9.682628369231144339e-01 7.879240501885990955e-02
9.682618980960504551e-01 7.909290092883559942e-02
9.682614415882709880e-01 7.924559402345468517e-02
9.682610968308701382e-01 7.936409163279335710e-02
9.682604076770027213e-01 7.961006570459419618e-02
9.682598107949506039e-01 7.983418478137099816e-02
9.682596319316794098e-01 7.990359310095110357e-02
9.682592905362528146e-01 8.003923828099406002e-02
9.682588344254862145e-01 8.022756020987657777e-02
9.682584324193249659e-01 8.040111847494862962e-02
9.682582409291414782e-01 8.048657653974813919e-02
9.682580763597437024e-01 8.056158396712805037e-02
9.682577595653496516e-01 8.071038456791708449e-02
9.682574765223738167e-01 8.084874778376127669e-02
9.682572226484938982e-01 8.097773470760517844e-02
9.682571760895222202e-01 8.100193498848411167e-02
9.682569941105222400e-01 8.109826729869973327e-02
9.682567876823686692e-01 8.121115046584348462e-02
9.682566006334261122e-01 8.131709007353174479e-02
9.682564306401598708e-01 8.141670772307192661e-02
9.682563641573793678e-01 8.145660501769445838e-02
9.682562757155486199e-01 8.151055296309404896e-02
9.682561341523762133e-01 8.159911343638047432e-02
9.682560044773544927e-01 8.168282335880992784e-02
9.682558854137771620e-01 8.176207064176496675e-02
9.682557758509396928e-01 8.183720290464902014e-02
9.682557474807470532e-01 8.185702663981932192e-02
9.682556748189615758e-01 8.190853257419966615e-02
9.682555814679471018e-01 8.197634122843214244e-02
9.682554950506524483e-01 8.204088331261931433e-02
9.682554149080003780e-01 8.210238933073139844e-02
9.682553404569212985e-01 8.216106859673934226e-02
9.682552809442953601e-01 8.220912434363071564e-02
9.682552711801036827e-01 8.221711161500931675e-02
9.682552066173183425e-01 8.227069214684873399e-02
9.682551463580476581e-01 8.232196901044239179e-02
9.682550900351987178e-01 8.237108765346698447e-02
9.682550373197248428e-01 8.241818153118739276e-02
9.682549879160058381e-01 8.246337331754018118e-02
9.682549415578685092e-01 8.250677597235205052e-02
9.682549294219249258e-01 8.251830618707152454e-02
9.682548980051489673e-01 8.254849368424335698e-02
9.682548570407124577e-01 8.258862270579221676e-02
9.682548184678628767e-01 8.262725209505183965e-02
9.682547821080869088e-01 8.266446437544820725e-02
9.682547477990807172e-01 8.270033612435162551e-02
9.682547153930234352e-01 8.273493849915590503e-02
9.682546847550589364e-01 8.276833770847404070e-02
9.682546656895275605e-01 8.278947623407678647e-02
9.682546557619616800e-01 8.280059543501455677e-02
9.682546283009582089e-01 8.283176921582317831e-02
9.682546022686858711e-01 8.286191278482253619e-02
9.682545775702703361e-01 8.289107638193916883e-02
9.682545541185063609e-01 8.291930703256038260e-02
9.682545318331294837e-01 8.294664880059096634e-02
9.682545106401664325e-01 8.297314301797430180e-02
9.682544904713556999e-01 8.299882849319246969e-02
9.682544712636290685e-01 8.302374170095838668e-02
9.682544687343643819e-01 8.302705639895750778e-02
9.682544529586465387e-01 8.304791695504969151e-02
9.682544355023801064e-01 8.307138656600628057e-02
9.682544188447388400e-01 8.309418098521698104e-02
9.682544029392309293e-01 8.311632893674582301e-02
9.682543877426598167e-01 8.313785753809750656e-02
9.682543732148495286e-01 8.315879241099108365e-02
9.682543593183962072e-01 8.317915778309215025e-02
9.682543460184424022e-01 8.319897658155428477e-02
9.682543332824739002e-01 8.321827051912651652e-02
9.682543223990173198e-01 8.323501450889285447e-02
9.682543210801336508e-01 8.323706017351033271e-02
9.682543093830542347e-01 8.325536506057289177e-02
9.682542981647030977e-01 8.327320370196603094e-02
9.682542874002439959e-01 8.329059368764250848e-02
9.682542770664087639e-01 8.330755173371356959e-02
9.682542671413809643e-01 8.332409373604814096e-02
9.682542576046890836e-01 8.334023481997442084e-02
9.682542484371091662e-01 8.335598938641079758e-02
9.682542396205747748e-01 8.337137115472159632e-02
9.682542311380960554e-01 8.338639320256628629e-02
9.682542229736824657e-01 8.340106800298512091e-02
9.682542151122754959e-01 8.341540745894160391e-02
9.682542143027575987e-01 8.341689607169075482e-02
9.682542075396833869e-01 8.342942293552442490e-02
9.682542002425224004e-01 8.344312528999010825e-02
9.682541932081637492e-01 8.345652489981496280e-02
9.682541864246819729e-01 8.346963168890747520e-02
9.682541798808100841e-01 8.348245515212092405e-02
9.682541735658959370e-01 8.349500437819279419e-02
9.682541674698630363e-01 8.350728807122910491e-02
9.682541615831739001e-01 8.351931457083765220e-02
9.682541558967960871e-01 8.353109187101098732e-02
9.682541504021707768e-01 8.354262763784686685e-02
9.682541450911830161e-01 8.355392922618942730e-02
9.682541399561356288e-01 8.356500369526755068e-02
9.682541349897227922e-01 8.357585782339919944e-02
9.682541349897227922e-01 8.357585782339919944e-02
