# n_s, r predictions of a polynomial alpha attractor model with k=4 and N_\star=48.
9.652729402969185690e-01 4.694807827818108176e-05
9.652729402969020267e-01 4.694807827818108176e-05
9.652720418627935839e-01 5.069945975067858477e-05
9.652710487574236442e-01 5.475089284625794871e-05
9.652699524394147135e-01 5.912642922326524336e-05
9.652687436451483638e-01 6.385205749509628758e-05
9.652674123289195496e-01 6.895586075672646741e-05
9.652659475989965321e-01 7.446818717850894518e-05
9.652643376469495218e-01 8.042183480359301438e-05
9.652625696731702565e-01 8.685225176758483586e-05
9.652606298038921562e-01 9.379775330516425616e-05
9.652585030028242308e-01 1.012997570026240177e-04
9.652561729749893349e-01 1.094030379221398302e-04
9.652536220620183682e-01 1.181560053659831146e-04
9.652508311292286036e-01 1.276110032259637891e-04
9.652477794423055535e-01 1.378246360598458392e-04
9.652444445341730184e-01 1.488581232409759945e-04
9.652408020596247029e-01 1.607776837837884300e-04
9.652368256383195844e-01 1.736549546907209833e-04
9.652324866828253525e-01 1.875674460008750952e-04
9.652277542125001775e-01 2.025990360168145065e-04
9.652225946502279719e-01 2.188405106024110319e-04
9.652169716017985346e-01 2.363901508343273466e-04
9.652108456143193571e-01 2.553543738127056245e-04
9.652041739131251852e-01 2.758484319414878727e-04
9.651969101150997821e-01 2.979971766227501573e-04
9.651957724261187588e-01 3.014521981339059967e-04
9.651890039143069533e-01 3.219358930287794245e-04
9.651804007388316009e-01 3.478112133814612711e-04
9.651710413749979844e-01 3.757821171080199109e-04
9.651608615553534110e-01 4.060210272798530804e-04
9.651497915069005007e-01 4.387150139373009153e-04
9.651377554548670190e-01 4.740671162930356394e-04
9.651246710770918780e-01 5.122977973930701841e-04
9.651104489037098944e-01 5.536465466553449916e-04
9.650949916551516683e-01 5.983736478603905772e-04
9.650803727022462253e-01 6.404965954101509264e-04
9.650781935122610955e-01 6.467621326130020129e-04
9.650599393096147560e-01 6.991199422386629603e-04
9.650401036433318147e-01 7.557823244218767143e-04
9.650185498829593200e-01 8.171144948765164716e-04
9.649951290757102784e-01 8.835145989923274840e-04
9.649696787298287504e-01 9.554170138854339986e-04
9.649420214621718950e-01 1.033296037760881615e-03
9.649399798583608856e-01 1.039035222069330374e-03
9.649119634931265788e-01 1.117670021154333138e-03
9.648792929700373833e-01 1.209106003722862236e-03
9.648437780978068590e-01 1.308224931058943026e-03
9.648051650532212253e-01 1.415707538880137551e-03
9.647792455535275646e-01 1.487711699362757010e-03
9.647631756570007600e-01 1.532301007301538733e-03
9.647175047749544374e-01 1.658826506261584051e-03
9.646678174179593723e-01 1.796187775070360194e-03
9.646137455082512968e-01 1.945380905310527741e-03
9.646004867781334813e-01 1.981923835914063681e-03
9.645548842792965871e-01 2.107505527624065501e-03
9.644907882771360796e-01 2.283777640333820112e-03
9.644209669343623004e-01 2.475544362360213545e-03
9.644050287345061756e-01 2.519289591845321960e-03
9.643448796947383661e-01 2.684300945700513266e-03
9.642619306779566246e-01 2.911710445048263946e-03
9.641937008220771155e-01 3.098691074478965735e-03
9.641714628929041186e-01 3.159626515090513659e-03
9.640727520347724955e-01 3.430119890794023317e-03
9.639670737173328119e-01 3.719822152935955365e-03
9.639649999399777514e-01 3.725509203256757457e-03
9.638473278236326935e-01 4.048396893999907202e-03
9.637255931280471755e-01 4.382940030990809845e-03
9.637187694879401079e-01 4.401711113879266252e-03
9.635782647635441345e-01 4.788754628970283075e-03
9.634696632925746629e-01 5.088711902725797862e-03
9.634246535217594332e-01 5.213261905196428514e-03
9.632566706592138317e-01 5.679465708444637884e-03
9.631997006170014419e-01 5.838110587257025648e-03
9.630729424846938835e-01 6.192174744134148340e-03
9.629161657622914428e-01 6.632337996022179966e-03
9.628719849010652920e-01 6.756864083943854918e-03
9.626522036443764252e-01 7.379780411931520859e-03
9.626195782021771397e-01 7.472766547416743489e-03
9.624118966029114874e-01 8.068064502443218766e-03
9.623105164488798824e-01 8.360893954340996304e-03
9.621492579149220070e-01 8.829893856042787120e-03
9.619896077189254990e-01 9.298309082027498770e-03
9.618623832127370932e-01 9.674649094286211226e-03
9.616575114673676650e-01 1.028666720457266544e-02
9.615492751793617288e-01 1.061310854199861917e-02
9.613149011940501643e-01 1.132767287684623321e-02
9.612078486715713854e-01 1.165767634380460507e-02
9.609624480616683062e-01 1.242306840356965751e-02
9.608359351586980290e-01 1.282265034367606645e-02
9.606008084806030300e-01 1.357462586375743525e-02
9.604312871315499045e-01 1.412453662692288864e-02
9.602306164001805922e-01 1.478414090351496540e-02
9.599915843135432558e-01 1.558241788303787838e-02
9.598524799741443569e-01 1.605342694288475203e-02
9.595144447288413980e-01 1.721838237612446573e-02
9.594669816755451164e-01 1.738430890906794354e-02
9.590746807624519477e-01 1.877861600379297086e-02
9.589974447425515525e-01 1.905801902703023812e-02
9.586761170908449925e-01 2.023817329487425515e-02
9.584381529917128661e-01 2.113098148147295532e-02
9.582718154904315000e-01 2.176479209393901090e-02
9.578622901563538239e-01 2.336025917390094700e-02
9.578341837153637739e-01 2.347161933812155765e-02
9.574480487161447506e-01 2.502632491783688198e-02
9.571832754695203116e-01 2.611966680850924538e-02
9.570295957847934076e-01 2.676469050274793773e-02
9.566074359254658210e-01 2.857699422183344537e-02
9.564834016460065369e-01 2.912096632118979858e-02
9.561820759984943630e-01 3.046479704703720232e-02
9.557540269178542713e-01 3.242956753446493007e-02
9.557329195199664174e-01 3.252818473208719113e-02
9.553238048527089576e-01 3.447266617983751891e-02
9.549307644428035591e-01 3.640145006216648910e-02
9.548919319186115473e-01 3.659532933994857212e-02
9.544589364039242074e-01 3.879865284804836362e-02
9.540766947319533342e-01 4.080879392347053908e-02
9.540253525748189078e-01 4.108357546570377133e-02
9.535917200992953813e-01 4.345086232927542619e-02
9.531715899626607147e-01 4.582622622163096821e-02
9.531585831274612675e-01 4.590108856554313277e-02
9.527264890629003613e-01 4.843462326660557399e-02
9.522959870582589081e-01 5.105161402845456026e-02
9.522177996360638996e-01 5.153719336085072628e-02
9.518676262672303157e-01 5.375197226977235232e-02
9.514419538850095170e-01 5.653535955644696520e-02
9.512195292930158974e-01 5.803108265535277671e-02
9.510195130095553395e-01 5.940117516292756084e-02
9.506008403568368959e-01 6.234854510255068843e-02
9.501864638641405181e-01 6.537631285549014293e-02
9.501832358887966068e-01 6.540034676435041439e-02
9.497769002166988050e-01 6.848303201377335669e-02
9.493726523335032086e-01 7.166696104913586329e-02
9.491179832399877503e-01 7.373576097069403645e-02
9.489742068492141858e-01 7.492606038867169471e-02
9.485820316290345389e-01 7.825799195843852196e-02
9.481965733533693763e-01 8.166012132400113366e-02
9.480356831296090636e-01 8.311934324231184945e-02
9.478182552082459189e-01 8.512952252143762832e-02
9.474474747161607535e-01 8.866298563223733165e-02
9.470846017398141248e-01 9.225702711276692614e-02
9.469511232471167217e-01 9.361463663900793097e-02
9.467299766887031787e-01 9.590790284284020362e-02
9.463839089550822870e-01 9.961162381155938550e-02
9.460466756020036172e-01 1.033639743115611631e-01
9.458816695301316413e-01 1.052544632700968541e-01
9.457185203217827185e-01 1.071605324673392812e-01
9.453996526784963494e-01 1.109966928803658992e-01
9.450902476431179977e-01 1.148676911346202673e-01
9.448465424927737777e-01 1.180269729174296955e-01
9.447904454247766370e-01 1.187686298719259903e-01
9.445003515964021101e-01 1.226945061185931718e-01
9.442200375081847286e-01 1.266402395228523603e-01
9.439495409772734602e-01 1.306007011494420555e-01
9.438656206399568260e-01 1.318617993974200708e-01
9.436888672380061571e-01 1.345707424705410438e-01
9.434379901329326135e-01 1.385452241942412011e-01
9.431968535216304073e-01 1.425190445806550077e-01
9.429653728816546066e-01 1.464871669119498232e-01
9.429578268172267297e-01 1.466191959686478641e-01
9.427434370738376757e-01 1.504446458059230385e-01
9.425309102430933228e-01 1.543866520902638650e-01
9.423276338249299000e-01 1.583084959892814003e-01
9.421392920554855221e-01 1.620857127642765239e-01
9.421334286281715098e-01 1.622056484107662344e-01
9.419480969648934554e-01 1.660737601607008285e-01
9.417714247998136834e-01 1.699086789542530174e-01
9.416031838930358777e-01 1.737064641326492853e-01
9.414431339121153153e-01 1.774633990358764624e-01
9.414216231341452357e-01 1.779797297023848202e-01
9.412910244917723768e-01 1.811760010198160686e-01
9.411465972221795262e-01 1.848410291425043595e-01
9.410095875494617346e-01 1.884554895771371752e-01
9.408797265748335414e-01 1.920166388386402578e-01
9.408106599579252327e-01 1.939685403278299525e-01
9.407567427415511885e-01 1.955219849357598960e-01
9.406403634015423343e-01 1.989692865815234080e-01
9.405303162561129415e-01 2.023565506114720081e-01
9.404263306675018086e-01 2.056820277713657108e-01
9.403281388402089380e-01 2.089442070443033317e-01
9.403060419640452139e-01 2.096958164703230931e-01
9.402354768729427326e-01 2.121418086915873302e-01
9.401480856837153288e-01 2.152737761826243879e-01
9.400657118120373523e-01 2.183392671869724411e-01
9.399881081033486518e-01 2.213376437968213317e-01
9.399150342817611525e-01 2.242684621411035195e-01
9.399017060384018407e-01 2.248150616993855877e-01
9.398462574179087259e-01 2.271314615435235940e-01
9.397815522992101211e-01 2.299265533664820171e-01
9.397207017101695259e-01 2.326538096715236870e-01
9.396634966305001946e-01 2.353134518149569143e-01
9.396097363588650220e-01 2.379058390849264348e-01
9.395871801398318901e-01 2.390224674832393259e-01
9.395592285699145840e-01 2.404314574738408983e-01
9.395117893120936703e-01 2.428909086678167906e-01
9.394672429533885705e-01 2.452848993229646002e-01
9.394254220818282208e-01 2.476142306870235399e-01
9.393861673671533019e-01 2.498797886141953251e-01
9.393493273895996420e-01 2.520825340112445301e-01
9.393493273895996420e-01 2.520825340112447521e-01
