# n_s, r predictions of a polynomial alpha attractor model with k=4 and N_\star=46.
9.637632092614958346e-01 5.039906003048382188e-05
9.637632092614958346e-01 5.039906003048382188e-05
9.637622597651295253e-01 5.442623950918772791e-05
9.637612094854419720e-01 5.877554084032625832e-05
9.637600493060679563e-01 6.347278692795860536e-05
9.637587693390736732e-01 6.854588067244928810e-05
9.637573588607156738e-01 7.402497420099150524e-05
9.637558062432952655e-01 7.994265214895288324e-05
9.637540988799878638e-01 8.633413021390127021e-05
9.637522231041230070e-01 9.323747030165213006e-05
9.637501641014816212e-01 1.006938137239264496e-04
9.637479058154945211e-01 1.087476340309850295e-04
9.637454308443170747e-01 1.174470112269611897e-04
9.637427203290735989e-01 1.268439292754553241e-04
9.637397538327515667e-01 1.369945989969552640e-04
9.637365092088198137e-01 1.479598086641083568e-04
9.637329624584350940e-01 1.598053048369612076e-04
9.637290875752770880e-01 1.726022062388152224e-04
9.637248563771624310e-01 1.864274537623942184e-04
9.637202383225275115e-01 2.013643000246511652e-04
9.637152003110928122e-01 2.175028422514834337e-04
9.637097064665839374e-01 2.349406026877711329e-04
9.637037179002112541e-01 2.537831611849630472e-04
9.636971924524155853e-01 2.741448451564699649e-04
9.636900844116839115e-01 2.961494826614786556e-04
9.636823442064311740e-01 3.199312250854979530e-04
9.636811317848621439e-01 3.236410235846169528e-04
9.636739180696417550e-01 3.456354465998123142e-04
9.636647476707744797e-01 3.734197285186006943e-04
9.636547697134166812e-01 4.034549376121699012e-04
9.636439154937966878e-01 4.359264086180717791e-04
9.636321104168614760e-01 4.710352424767677419e-04
9.636192734643428404e-01 5.089997333513444910e-04
9.636053166099859402e-01 5.500569392217100019e-04
9.635901441756870023e-01 5.944644128662254258e-04
9.635736521218297712e-01 6.425021123904519618e-04
9.635580527384581817e-01 6.877447802674888653e-04
9.635557272640664639e-01 6.944745131793036768e-04
9.635362464077458222e-01 7.507129463455473406e-04
9.635150753903695131e-01 8.115781924381422182e-04
9.634920680206777721e-01 8.774633635665946745e-04
9.634670649018078903e-01 9.487971121986783296e-04
9.634398921242879332e-01 1.026047210944148200e-03
9.634103598126547707e-01 1.109724554773587179e-03
9.634081796700940670e-01 1.115891290849447106e-03
9.633782605075222882e-01 1.200387645577497735e-03
9.633433673626491389e-01 1.298647629013777475e-03
9.633054321340591697e-01 1.405173965532595728e-03
9.632641829357077023e-01 1.520700831710266460e-03
9.632364913198303569e-01 1.598100845428542796e-03
9.632193217336593172e-01 1.646034365007138659e-03
9.631705215476847881e-01 1.782060885412347848e-03
9.631174233276666996e-01 1.929756251685129471e-03
9.630596324694662425e-01 2.090196539051504283e-03
9.630454607483865948e-01 2.129497956431718273e-03
9.629967149349242250e-01 2.264570259934494539e-03
9.629281929412709662e-01 2.454192390856252751e-03
9.628535401888549394e-01 2.660520518110683248e-03
9.628364976997143554e-01 2.707592981096585902e-03
9.627721766034531559e-01 2.885173473534755669e-03
9.626834625825176905e-01 3.129952900980998223e-03
9.626104811505084013e-01 3.331256897498548891e-03
9.625866927542572338e-01 3.396868275421942134e-03
9.624810892897796011e-01 3.688165990799760138e-03
9.623680139598110861e-01 4.000236203756572274e-03
9.623657948489998670e-01 4.006363241277375448e-03
9.622398652981342115e-01 4.354287543181322058e-03
9.621095666976368088e-01 4.714886367920002354e-03
9.621022624060393547e-01 4.735122882230022139e-03
9.619518468080247020e-01 5.152463621986172124e-03
9.618355675883575318e-01 5.476006998608391567e-03
9.617873716100410197e-01 5.610377475243939413e-03
9.616074770774722946e-01 6.113479022546971890e-03
9.615464604009340555e-01 6.284729288665403396e-03
9.614106868865203159e-01 6.667015468326090676e-03
9.612427391440104829e-01 7.142433098631613408e-03
9.611954063794913017e-01 7.276966570671000202e-03
9.609599231276397813e-01 7.950160991813341044e-03
9.609249638276495808e-01 8.050683162307403079e-03
9.607024098494505449e-01 8.694411731145969269e-03
9.605937606944678908e-01 9.011179609554829592e-03
9.604209293852389306e-01 9.518673862003649080e-03
9.602498109738391019e-01 1.002572042689816798e-02
9.601134410744400771e-01 1.043322852595881048e-02
9.598938329478886589e-01 1.109617411720477398e-02
9.597778076688906479e-01 1.144989803256114998e-02
9.595265621091501052e-01 1.222446065276063323e-02
9.594118020192282659e-01 1.258229789255012158e-02
9.591487332628104712e-01 1.341253852307644837e-02
9.590131133203823044e-01 1.384613252976394163e-02
9.587610669265287378e-01 1.466239563002999687e-02
9.585793537018877375e-01 1.525954206193082599e-02
9.583642608421976128e-01 1.597604205236993063e-02
9.581080672485519090e-01 1.684350767127153897e-02
9.579589862454928051e-01 1.735550317602434917e-02
9.575967448892113154e-01 1.862232243066947596e-02
9.575458878907604499e-01 1.880281220372112885e-02
9.571255866361603193e-01 2.032000149825539601e-02
9.570428497660324885e-01 2.062413266064900066e-02
9.566986834956001662e-01 2.190909252929596623e-02
9.564438585863141995e-01 2.288155142911875786e-02
9.562657643001655217e-01 2.357208438816816437e-02
9.558274043709377166e-01 2.531094093820071902e-02
9.557973250960808409e-01 2.543233980017533397e-02
9.553841728286041057e-01 2.712757671373045021e-02
9.551009722993026863e-01 2.832014154658277563e-02
9.549366363333580132e-01 2.902384169579929479e-02
9.544853621628512919e-01 3.100150509519375430e-02
9.543528204217357480e-01 3.159524133740722329e-02
9.540309206075243686e-01 3.306223827368180018e-02
9.535738867030407739e-01 3.520759693771987470e-02
9.535513577611118841e-01 3.531529234447671611e-02
9.531148413402614761e-01 3.743900274639783143e-02
9.526957611091756428e-01 3.954592368475844805e-02
9.526543718014692796e-01 3.975772448753759486e-02
9.521930717732101090e-01 4.216485899147597027e-02
9.517861707197314836e-01 4.436108787096661177e-02
9.517315408844966296e-01 4.466131197011212473e-02
9.512703838164943138e-01 4.724777898776916923e-02
9.508240208645030167e-01 4.984294100834398694e-02
9.508102090270152962e-01 4.992472678957342314e-02
9.503516271311627239e-01 5.269237523059655537e-02
9.498952489781724573e-01 5.555068006437691164e-02
9.498124196210224746e-01 5.608096414229696985e-02
9.494416834640586611e-01 5.849931686128644753e-02
9.489915351198924265e-01 6.153766633483542109e-02
9.487565593140268039e-01 6.316993951470856183e-02
9.485454015163585773e-01 6.466480135623285663e-02
9.481038705262196942e-01 6.787947593417899272e-02
9.476675174875383023e-01 7.118011642675320383e-02
9.476641209417208112e-01 7.120630886727245812e-02
9.472369023115353448e-01 7.456481523550945179e-02
9.468125665797737511e-01 7.803132720792101129e-02
9.465456120995463518e-01 8.028239938951535482e-02
9.463950306755188890e-01 8.157706894385415020e-02
9.459847909941518918e-01 8.519912116349487308e-02
9.455823172761653739e-01 8.889423425141847190e-02
9.454145510785977313e-01 9.047806813138961624e-02
9.451880501048078864e-01 9.265883704186390901e-02
9.448023986078063485e-01 9.648904885728318281e-02
9.444257383991165877e-01 1.003806947564468699e-01
9.442873869490473471e-01 1.018495726226901904e-01
9.440584097928415019e-01 1.043293238898071323e-01
9.437007163162322021e-01 1.083302308034228417e-01
9.433529235436003413e-01 1.123784794759159211e-01
9.431830389379164403e-01 1.144160126680330153e-01
9.430152582669104611e-01 1.164689298209929391e-01
9.426879080126797650e-01 1.205962663404233776e-01
9.423710209084514844e-01 1.247550285713458773e-01
9.421219648590040130e-01 1.281445479461565951e-01
9.420647058957856146e-01 1.289396429384011555e-01
9.417690332805921383e-01 1.331444555964631238e-01
9.414840356058070681e-01 1.373637658346234802e-01
9.412097088262989519e-01 1.415918596059304313e-01
9.411247426298575691e-01 1.429366911504696969e-01
9.409460137610352604e-01 1.458230427524945527e-01
9.406928777939111974e-01 1.500516735082352004e-01
9.404501967914018490e-01 1.542721938847076424e-01
9.402178372030741693e-01 1.584791595755881133e-01
9.402102727344899824e-01 1.586190053946001099e-01
9.399956383096350621e-01 1.626672680527170844e-01
9.397834145827171914e-01 1.668313845693526476e-01
9.395809581209247918e-01 1.709665658331407934e-01
9.393938582371459400e-01 1.749419704609500581e-01
9.393880411277357734e-01 1.750680811607733811e-01
9.392044183985716055e-01 1.791314309769405644e-01
9.390298297866331856e-01 1.831523625705551439e-01
9.388640026198168398e-01 1.871268830700959784e-01
9.387066540440881512e-01 1.910512696460968662e-01
9.386855373423147464e-01 1.915900366655496623e-01
9.385574932719732422e-01 1.949220769913926898e-01
9.384162237182241961e-01 1.987361421679439966e-01
9.382825450081316854e-01 2.024905869423335725e-01
9.381561548473150713e-01 2.061828177600690537e-01
9.380890627899058920e-01 2.082036720837016630e-01
9.380367507450189102e-01 2.098105235314008665e-01
9.379240315859560528e-01 2.133716714185782126e-01
9.378176990484892173e-01 2.168645008264260543e-01
9.377174588694144886e-01 2.202875158051831039e-01
9.376230219577785796e-01 2.236394760770331058e-01
9.376018001421855264e-01 2.244109402726271740e-01
9.375341053620148690e-01 2.269193868962645355e-01
9.374504330962216692e-01 2.301264879479266168e-01
9.373717368326487387e-01 2.332602414818052139e-01
9.372977564684037421e-01 2.363203198681032569e-01
9.372282405750773648e-01 2.393065927488352007e-01
9.372155769788764745e-01 2.398630022232221548e-01
9.371629467404252178e-01 2.422191139452294639e-01
9.371016418114760382e-01 2.450581082667503685e-01
9.370441020484729933e-01 2.478239583522288958e-01
9.369901131989383236e-01 2.505171916582825675e-01
9.369394705009046476e-01 2.531384676951345392e-01
9.369182505613212752e-01 2.542663655184839722e-01
9.368919786239984226e-01 2.556885655952856884e-01
9.368474515566248551e-01 2.581683720865141640e-01
9.368057124470091646e-01 2.605788699275106701e-01
9.367665934053076571e-01 2.629211268522371747e-01
9.367299352734403950e-01 2.651962850578751252e-01
9.366955873687294876e-01 2.674055512610698515e-01
9.366955873687293765e-01 2.674055512610700180e-01
