# n_s, r predictions of a polynomial alpha attractor model with k=1 and N_\star=51.
9.738472218699523175e-01 9.774538480824629611e-05
9.738472218699523175e-01 9.774538480827525786e-05
9.738462671933302284e-01 1.072741327738596320e-04
9.738452140500600818e-01 1.177316857731054993e-04
9.738440525109066659e-01 1.292085577535460265e-04
9.738427716669576517e-01 1.418040794609964439e-04
9.738413595355853714e-01 1.556272564491116268e-04
9.738398029579360404e-01 1.707977104039371311e-04
9.738380874871341852e-01 1.874467118295427323e-04
9.738361972665560140e-01 2.057183129060353359e-04
9.738341148970734995e-01 2.257705901688821903e-04
9.738318212933126938e-01 2.477770075583301786e-04
9.738292955267547901e-01 2.719279113978461770e-04
9.738265146561099206e-01 2.984321699110691062e-04
9.738234535433843986e-01 3.275189710746954854e-04
9.738200846549599499e-01 3.594397938552738067e-04
9.738163778468872378e-01 3.944705692455103305e-04
9.738123001335114992e-01 4.329140489777317646e-04
9.738078154389141483e-01 4.751024013593186431e-04
9.738028843300720050e-01 5.214000553565612288e-04
9.737974637320477855e-01 5.722068157942793686e-04
9.737915066242597284e-01 6.279612744235162601e-04
9.737849617182678941e-01 6.891445435065452580e-04
9.737777731174254159e-01 7.562843405408230506e-04
9.737698799593005328e-01 8.299594547073019897e-04
9.737612160424444774e-01 9.108046275333725721e-04
9.737517094397158957e-01 9.995158820427015468e-04
9.737412821016774300e-01 1.096856336176474031e-03
9.737298494543018545e-01 1.203662537429864158e-03
9.737173199971574933e-01 1.320851356168462618e-03
9.737035949097887499e-01 1.449427474790402400e-03
9.736885676762904174e-01 1.590491508368670811e-03
9.736721237406874563e-01 1.745248789220761902e-03
9.736541402088735309e-01 1.915018842393655368e-03
9.736344856166898598e-01 2.101245570541184892e-03
9.736130197876666781e-01 2.305508154176193897e-03
9.735895938097997027e-01 2.529532655366524205e-03
9.735640501655231649e-01 2.775204288304643479e-03
9.735362230562337738e-01 3.044580286489318235e-03
9.735059389695107646e-01 3.339903251314805307e-03
9.734730175449179956e-01 3.663614807535203136e-03
9.734372728020026511e-01 4.018369313868490160e-03
9.733985148020884992e-01 4.407047277660174241e-03
9.733565518220487212e-01 4.832767996502188024e-03
9.733111931237263814e-01 5.298900791718445628e-03
9.732622524049592272e-01 5.809074003667255744e-03
9.732095520161107016e-01 6.367180682151201039e-03
9.731529280175811314e-01 6.977379623611960381e-03
9.730922361366158846e-01 7.644090079732181013e-03
9.730273586531834606e-01 8.371978093768227963e-03
9.729582122019785340e-01 9.165932022952965816e-03
9.728847564179612384e-01 1.003102439991636861e-02
9.728070032742547335e-01 1.097245691028992179e-02
9.727250268623510721e-01 1.199548497390604505e-02
9.726389732469792326e-01 1.310531829267327746e-02
9.725490698949226243e-01 1.430699387527844049e-02
9.724556340368878393e-01 1.560521859829333037e-02
9.723590791876342010e-01 1.700417946455138815e-02
9.722599189399165898e-01 1.850732152613957307e-02
9.721587670885426524e-01 2.011709607742684369e-02
9.720563331601334012e-01 2.183468525325383061e-02
9.719534125531613666e-01 2.365971352375403555e-02
9.718508707571350547e-01 2.558996150987957394e-02
9.717496215327030562e-01 2.762110256218771459e-02
9.716505994869684137e-01 2.974648689790641148e-02
9.715547281307645999e-01 3.195700080304784280e-02
9.714628851823569056e-01 3.424102840533906761e-02
9.713758674795398562e-01 3.658453986056617313e-02
9.713697468655210221e-01 3.675685915756068955e-02
9.712943582577067136e-01 3.897132193421036506e-02
9.712188996335513469e-01 4.138335507393220425e-02
9.711498728316502183e-01 4.380132623220187732e-02
9.710874880025875955e-01 4.620525087840108430e-02
9.710317844871634296e-01 4.857516340819364314e-02
9.710297273875654334e-01 4.866748022721398975e-02
9.709826412361144410e-01 5.089182515693372461e-02
9.709397959938483869e-01 5.313739551248170684e-02
9.709047641518411265e-01 5.517925810215953270e-02
9.709028709877980390e-01 5.529601510601329234e-02
9.708714023679948513e-01 5.735426020997494434e-02
9.708448705664098899e-01 5.930144244480155952e-02
9.708447208344015422e-01 5.931311172230604306e-02
9.708227290546688204e-01 6.112974500733971833e-02
9.708112304114019375e-01 6.217621152290590814e-02
9.708044295642814792e-01 6.283420303823016029e-02
9.707906465886628755e-01 6.427815574134640442e-02
9.707894425538139416e-01 6.441254908169262439e-02
9.707772724245895546e-01 6.586495341431858330e-02
9.707770955526127121e-01 6.588749894502130000e-02
9.707677040887985331e-01 6.715951884639069502e-02
9.707674675951207810e-01 6.719369293031622614e-02
9.707609301360512477e-01 6.819034340034645092e-02
9.707596259855174603e-01 6.840278176870918936e-02
9.707558853870925653e-01 6.904270277288471203e-02
9.707533967217460980e-01 6.949759303950257816e-02
9.707520286993539527e-01 6.975928937156096465e-02
9.707490151067520445e-01 7.037017368596186484e-02
9.707484789658731295e-01 7.048449516253366132e-02
9.707466162671902765e-01 7.089715108821174894e-02
9.707446761617880560e-01 7.135640684970419312e-02
9.707446187505428536e-01 7.137051971742001955e-02
9.707430852556168110e-01 7.176021298007614901e-02
9.707417648215770356e-01 7.211804402640344114e-02
9.707416045883693334e-01 7.216307129658117159e-02
9.707406571022921815e-01 7.243733152792740382e-02
9.707397189510295066e-01 7.272398671126793779e-02
9.707392624797129832e-01 7.286968430187799883e-02
9.707389176134212372e-01 7.298277046918109912e-02
9.707382278642591178e-01 7.321756027779820208e-02
9.707376300238040878e-01 7.343154606938130657e-02
9.707374507864520163e-01 7.349782725326933774e-02
9.707371085579030723e-01 7.362737619034633030e-02
9.707366510735235821e-01 7.380726768321894948e-02
9.707362475870507934e-01 7.397309066996914095e-02
9.707360552952571942e-01 7.405475205334874356e-02
9.707358899838828270e-01 7.412643366651729127e-02
9.707355716142465063e-01 7.426865467415677546e-02
9.707352869873698831e-01 7.440092153539426545e-02
9.707350315375863348e-01 7.452424409733399147e-02
9.707349846725743525e-01 7.454738367091603979e-02
9.707348014436736339e-01 7.463950005967358303e-02
9.707345934880220462e-01 7.474745590837492126e-02
9.707344049459077917e-01 7.484878399171503160e-02
9.707342334977399068e-01 7.494407654345085212e-02
9.707341664188311459e-01 7.498224467281948413e-02
9.707340771589904049e-01 7.503385727150757578e-02
9.707339342238541224e-01 7.511859099144743701e-02
9.707338032196484168e-01 7.519869167908964369e-02
9.707336828696749853e-01 7.527452923690325370e-02
9.707335720627991993e-01 7.534643520766466651e-02
9.707335433604908914e-01 7.536540871739733083e-02
9.707334698283924812e-01 7.541470762165088104e-02
9.707333753155845679e-01 7.547961512689806141e-02
9.707332877760008749e-01 7.554140052326996368e-02
9.707332065493298190e-01 7.560028379838713841e-02
9.707331310512044009e-01 7.565646474545663358e-02
9.707330706719894398e-01 7.570247730547763343e-02
9.707330607629830466e-01 7.571012522867716366e-02
9.707329952230968617e-01 7.576143115035871567e-02
9.707329340196955147e-01 7.581053416459847261e-02
9.707328767843743655e-01 7.585757317480780471e-02
9.707328231868037616e-01 7.590267564624607333e-02
9.707327729301160613e-01 7.594595875968500331e-02
9.707327257469312576e-01 7.598753042819628156e-02
9.707327133908624228e-01 7.599857457849161502e-02
9.707326813959215039e-01 7.602749019564149224e-02
9.707326396588326078e-01 7.606593003261732933e-02
9.707326003378947687e-01 7.610293504325585379e-02
9.707325632535660498e-01 7.613858409431444041e-02
9.707325282425592894e-01 7.617295037634479182e-02
9.707324951561135951e-01 7.620610190534572725e-02
9.707324638584766685e-01 7.623810197213556905e-02
9.707324443739703268e-01 7.625835561094089499e-02
9.707324342255675420e-01 7.626900954569287849e-02
9.707324061437972995e-01 7.629887963587472788e-02
9.707323795090267993e-01 7.632776362020642080e-02
9.707323542256415250e-01 7.635570953882760137e-02
9.707323302057313530e-01 7.638276236115763840e-02
9.707323073683603587e-01 7.640896422739311411e-02
9.707322856389162258e-01 7.643435466756726138e-02
9.707322649485282673e-01 7.645897080056510142e-02
9.707322452335480634e-01 7.648284751520290081e-02
9.707322426366941093e-01 7.648602435977842895e-02
9.707322264350833896e-01 7.650601763522990595e-02
9.707322084985793298e-01 7.652851206989276511e-02
9.707321913734433538e-01 7.655035995151608652e-02
9.707321750127049231e-01 7.657158876138661641e-02
9.707321593727116227e-01 7.659222444508477501e-02
9.707321444128521604e-01 7.661229151828162498e-02
9.707321300953074550e-01 7.663181316390839382e-02
9.707321163848241508e-01 7.665081132150811105e-02
9.707321032485094481e-01 7.666930676949394730e-02
9.707320920170764422e-01 7.668535813506126286e-02
9.707320906556452522e-01 7.668731920096212573e-02
9.707320785775188643e-01 7.670486729364150991e-02
9.707320669872678831e-01 7.672196877450176977e-02
9.707320558597409832e-01 7.673864047949022216e-02
9.707320451713683518e-01 7.675489840882078474e-02
9.707320349000448934e-01 7.677075777819616920e-02
9.707320250250232041e-01 7.678623306630825984e-02
9.707320155268147621e-01 7.680133805892891408e-02
9.707320063871004434e-01 7.681608588987251518e-02
9.707319975886472552e-01 7.683048907908636427e-02
9.707319891152329516e-01 7.684455956810259947e-02
9.707319809515757569e-01 7.685830875305940668e-02
9.707319801106629731e-01 7.685973610145782620e-02
9.707319730832700833e-01 7.687174751548710161e-02
9.707319654967276890e-01 7.688488625103130636e-02
9.707319581791223895e-01 7.689773489627398095e-02
9.707319511183404304e-01 7.691030295379638893e-02
9.707319443029328587e-01 7.692259951561898623e-02
9.707319377220735568e-01 7.693463328513708288e-02
9.707319313655184967e-01 7.694641259766607511e-02
9.707319252235691032e-01 7.695794543969607104e-02
9.707319192870381697e-01 7.696923946695090335e-02
9.707319135472176619e-01 7.698030202133640532e-02
9.707319079958496300e-01 7.699114014685727592e-02
9.707319026250984528e-01 7.700176060457493421e-02
9.707318974275258583e-01 7.701216988667269892e-02
9.707318974275257473e-01 7.701216988667274055e-02
