# n_s, r predictions of a polynomial alpha attractor model with k=2 and N_\star=63.
9.761714925824825917e-01 1.132617141066921668e-04
9.761714925824851452e-01 1.132617141066609960e-04
9.761698645626817328e-01 1.217333350118146167e-04
9.761681052010660053e-01 1.308396856211220766e-04
9.761662042630193659e-01 1.406284932176046255e-04
9.761641507331879630e-01 1.511511006247597759e-04
9.761619327566679605e-01 1.624627442653116434e-04
9.761595375758682636e-01 1.746228542456013490e-04
9.761569514625973998e-01 1.876953783071132404e-04
9.761541596452122382e-01 2.017491316527739783e-04
9.761511462299490294e-01 2.168581748493542908e-04
9.761478941170883550e-01 2.331022221915753112e-04
9.761443849100275294e-01 2.505670831739118106e-04
9.761405988184239657e-01 2.693451399234554080e-04
9.761365145532967524e-01 2.895358637707375516e-04
9.761321092150481160e-01 3.112463743983611038e-04
9.761273581727816229e-01 3.345920453861941360e-04
9.761222349348626093e-01 3.596971603283347237e-04
9.761167110096848898e-01 3.866956241363974007e-04
9.761107557564959736e-01 4.157317345973854383e-04
9.761043362249718358e-01 4.469610198032697608e-04
9.760974169832749014e-01 4.805511476357516199e-04
9.760899599334011967e-01 5.166829141666891495e-04
9.760819241132639990e-01 5.555513185543552515e-04
9.760732654844935796e-01 5.973667328507118639e-04
9.760639367051252568e-01 6.423561760526564626e-04
9.760538868861092787e-01 6.907647027749297917e-04
9.760430613309479808e-01 7.428569180678237663e-04
9.760314012572925968e-01 7.989186312291889514e-04
9.760188434996943663e-01 8.592586629059803310e-04
9.760053201926469635e-01 9.242108214341450585e-04
9.759907584330871355e-01 9.941360662036016933e-04
9.759750799216946326e-01 1.069424877902299927e-03
9.759582005825034878e-01 1.150499857805079929e-03
9.759400301605338779e-01 1.237818580858113466e-03
9.759204717975056287e-01 1.331876730191036175e-03
9.758994215860904431e-01 1.433211543899272833e-03
9.758767681037335828e-01 1.542405608488533380e-03
9.758707752907601618e-01 1.571319303725989946e-03
9.758523919276997916e-01 1.660091037305739268e-03
9.758261651340104370e-01 1.786954076570719486e-03
9.757979507838453470e-01 1.923740186333924374e-03
9.757676024025547790e-01 2.071259648729172585e-03
9.757349634578493802e-01 2.230393761321651340e-03
9.756998668459474500e-01 2.402101679018310565e-03
9.756621343967235571e-01 2.587427973883062952e-03
9.756215764117361910e-01 2.787510988081561437e-03
9.755779912523291353e-01 3.003592060848986247e-03
9.755616833327693804e-01 3.084734872011699394e-03
9.755311649987210565e-01 3.237025715522217142e-03
9.754808712052402964e-01 3.489290896851554320e-03
9.754268707816051709e-01 3.762003351417190795e-03
9.753689120350051978e-01 4.056929244320611402e-03
9.753067309133958140e-01 4.376000102245652598e-03
9.752532110683340694e-01 4.652910330058691868e-03
9.752400514956209854e-01 4.721329165434925978e-03
9.751685867796096030e-01 5.095229217282720192e-03
9.750920398251239352e-01 5.500231938177414619e-03
9.750101053124908823e-01 5.939108797314465553e-03
9.749482769769595158e-01 6.274090070186816824e-03
9.749224715832255361e-01 6.414893449218638487e-03
9.748288232324634484e-01 6.930905536608952811e-03
9.747288443266874935e-01 7.490775712961124030e-03
9.746488346935147096e-01 7.945742638914080058e-03
9.746222223235082582e-01 8.098471580394388247e-03
9.745086527732378379e-01 8.758324083730537751e-03
9.743878448848590779e-01 9.475053700466891729e-03
9.743563076534066392e-01 9.664753091951434200e-03
9.742595280407925218e-01 1.025379550857070596e-02
9.741234593450114332e-01 1.110012188744982642e-02
9.740717371431801830e-01 1.142757193254303159e-02
9.739794322849781860e-01 1.202006120034197593e-02
9.738272865765651432e-01 1.302011030759731881e-02
9.737958740464385254e-01 1.323033123141537266e-02
9.736669192381778304e-01 1.410723816232001271e-02
9.735292465496661052e-01 1.506893511907323943e-02
9.734982968998486808e-01 1.528887704210682777e-02
9.733214692895073572e-01 1.657289718382514571e-02
9.732722108089172375e-01 1.693913209152645913e-02
9.731365837449220679e-01 1.796755974238486986e-02
9.730249884149148043e-01 1.883657507250170379e-02
9.729439004710813688e-01 1.948144214483249481e-02
9.727876939947799340e-01 2.075687317932994186e-02
9.727438080952075516e-01 2.112332915056881061e-02
9.725603557487695339e-01 2.269563749524891941e-02
9.725368388654369589e-01 2.290206239639177091e-02
9.723429310613351806e-01 2.464852204705376276e-02
9.723236826001875333e-01 2.482634109691776031e-02
9.721353187162484755e-01 2.661126053329746985e-02
9.721051982368542621e-01 2.690446714283886015e-02
9.719373687625241232e-01 2.857969900324713874e-02
9.718824215753351092e-01 2.914402940106421841e-02
9.717488907275761978e-01 3.054982453238871271e-02
9.716565675999756513e-01 3.155152491356732342e-02
9.715696606321475581e-01 3.251778989706240880e-02
9.714290256436839410e-01 3.413191923568967279e-02
9.713994271002206471e-01 3.447993426742722300e-02
9.712379167519381573e-01 3.643279998363915112e-02
9.712013456906078979e-01 3.688815456904089712e-02
9.710848390002667641e-01 3.837314553667945521e-02
9.709752143652967682e-01 3.982062262559139115e-02
9.709398903302107753e-01 4.029795493134105677e-02
9.708027581138191087e-01 4.220444365880061943e-02
9.707524196842571840e-01 4.292662894318571842e-02
9.706731239992215654e-01 4.409006154669171257e-02
9.705506669037594625e-01 4.595249278393488679e-02
9.705348044834611887e-01 4.619988578891888464e-02
9.704350656368782024e-01 4.778965343666802951e-02
9.703260011767845805e-01 4.959968677974707640e-02
9.703242095670837619e-01 4.963008038052301590e-02
9.702231586242197059e-01 5.138095676786472166e-02
9.701262288567646941e-01 5.313203996188916450e-02
9.701224089656478311e-01 5.320257192103557825e-02
9.700349099072855807e-01 5.485171621139001835e-02
9.699489080902115035e-01 5.653895837486600656e-02
9.699310410836374796e-01 5.689827255234563425e-02
9.698679388992239581e-01 5.819292133630270952e-02
9.697917276995237090e-01 5.981293055161127081e-02
9.697515407241253937e-01 6.069376160060396819e-02
9.697200102371719144e-01 6.139847033232743306e-02
9.696525329870703258e-01 6.294917204758145035e-02
9.695890533600095562e-01 6.446480239953501779e-02
9.695850777313174129e-01 6.456166800809136352e-02
9.695293397879201081e-01 6.594525190278673066e-02
9.694731717050547593e-01 6.739052367509774932e-02
9.694325080447474541e-01 6.847133270232419466e-02
9.694203394413629660e-01 6.880072262547247408e-02
9.693706440428259130e-01 7.017604510631936243e-02
9.693238970320440240e-01 7.151676907918874671e-02
9.692943421627229217e-01 7.238973291109018771e-02
9.692799201209286730e-01 7.282324482845103919e-02
9.692385448859747177e-01 7.409588624416459102e-02
9.691996124152935099e-01 7.533516268421312778e-02
9.691707343824961240e-01 7.628261818775641800e-02
9.691629729353776757e-01 7.654159141640458353e-02
9.691284854244563984e-01 7.771573063350233068e-02
9.690960172182829790e-01 7.885817302791085781e-02
9.690654436132877247e-01 7.996953990782224020e-02
9.690614939280137730e-01 8.011577868876267050e-02
9.690366474712003297e-01 8.105047583287662560e-02
9.690095188285244854e-01 8.210164374463922721e-02
9.689839545136055277e-01 8.312372056531651399e-02
9.689661165659834152e-01 8.385634579046774562e-02
9.689598577734660489e-01 8.411739323697968451e-02
9.689371379121103356e-01 8.508335517300542883e-02
9.689157099415582897e-01 8.602230309343551762e-02
9.688954942465418663e-01 8.693493421623846307e-02
9.688838330019486911e-01 8.747401790673195454e-02
9.688764162634656563e-01 8.782194377720936584e-02
9.688584061739961006e-01 8.868402285210462421e-02
9.688413986134257749e-01 8.952185645573110251e-02
9.688253323937887629e-01 9.033612189393068481e-02
9.688136686591640734e-01 9.094211224188082643e-02
9.688101502415568111e-01 9.112748734571805842e-02
9.687957985496381541e-01 9.189661065419067743e-02
9.687822271433083055e-01 9.264413830621165413e-02
9.687693890596373869e-01 9.337070458224255853e-02
9.687572403399221654e-01 9.407693085905936836e-02
9.687545086475538580e-01 9.423836484935131652e-02
9.687457398346049908e-01 9.476342504939364031e-02
9.687348490201270756e-01 9.543078116381306653e-02
9.687245318271593408e-01 9.607957898135963126e-02
9.687147544796447241e-01 9.671038381661194172e-02
9.687054853440897340e-01 9.732374637191827660e-02
9.687051618910311745e-01 9.734543255191929756e-02
9.686966947885500279e-01 9.792020266456114008e-02
9.686883550507661145e-01 9.850027401955918638e-02
9.686804401149216037e-01 9.906446711969243979e-02
9.686729255965143004e-01 9.961327410515258274e-02
9.686657886348477575e-01 1.001471727159692904e-01
9.686644193542144343e-01 1.002510850926345981e-01
9.686590077926753306e-01 1.006666264710592562e-01
9.686525629625458711e-01 1.011720848783746463e-01
9.686464352794270649e-01 1.016639836712150829e-01
9.686406070391999634e-01 1.021427450662907438e-01
9.686350616226427901e-01 1.026087780396140875e-01
9.686311028037494220e-01 1.029481082654828267e-01
9.686297834245436444e-01 1.030624786167310264e-01
9.686247577875988224e-01 1.035042301742054166e-01
9.686199709407807834e-01 1.039344037496280349e-01
9.686154099418718966e-01 1.043533583577494900e-01
9.686110626238819687e-01 1.047614413106283116e-01
9.686069175450886526e-01 1.051589885399518559e-01
9.686041022126992139e-01 1.054339639515364246e-01
9.686029639424492688e-01 1.055463249199243975e-01
9.685991916881564467e-01 1.059237645893298246e-01
9.685955912491189812e-01 1.062916112715695111e-01
9.685921536491705064e-01 1.066501585916410089e-01
9.685888704338108113e-01 1.069996903891922979e-01
9.685857336373139281e-01 1.073404810268895615e-01
9.685827357520289116e-01 1.076727956935086550e-01
9.685824014643171775e-01 1.077102683440355202e-01
9.685798696997490742e-01 1.079968907011343987e-01
9.685771288049436212e-01 1.083130137762959022e-01
9.685745067698061650e-01 1.086214043443684135e-01
9.685719976509337137e-01 1.089222938072328672e-01
9.685695958375462045e-01 1.092159058138929273e-01
9.685672960311386692e-01 1.095024565239298697e-01
9.685650932264652235e-01 1.097821548637020611e-01
9.685650932264652235e-01 1.097821548637020334e-01
