# n_s, r predictions of a polynomial alpha attractor model with k=1 and N_\star=64.
9.791596920757806854e-01 7.221560989086542998e-05
9.791596920757806854e-01 7.221560989086541643e-05
9.791589624247464263e-01 7.925577177886431336e-05
9.791581582368930059e-01 8.698220116074144054e-05
9.791572720411274577e-01 9.546178253382818198e-05
9.791562956315453814e-01 1.047679166640608548e-04
9.791552199969810744e-01 1.149811549422840218e-04
9.791540352441107098e-01 1.261898953838719122e-04
9.791527305136608073e-01 1.384911462325945006e-04
9.791512938888365936e-01 1.519913637045454055e-04
9.791497122959641475e-01 1.668073710210397009e-04
9.791479713960761222e-01 1.830673665679190861e-04
9.791460554672313243e-01 2.009120297491972498e-04
9.791439472767387020e-01 2.204957339130503367e-04
9.791416279426102820e-01 2.419878765988700564e-04
9.791390767835553843e-01 2.655743383038109925e-04
9.791362711569838728e-01 2.914590819890448283e-04
9.791331862839006694e-01 3.198659066619574404e-04
9.791297950608015555e-01 3.510403695394206025e-04
9.791260678573371345e-01 3.852518925931184245e-04
9.791219722996667985e-01 4.227960706135092030e-04
9.791174730390853620e-01 4.639971993675190854e-04
9.791125315057817025e-01 5.092110439208231152e-04
9.791071056479837553e-01 5.588278687430938687e-04
9.791011496565609207e-01 6.132757528078392178e-04
9.790946136766047747e-01 6.730242144400364057e-04
9.790874435066690973e-01 7.385881722306676450e-04
9.790795802882101828e-01 8.105322696954585498e-04
9.790709601879161728e-01 8.894755925641314748e-04
9.790615140768660352e-01 9.760968084219693143e-04
9.790511672116763986e-01 1.071139758763392860e-03
9.790398389242993549e-01 1.175419533119843873e-03
9.790274423290717953e-01 1.289829053489463225e-03
9.790138840575119961e-01 1.415346194473658800e-03
9.789990640345828110e-01 1.553041459712357821e-03
9.789828753125131566e-01 1.704086227920878190e-03
9.789652039824179308e-01 1.869761571039186806e-03
9.789459291878684910e-01 2.051467631800012875e-03
9.789249232692769365e-01 2.250733526997834681e-03
9.789020520734640352e-01 2.469227714210913555e-03
9.788771754679004289e-01 2.708768721798688814e-03
9.788501481061275822e-01 2.971336091864488875e-03
9.788208204960220371e-01 3.259081321080311254e-03
9.787890404291542668e-01 3.574338500902603070e-03
9.787546548342088704e-01 3.919634253341527409e-03
9.787175121210091033e-01 4.297696426791558846e-03
9.786774650825510458e-01 4.711460854526097232e-03
9.786343744194710981e-01 5.164075282756947806e-03
9.785881129429093717e-01 5.658899343450827894e-03
9.785385704960090081e-01 6.199499179613459331e-03
9.784856596089849257e-01 6.789635031935305556e-03
9.784293218662614144e-01 7.433239776011178399e-03
9.783695349136347641e-01 8.134386078903715553e-03
9.783063199683849076e-01 8.897239554411847523e-03
9.782397496144121796e-01 9.725995086406752713e-03
9.781699555693423864e-01 1.062479342609114197e-02
9.780971360046418761e-01 1.159761534011038986e-02
9.780215618899212870e-01 1.264815109987498486e-02
9.779435817298977041e-01 1.377964407912719326e-02
9.778636239826175025e-01 1.499470878661732232e-02
9.777821964108286412e-01 1.629512589794646429e-02
9.776998816485120702e-01 1.768161979755960775e-02
9.776173283855255081e-01 1.915362772295109081e-02
9.775352378045281121e-01 2.070907358528302142e-02
9.774543452539067312e-01 2.234416349349925557e-02
9.773753975973056285e-01 2.405322329498487885e-02
9.772991272080597813e-01 2.582860026256621547e-02
9.772262241108390368e-01 2.766065055282004512e-02
9.772210710749070772e-01 2.779579068978457398e-02
9.771573082254493281e-01 2.953783052064367504e-02
9.770929039417485251e-01 3.144690306283735859e-02
9.770334192648464366e-01 3.337326014549042014e-02
9.769791314688662798e-01 3.530135054574660980e-02
9.769301805955422635e-01 3.721518929386855024e-02
9.769283634749762468e-01 3.729000768422618961e-02
9.768865713080780999e-01 3.909891443560113006e-02
9.768481826922236211e-01 4.093734960839257725e-02
9.768165047990337024e-01 4.261999126532940024e-02
9.768147847437887998e-01 4.271652903476183538e-02
9.767860596403907802e-01 4.442414539524435629e-02
9.767616255623282617e-01 4.604989001366974893e-02
9.767614870524787829e-01 4.605966349931656795e-02
9.767410608305561182e-01 4.758566723331638521e-02
9.767303101414295252e-01 4.846881976859736957e-02
9.767239264262805865e-01 4.902567857527883460e-02
9.767109255025943071e-01 5.025195207371351003e-02
9.767097854534287915e-01 5.036638501703370741e-02
9.766982186871648874e-01 5.160636574637774560e-02
9.766980499662489823e-01 5.162566159072690120e-02
9.766890629799532819e-01 5.271672065945889885e-02
9.766888359128191865e-01 5.274609803809748865e-02
9.766825426667274934e-01 5.360436519455465121e-02
9.766812832219443630e-01 5.378768530173626966e-02
9.766776627104915010e-01 5.434070302240757988e-02
9.766752467561935491e-01 5.473455936697233654e-02
9.766739160553813415e-01 5.496142367256433986e-02
9.766709774745502282e-01 5.549179959873485474e-02
9.766704535695059919e-01 5.559117963089275222e-02
9.766686305561447234e-01 5.595023180451317441e-02
9.766667267551868425e-01 5.635043837640174580e-02
9.766666703342185007e-01 5.636274684119475104e-02
9.766651613637480356e-01 5.670285606062341888e-02
9.766638588547964517e-01 5.701556657641459330e-02
9.766637005796151572e-01 5.705494399100030645e-02
9.766627636409552782e-01 5.729492573543263495e-02
9.766618340762395212e-01 5.754600101939747608e-02
9.766613810572197796e-01 5.767371178855492525e-02
9.766610384622044227e-01 5.777288239716964202e-02
9.766603523278982735e-01 5.797890726627623337e-02
9.766597565395627178e-01 5.816682599119691460e-02
9.766595777066755524e-01 5.822506190256907660e-02
9.766592359629056030e-01 5.833892557468518120e-02
9.766587785007614375e-01 5.849712331960354311e-02
9.766583743904049264e-01 5.864303864891909357e-02
9.766581815724298954e-01 5.871492788638674881e-02
9.766580156834341331e-01 5.877804880539422988e-02
9.766576958559617383e-01 5.890333250101006252e-02
9.766574095130992061e-01 5.901990445239398142e-02
9.766571521625435626e-01 5.912864294817764960e-02
9.766571049094296963e-01 5.914905137465666096e-02
9.766569200394004113e-01 5.923031203544981693e-02
9.766567099694101195e-01 5.932557951225435333e-02
9.766565192612512991e-01 5.941503162294810986e-02
9.766563456210659577e-01 5.949918514053419150e-02
9.766562776231632048e-01 5.953289972328446034e-02
9.766561870841192761e-01 5.957849736250717121e-02
9.766560419597777321e-01 5.965337442886994163e-02
9.766559087869206568e-01 5.972417828198482020e-02
9.766557862975866477e-01 5.979123252015487028e-02
9.766556733871584184e-01 5.985482734481153977e-02
9.766556441178751991e-01 5.987161056184954477e-02
9.766555690897802400e-01 5.991522376094658708e-02
9.766554725579813523e-01 5.997265715908001865e-02
9.766553830457053165e-01 6.002734038246662629e-02
9.766552998941085972e-01 6.007946636383541816e-02
9.766552225196246662e-01 6.012921040053925692e-02
9.766551605754368870e-01 6.016995856425325778e-02
9.766551504038891718e-01 6.017673212467752192e-02
9.766550830852037679e-01 6.022217721486329556e-02
9.766550201512734786e-01 6.026567888831829700e-02
9.766549612330071017e-01 6.030735920549909479e-02
9.766549059992052362e-01 6.034733021417092169e-02
9.766548541519950444e-01 6.038569495551990990e-02
9.766548054228924025e-01 6.042254835133049895e-02
9.766547926531666812e-01 6.043233994687945143e-02
9.766547595693969575e-01 6.045797798831539088e-02
9.766547163720369351e-01 6.049206481324507362e-02
9.766546756317995293e-01 6.052488375049260710e-02
9.766546371678888061e-01 6.055650425191198838e-02
9.766546008157644954e-01 6.058699078754618134e-02
9.766545664254235870e-01 6.061640328446211284e-02
9.766545338598879855e-01 6.064479751999957841e-02
9.766545135682642709e-01 6.066277063026453281e-02
9.766545029938747957e-01 6.067222547486516432e-02
9.766544737126202635e-01 6.069873565077507638e-02
9.766544459108397191e-01 6.072437335673085829e-02
9.766544194918060917e-01 6.074918096748390534e-02
9.766543943665303429e-01 6.077319815729004954e-02
9.766543704530318282e-01 6.079646211166801761e-02
9.766543476756883724e-01 6.081900771953869383e-02
9.766543259646547348e-01 6.084086774783398904e-02
9.766543052553426918e-01 6.086207300041310275e-02
9.766543025258724864e-01 6.086489453933287969e-02
9.766542854879540769e-01 6.088265246290771454e-02
9.766542666070622269e-01 6.090263343492866716e-02
9.766542485612349500e-01 6.092204165090160661e-02
9.766542313026951305e-01 6.094090139065704709e-02
9.766542147870137525e-01 6.095923558077470661e-02
9.766541989728335649e-01 6.097706588757038221e-02
9.766541838216183935e-01 6.099441280251947234e-02
9.766541692974261002e-01 6.101129572082508029e-02
9.766541553667018594e-01 6.102773301376397674e-02
9.766541434440793035e-01 6.104199908947857689e-02
9.766541419980916405e-01 6.104374209537793972e-02
9.766541291622716781e-01 6.105933948401916916e-02
9.766541168317927069e-01 6.107454085920794445e-02
9.766541049809391861e-01 6.108936111421272436e-02
9.766540935855997363e-01 6.110381440472458653e-02
9.766540826231481232e-01 6.111791419395965624e-02
9.766540720723366764e-01 6.113167329449186588e-02
9.766540619131957035e-01 6.114510390708941673e-02
9.766540521269436725e-01 6.115821765680205802e-02
9.766540426959029464e-01 6.117102562652391995e-02
9.766540336034232883e-01 6.118353838823554353e-02
9.766540248338118069e-01 6.119576603210955673e-02
9.766540239299354997e-01 6.119703545912642123e-02
9.766540163722673418e-01 6.120771819364969474e-02
9.766540082048202898e-01 6.121940407901542425e-02
9.766540003182784258e-01 6.123083248867258743e-02
9.766539927001747223e-01 6.124201183949751215e-02
9.766539853387208314e-01 6.125295018545203612e-02
9.766539782227631195e-01 6.126365523693486081e-02
9.766539713417423663e-01 6.127413437890808640e-02
9.766539646856563506e-01 6.128439468788809963e-02
9.766539582450247670e-01 6.129444294788272823e-02
9.766539520108576955e-01 6.130428566535067042e-02
9.766539459746248486e-01 6.131392908325174890e-02
9.766539401282282595e-01 6.132337919425239620e-02
9.766539344639763032e-01 6.133264175314500494e-02
9.766539344639763032e-01 6.133264175314502575e-02
