# n_s, r predictions of a polynomial alpha attractor model with k=2 and N_\star=55.
9.640190731317495043e-01 1.276193331140372811e-01
9.640190731317495043e-01 1.276193331140373366e-01
9.640210924042935670e-01 1.273284160801649856e-01
9.640232024070503059e-01 1.270301714942282389e-01
9.640254079356670447e-01 1.267243670744672979e-01
9.640277140749861085e-01 1.264107620220072947e-01
9.640301262184595155e-01 1.260891066883559064e-01
9.640326500889863093e-01 1.257591422309327911e-01
9.640344304213714910e-01 1.255302415936744298e-01
9.640352917612803330e-01 1.254206002564387801e-01
9.640380576858886830e-01 1.250732024519067842e-01
9.640409547149931813e-01 1.247166602033179111e-01
9.640439901301299797e-01 1.243506742017169986e-01
9.640471716719842821e-01 1.239749340368241776e-01
9.640505075724196127e-01 1.235891177782041106e-01
9.640536767542645658e-01 1.232298858049021562e-01
9.640540065889222632e-01 1.231928915441401207e-01
9.640576780416496572e-01 1.227859090584529356e-01
9.640615318532911315e-01 1.223678111956144759e-01
9.640655785919644005e-01 1.219382255146312377e-01
9.640698295173897314e-01 1.214967657823182168e-01
9.640742966306009576e-01 1.210430314867495111e-01
9.640776386065553760e-01 1.207100280338075093e-01
9.640789927274767690e-01 1.205766073418597095e-01
9.640839314563964813e-01 1.200970627843870320e-01
9.640891273803448014e-01 1.196039514645913238e-01
9.640945960438227491e-01 1.190968107324596598e-01
9.641003540449415432e-01 1.185751611214237861e-01
9.641064191131109018e-01 1.180385058319664698e-01
9.641072578317713138e-01 1.179652816091768391e-01
9.641128101927611826e-01 1.174863302178944108e-01
9.641195475335707643e-01 1.169181012785001639e-01
9.641266527877072612e-01 1.163332671603386076e-01
9.641341491146246945e-01 1.157312566729040287e-01
9.641420612939964885e-01 1.151114788231242664e-01
9.641435862151870317e-01 1.149937845953736132e-01
9.641504158474080155e-01 1.144733223742825101e-01
9.641592411694640541e-01 1.138161554357623589e-01
9.641685676690201490e-01 1.131393250908684922e-01
9.641784279212798348e-01 1.124421570709362717e-01
9.641877714070243854e-01 1.117978258539061992e-01
9.641888568315454267e-01 1.117239554850000260e-01
9.641998918114578210e-01 1.109840026154489540e-01
9.642115729685941661e-01 1.102215587913831923e-01
9.642239433103363400e-01 1.094358623527809105e-01
9.642370489629621400e-01 1.086261297201134984e-01
9.642410326829721212e-01 1.083843658762057155e-01
9.642509394069423978e-01 1.077915555856889251e-01
9.642656677294181300e-01 1.069313132449484505e-01
9.642812908949687234e-01 1.060445550874440368e-01
9.642978700355863131e-01 1.051304132700277422e-01
9.643046256583684972e-01 1.047653913277286214e-01
9.643154707609616905e-01 1.041880005963152778e-01
9.643341634900600701e-01 1.032164116291735129e-01
9.643540238049335134e-01 1.022147240654382172e-01
9.643751328276600754e-01 1.011820004045659444e-01
9.643797961291984411e-01 1.009580460690221587e-01
9.643975776211886064e-01 1.001172899456178184e-01
9.644214516147309180e-01 9.901963114965837975e-02
9.644468550541548391e-01 9.788805440735762198e-02
9.644677245616272154e-01 9.698449392004133973e-02
9.644738954775966544e-01 9.672158525422100417e-02
9.645026882162075488e-01 9.551924807839370923e-02
9.645333569195786438e-01 9.428007036828574272e-02
9.645660341049281383e-01 9.300308754924563326e-02
9.645694642403249697e-01 9.287148957137728034e-02
9.646008617285846132e-01 9.168734846004115979e-02
9.646379917776320978e-01 9.033192152083495408e-02
9.646775868787988983e-01 8.893590164448228474e-02
9.646858774702090633e-01 8.864966194085194262e-02
9.647198209207434871e-01 8.749841794213845947e-02
9.647648796848105057e-01 8.601864227208055880e-02
9.648129614780811547e-01 8.449579867708140180e-02
9.648175752198637767e-01 8.435254523608670674e-02
9.648642777611108334e-01 8.292917375030134375e-02
9.649190537611210816e-01 8.131812796218229611e-02
9.649648659378837756e-01 8.001542208054397698e-02
9.649775290595815624e-01 7.966210797087117101e-02
9.650399581410813443e-01 7.796065992592546290e-02
9.651066108881377614e-01 7.621344375907576629e-02
9.651277188071653024e-01 7.567406517337132987e-02
9.651777730041438685e-01 7.442024843630698494e-02
9.652537463440181709e-01 7.258100812212067710e-02
9.653057454279255767e-01 7.136347502817647070e-02
9.653348491293267664e-01 7.069581917931944126e-02
9.654214160217338137e-01 6.876495789579807616e-02
9.654982020154730948e-01 6.711670943682568335e-02
9.655137980256566221e-01 6.678889879359990733e-02
9.656123621880216001e-01 6.476833333499545931e-02
9.657040119820820001e-01 6.296388610333211733e-02
9.657174910601197260e-01 6.270418879588185446e-02
9.658295818838324998e-01 6.059764702899012728e-02
9.659218066256988200e-01 5.893141642862336632e-02
9.659490454620852651e-01 5.845016278895175110e-02
9.660763046712078639e-01 5.626348123995279088e-02
9.661499799225138352e-01 5.504150023568738642e-02
9.662117925713746835e-01 5.403965421514549811e-02
9.663559500700000804e-01 5.178105474850351608e-02
9.663867523550979666e-01 5.131188316329499122e-02
9.665092230922668337e-01 4.949038935571090786e-02
9.666302383899135764e-01 4.775585460488187411e-02
9.666720592123978495e-01 4.717070750443441707e-02
9.668449036985130585e-01 4.482540768881206755e-02
9.668785125845857920e-01 4.438244702317154650e-02
9.670281949222768736e-01 4.245823951117833756e-02
9.671296701854743549e-01 4.119678813199874334e-02
9.672223590803501470e-01 4.007330117984293782e-02
9.673818792467269168e-01 3.820055524955087017e-02
9.674278041666899419e-01 3.767503185599631321e-02
9.676334225455737181e-01 3.539248456846791346e-02
9.676449131184521324e-01 3.526819832978232705e-02
9.678740360299890044e-01 3.285787557244768814e-02
9.678827287095826959e-01 3.276889522558877610e-02
9.681154812805520260e-01 3.044942079750836625e-02
9.681283928989196097e-01 3.032419699959176471e-02
9.683691880499629701e-01 2.805135967860887189e-02
9.683695053409973053e-01 2.804844076073000764e-02
9.686040680874637987e-01 2.594233055014112665e-02
9.686363008961789145e-01 2.566075212250802651e-02
9.688321646853252922e-01 2.398839346649641810e-02
9.689159827193705166e-01 2.329233476128987276e-02
9.690527791525122003e-01 2.218046830628454813e-02
9.692085704315356320e-01 2.094927791968780734e-02
9.692653708956866510e-01 2.050935343067565586e-02
9.694695437140911087e-01 1.896591612559553677e-02
9.695139668353580653e-01 1.863771891400875513e-02
9.696650309552043989e-01 1.754123730244427914e-02
9.698319299015452088e-01 1.636377373066505089e-02
9.698516803318155688e-01 1.622671718362513060e-02
9.700294389915020687e-01 1.501414858196592310e-02
9.701620357114860704e-01 1.413345800536881108e-02
9.701983392493139791e-01 1.389576390646738401e-02
9.703584852478976952e-01 1.286426135372256176e-02
9.705036288287653967e-01 1.195259543655051264e-02
9.705100406962819948e-01 1.191281499190777193e-02
9.706532177554251239e-01 1.103507269151119546e-02
9.707882670813494652e-01 1.022514515200043279e-02
9.708557559039547868e-01 9.826708501619737038e-03
9.709154689982927300e-01 9.477588643676154376e-03
9.710351257512438439e-01 8.787383538569630906e-03
9.711475547735070046e-01 8.149910244841641546e-03
9.712170777259968579e-01 7.760883691332321789e-03
9.712530828977853359e-01 7.560923779618206574e-03
9.713520414358604027e-01 7.016527906998720754e-03
9.714447620507763448e-01 6.513149521152271706e-03
9.715315733455589520e-01 6.047513759204735558e-03
9.715857509980868612e-01 5.759601541131932276e-03
9.716127980936273278e-01 5.616620175973309828e-03
9.716887510379802473e-01 5.217720194663181751e-03
9.717597371890049907e-01 4.848295957662431856e-03
9.718260505543172556e-01 4.506040633978314509e-03
9.718879732382867953e-01 4.188840190048307051e-03
9.719457748538393727e-01 3.894756594834889330e-03
9.719592392412068627e-01 3.826522285764841214e-03
9.719997121943205753e-01 3.622012405286221225e-03
9.720500291187570419e-01 3.368976661851360264e-03
9.720969566093491387e-01 3.134152013847111683e-03
9.721407129652884782e-01 2.916162989459701593e-03
9.721815041024228776e-01 2.713745323671319827e-03
9.722195239322687366e-01 2.525736258663978471e-03
9.722549547990242402e-01 2.351065734043952631e-03
9.722879679562883570e-01 2.188748388465013538e-03
9.723187240688710986e-01 2.037876299010174357e-03
9.723337636217304070e-01 1.964213843878096118e-03
9.723473737278424123e-01 1.897612389919093234e-03
9.723740579693969099e-01 1.767184447579576686e-03
9.723989087901953043e-01 1.645879683976093043e-03
9.724220496535306291e-01 1.533039795884333844e-03
9.724435959820827424e-01 1.428056471930856837e-03
9.724636556342078908e-01 1.330367304166380719e-03
9.724823293615901809e-01 1.239452064987921773e-03
9.724997112468846128e-01 1.154829314101853480e-03
9.725158891205442080e-01 1.076053303734460101e-03
9.725309449564707442e-01 1.002711153493124124e-03
9.725449552465564862e-01 9.344202691676042633e-04
9.725579913543584976e-01 8.708259823724019428e-04
9.725701198484993926e-01 8.115993902666618484e-04
9.725814028161896552e-01 7.564353767074823371e-04
9.725918981580520262e-01 7.050507980479700813e-04
9.726016598646002320e-01 6.571828185202903622e-04
9.726107382755341257e-01 6.125873816166658341e-04
9.726191803225934240e-01 5.710378052565010616e-04
9.726270297568877510e-01 5.323234897234205808e-04
9.726343273615496443e-01 4.962487284407165154e-04
9.726411111505698370e-01 4.626316126183278887e-04
9.726474165546155071e-01 4.313030216686302288e-04
9.726532765946405146e-01 4.021056920613639857e-04
9.726587220440149339e-01 3.748933579823633742e-04
9.726637815799080711e-01 3.495299577794465807e-04
9.726684819246420588e-01 3.258889007379809277e-04
9.726728479775985647e-01 3.038523892284134605e-04
9.726769029383168785e-01 2.833107917178412935e-04
9.726806684213499254e-01 2.641620625413085809e-04
9.726841645634810574e-01 2.463112046928411076e-04
9.726874101236258063e-01 2.296697722281055166e-04
9.726904225761781042e-01 2.141554091597347106e-04
9.726932181980071368e-01 1.996914220027945486e-04
9.726958121495860032e-01 1.862063833640812153e-04
9.726982185506352074e-01 1.736337641906720284e-04
9.726982185506387601e-01 1.736337641907107073e-04
