# n_s, r predictions of a polynomial alpha attractor model with k=2 and N_\star=65.
9.699501903721802210e-01 7.981845645139401535e-02
9.699757294062701929e-01 7.882174009908524126e-02
9.699966401347325240e-01 7.802786836171028695e-02
9.700028114283175684e-01 7.779720778287707583e-02
9.700315365652596444e-01 7.674424279712926955e-02
9.700620113878692941e-01 7.566224410861624450e-02
9.700943492593676609e-01 7.455063060807863573e-02
9.700977360619640333e-01 7.443626899022402765e-02
9.701286706890382971e-01 7.340884579219003614e-02
9.701651036880872825e-01 7.223636289786189435e-02
9.702037841243777994e-01 7.103269050876258317e-02
9.702118615154128323e-01 7.078637738938740875e-02
9.702448560719910686e-01 6.979737865096559413e-02
9.702884721508142629e-01 6.853002539077673871e-02
9.703347938505214598e-01 6.723028394282168363e-02
9.703392271018956849e-01 6.710825018236234174e-02
9.703839918323599045e-01 6.589787029043389643e-02
9.704362462012383617e-01 6.453257131263757940e-02
9.704797518889517471e-01 6.343215698827317506e-02
9.704917467394106323e-01 6.313425340342114500e-02
9.705506930920085873e-01 6.170287155814583452e-02
9.706132948934146354e-01 6.023847888987172300e-02
9.706330510605387651e-01 5.978751945469959472e-02
9.706797718222338611e-01 5.874123652437764770e-02
9.707503535713520870e-01 5.721142380692373353e-02
9.707984410796388630e-01 5.620194211853975219e-02
9.708252797183132277e-01 5.564944873635398193e-02
9.709047994800162895e-01 5.405585852305751227e-02
9.709749618919980563e-01 5.270040088247699567e-02
9.709891713345942810e-01 5.243135014679818628e-02
9.710786624923016808e-01 5.077678076877906177e-02
9.711614139322745087e-01 4.930463394803812072e-02
9.711735481963701400e-01 4.909317782993553869e-02
9.712741108341159668e-01 4.738174864489709537e-02
9.713564063242479119e-01 4.603275587439769473e-02
9.713806388381471812e-01 4.564388927898919979e-02
9.714934253573213052e-01 4.388119247490249175e-02
9.715584118808417990e-01 4.289909209032394949e-02
9.716127666771470217e-01 4.209545437717870930e-02
9.717389603695287814e-01 4.028867978756922597e-02
9.717658243559926801e-01 3.991421193055763594e-02
9.718723031520333233e-01 3.846308567368434544e-02
9.719770138054549813e-01 3.708512502834716146e-02
9.720130884368266555e-01 3.662110264869786885e-02
9.721616035489372143e-01 3.476537414186044866e-02
9.721903767201951485e-01 3.441559918252531242e-02
9.723181265915389337e-01 3.289875299000127873e-02
9.724043786131152389e-01 3.190655697030039817e-02
9.724829229317828450e-01 3.102429519929746429e-02
9.726175877872509368e-01 2.955651200660467520e-02
9.726562412725446860e-01 2.914525065516691479e-02
9.728286999527955281e-01 2.736201219986034855e-02
9.728383092610026761e-01 2.726505059570917544e-02
9.730293285604663112e-01 2.538729170946526364e-02
9.730365541066980928e-01 2.531806506444222310e-02
9.732294692719590801e-01 2.351571676821021667e-02
9.732401406089330465e-01 2.341852788670358704e-02
9.734386026915643475e-01 2.165645247268981402e-02
9.734388635285006197e-01 2.165419175445738864e-02
9.736312327530469712e-01 2.002437988579645542e-02
9.736575979859239949e-01 1.980667948133092715e-02
9.738174647658108807e-01 1.851458487144877832e-02
9.738857047824698299e-01 1.797720971261911743e-02
9.739968640060994165e-01 1.711927263303979208e-02
9.741231503126507318e-01 1.616984574494615898e-02
9.741691151421577599e-01 1.583073245749287358e-02
9.743340095225809794e-01 1.464145362702195911e-02
9.743698208322787435e-01 1.438864726580629978e-02
9.744914323142352952e-01 1.354420933362421656e-02
9.746255034585571408e-01 1.263762897728654307e-02
9.746413499636932265e-01 1.253211414520545748e-02
9.747837983056446554e-01 1.159866012862454526e-02
9.748898605555508246e-01 1.092071386803898474e-02
9.749188715199990085e-01 1.073773614511525955e-02
9.750467120450708736e-01 9.943634190959426897e-03
9.751623948721346302e-01 9.241678993734380940e-03
9.751675014858922630e-01 9.211046021590335933e-03
9.752814525094914977e-01 8.535052708671863816e-03
9.753888016890147616e-01 7.911109256431989728e-03
9.754424022828828145e-01 7.604090102560269286e-03
9.754898032412895326e-01 7.335025953274590567e-03
9.755847235940163786e-01 6.802947756879519289e-03
9.756738367158694913e-01 6.311332700487008902e-03
9.757289085130432804e-01 6.011219581355021352e-03
9.757574201431293837e-01 5.856930057093501577e-03
9.758357516382764052e-01 5.436758798428349346e-03
9.759091064184317599e-01 5.048086728371313156e-03
9.759777548940947733e-01 4.688410548296239634e-03
9.760205833733422986e-01 4.465940767631497270e-03
9.760419608612445064e-01 4.355437017947425861e-03
9.761019800925745393e-01 4.047065304226621189e-03
9.761580592765425335e-01 3.761370557014063771e-03
9.762104352560906362e-01 3.496588712062736592e-03
9.762593345223885555e-01 3.251102493022381239e-03
9.763049729227402107e-01 3.023428565295752362e-03
9.763156032120439143e-01 2.970591840055197570e-03
9.763475555455909394e-01 2.812205781782393076e-03
9.763872767499001126e-01 2.616184452905542628e-03
9.764243203097383583e-01 2.434216569634185638e-03
9.764588596491152739e-01 2.265246907209294506e-03
9.764910581455242822e-01 2.108304938408552334e-03
9.765210694840782413e-01 1.962497487689403731e-03
9.765490380470519538e-01 1.827002061013373486e-03
9.765750993264421531e-01 1.701060790159737886e-03
9.765993803493537850e-01 1.583974934679985248e-03
9.766112542905159843e-01 1.526799613344473209e-03
9.766220001081871160e-01 1.475099889042604624e-03
9.766430699891690548e-01 1.373840646901798059e-03
9.766626941943284956e-01 1.279647678633168183e-03
9.766809701531556920e-01 1.192013182290322390e-03
9.766979889211947485e-01 1.110467671888260704e-03
9.767138355636171276e-01 1.034576870398358798e-03
9.767285895224794290e-01 9.639388780382930188e-04
9.767423249668800711e-01 8.981815893665349168e-04
9.767551111256325136e-01 8.369603353423607419e-04
9.767670126024005084e-01 7.799557289222012807e-04
9.767780896735418494e-01 7.268716949236918605e-04
9.767883985688141646e-01 6.774336668588658338e-04
9.767979917358169395e-01 6.313869351567410549e-04
9.768069180883905966e-01 5.884951328064487496e-04
9.768152232398538137e-01 5.485388458292538580e-04
9.768229497216824875e-01 5.113143372603890131e-04
9.768301371884852147e-01 4.766323744411251869e-04
9.768368226097450258e-01 4.443171504403127764e-04
9.768430404493720909e-01 4.142052913057216331e-04
9.768488228334147871e-01 3.861449416754534291e-04
9.768541997070052663e-01 3.599949219744541214e-04
9.768591989808529386e-01 3.356239510899736047e-04
9.768638466681816013e-01 3.129099289813703404e-04
9.768681670123099403e-01 2.917392742114731960e-04
9.768721826062775060e-01 2.720063118279579702e-04
9.768759145038897751e-01 2.536127074806140882e-04
9.768793823239450003e-01 2.364669439861663168e-04
9.768826043468628040e-01 2.204838369404831682e-04
9.768855976053710810e-01 2.055840862339348171e-04
9.768883779688233293e-01 1.916938606390125263e-04
9.768909602219321142e-01 1.787444128631456030e-04
9.768933581382017728e-01 1.666717226926083570e-04
9.768955845484156297e-01 1.554161660527548974e-04
9.768976514045245585e-01 1.449222079946964911e-04
9.768995698392619609e-01 1.351381177816992219e-04
