# n_s, r predictions of a polynomial alpha attractor model with k=1 and N_\star=65.
9.794803269521005218e-01 7.073821855408106863e-05
9.794803269520984124e-01 7.073821855406874938e-05
9.794796107285952402e-01 7.763436387665274959e-05
9.794788213828022894e-01 8.520274017581529430e-05
9.794779515881124610e-01 9.350886430729722762e-05
9.794769932974551896e-01 1.026246362217204743e-04
9.794759376742240287e-01 1.126289603697008850e-04
9.794747750168665279e-01 1.236084274946187649e-04
9.794734946768204331e-01 1.356580626524180923e-04
9.794720849685436548e-01 1.488821458640996094e-04
9.794705330722595082e-01 1.633951124010469560e-04
9.794688249275588232e-01 1.793225403864602042e-04
9.794669451180271214e-01 1.968022341060438941e-04
9.794648767459179783e-01 2.159854122168410918e-04
9.794626012962778239e-01 2.370380108981484755e-04
9.794600984898266249e-01 2.601421129175667262e-04
9.794573461240209111e-01 2.854975145893270494e-04
9.794543199013284740e-01 3.133234436933728497e-04
9.794509932446379130e-01 3.438604425761753380e-04
9.794473370987439864e-01 3.773724319189545456e-04
9.794433197177364603e-01 4.141489719760566403e-04
9.794389064379132037e-01 4.545077394955218284e-04
9.794340594360569918e-01 4.987972400058199481e-04
9.794287374732737472e-01 5.473997766748671693e-04
9.794228956245820683e-01 6.007346985108323037e-04
9.794164849954961616e-01 6.592619522074944557e-04
9.794094524264856938e-01 7.234859634652212896e-04
9.794017401876256024e-01 7.939598749831943032e-04
9.793932856660922948e-01 8.712901695126641470e-04
9.793840210503305110e-01 9.561417072134129188e-04
9.793738730158945138e-01 1.049243206918329310e-03
9.793627624194551906e-01 1.151393200569232785e-03
9.793506040093179488e-01 1.263466488740231210e-03
9.793373061627304033e-01 1.386421122469760989e-03
9.793227706632564589e-01 1.521305932013378289e-03
9.793068925339883934e-01 1.669268616096662630e-03
9.792895599462840828e-01 1.831564394840970618e-03
9.792706542275906312e-01 2.009565214830308540e-03
9.792500499966504401e-01 2.204769474420154723e-03
9.792276154592107762e-01 2.418812209818024719e-03
9.792032129037019361e-01 2.653475645508900430e-03
9.791766994412375302e-01 2.910699964215936793e-03
9.791479280413809549e-01 3.192594088392842946e-03
9.791167489202597940e-01 3.501446184418922046e-03
9.790830113428961035e-01 3.839733498122583667e-03
9.790465659050663350e-01 4.210131002160854598e-03
9.790072673610263898e-01 4.615518178084876584e-03
9.789649780607067031e-01 5.058983065122505882e-03
9.789195720519741073e-01 5.543822481530631674e-03
9.788709398884798407e-01 6.073537062883822661e-03
9.788189941592689847e-01 6.651819468951982069e-03
9.787636757210933514e-01 7.282533796809606032e-03
9.787049605654158935e-01 7.969683921703970067e-03
9.786428671889517705e-01 8.717368199532841283e-03
9.785774642578852767e-01 9.529717752226841629e-03
9.785088782630001480e-01 1.041081548484503946e-02
9.784373007593131222e-01 1.136459313629008781e-02
9.783629946756412510e-01 1.239470414948695524e-02
9.782862990777909662e-01 1.350437108013849592e-02
9.782076316887329259e-01 1.469620776449031413e-02
9.781274884300683592e-01 1.597201863087358009e-02
9.780464392744382396e-01 1.733258040352730206e-02
9.779651198120191680e-01 1.877741494309819251e-02
9.778842181554511237e-01 2.030456587654286271e-02
9.778044571452305656e-01 2.191039557758109324e-02
9.777265722621871769e-01 2.358942235026738679e-02
9.776512861707227220e-01 2.533421955937161310e-02
9.775792813439810880e-01 2.713539810127157600e-02
9.775741901238801379e-01 2.726828914790791619e-02
9.775111726747222063e-01 2.898169030183664688e-02
9.774474822576174615e-01 3.086014670468090193e-02
9.773886185548272820e-01 3.275644749898690838e-02
9.773348618777236707e-01 3.465531847452447273e-02
9.772863575399415303e-01 3.654102900989871644e-02
9.772845563585639272e-01 3.661476575430631930e-02
9.772431172329877347e-01 3.839793875353797459e-02
9.772050282723437897e-01 4.021105239017828265e-02
9.771735777801425771e-01 4.187126672030216240e-02
9.771718695147495470e-01 4.196653971566802199e-02
9.771433321012117368e-01 4.365218173586019046e-02
9.771190428343118350e-01 4.525771209438435305e-02
9.771189051029502970e-01 4.526736616147662012e-02
9.770985879836442400e-01 4.677503525389854061e-02
9.770878898437679316e-01 4.764786102839780463e-02
9.770815355913364808e-01 4.819831634869709003e-02
9.770685902998510475e-01 4.941078472490603724e-02
9.770674548306101936e-01 4.952395028218456452e-02
9.770559315418497759e-01 5.075042768785933273e-02
9.770557634126434410e-01 5.076951673849250390e-02
9.770468059983883347e-01 5.184905018233396806e-02
9.770465796264109493e-01 5.187812178320760914e-02
9.770403045274430598e-01 5.272756148374890123e-02
9.770390484406342724e-01 5.290902271355483327e-02
9.770354370287812618e-01 5.345648973913220969e-02
9.770330266593940660e-01 5.384644517933624697e-02
9.770316988558788163e-01 5.407108232043624646e-02
9.770287661882746111e-01 5.459630802575483194e-02
9.770282432630965630e-01 5.469473185766476897e-02
9.770264234707415341e-01 5.505035262738688928e-02
9.770245226990990073e-01 5.544677752494885092e-02
9.770244663623490755e-01 5.545897040352562590e-02
9.770229595174200199e-01 5.579590275634177532e-02
9.770216586338997811e-01 5.610572136916125441e-02
9.770215005420794796e-01 5.614473660187869336e-02
9.770205646219957130e-01 5.638252062584727525e-02
9.770196359479185189e-01 5.663131419766921637e-02
9.770191833163811568e-01 5.675787127636257312e-02
9.770188409928877160e-01 5.685614923446742630e-02
9.770181553434106325e-01 5.706032864408139976e-02
9.770175599077536299e-01 5.724657470471074955e-02
9.770173811674889297e-01 5.730429431465416251e-02
9.770170395827472154e-01 5.741715131989057891e-02
9.770165822945330314e-01 5.757395662318966212e-02
9.770161782980150145e-01 5.771859399849205152e-02
9.770159855202849020e-01 5.778985586888096826e-02
9.770158196582461319e-01 5.785242716724107309e-02
9.770154998616906727e-01 5.797662336352762957e-02
9.770152135214820177e-01 5.809218749833262863e-02
9.770149561515735215e-01 5.819998943363408062e-02
9.770149088925441649e-01 5.822022246330636752e-02
9.770147239919775295e-01 5.830078593512785096e-02
9.770145138723024258e-01 5.839523847689863378e-02
9.770143231042887066e-01 5.848392778468630704e-02
9.770141493965114332e-01 5.856736579418463096e-02
9.770140813685422865e-01 5.860079429602026851e-02
9.770139907861749018e-01 5.864600554505849245e-02
9.770138455841942404e-01 5.872024941484099009e-02
9.770137123306886773e-01 5.879045600888565398e-02
9.770135897586889051e-01 5.885694595554528952e-02
9.770134767643731122e-01 5.892000680430813792e-02
9.770134474720800766e-01 5.893664929594075175e-02
9.770133723825220606e-01 5.897989718483098720e-02
9.770132757661735834e-01 5.903685035380346752e-02
9.770131861696768061e-01 5.909107723225918291e-02
9.770131029345093809e-01 5.914276901674848236e-02
9.770130254773581324e-01 5.919209943253671280e-02
9.770129634633827331e-01 5.923250931081222581e-02
9.770129532800566619e-01 5.923922668480966630e-02
9.770128858810597228e-01 5.928429515407776518e-02
9.770128228681881355e-01 5.932743687407192323e-02
9.770127638724367403e-01 5.936877282400544048e-02
9.770127085626680863e-01 5.940841406184974027e-02
9.770126566410507474e-01 5.944646272098710882e-02
9.770126078391260238e-01 5.948301288907819478e-02
9.770125950498338430e-01 5.949272398627757780e-02
9.770125619144053308e-01 5.951815138507179220e-02
9.770125186474188927e-01 5.955195844786929926e-02
9.770124778391464648e-01 5.958450834814525698e-02
9.770124393087782355e-01 5.961586993314503535e-02
9.770124028917543946e-01 5.964610711287335332e-02
9.770123684380477291e-01 5.967527929489926941e-02
9.770123358106533873e-01 5.970344177400482844e-02
9.770123154795313791e-01 5.972126830728227004e-02
9.770123048842582758e-01 5.973064608205513187e-02
9.770122755440669993e-01 5.975694030274879276e-02
9.770122476847616921e-01 5.978236935529434443e-02
9.770122212095813108e-01 5.980697525053329383e-02
9.770121960295020669e-01 5.983079732258304861e-02
9.770121720625082329e-01 5.985387243868646456e-02
9.770121492329428836e-01 5.987623518962363611e-02
9.770121274709261394e-01 5.989791806275383823e-02
9.770121067118352487e-01 5.991895159950950261e-02
9.770121039757179160e-01 5.992175030005459507e-02
9.770120868958378502e-01 5.993936453894773558e-02
9.770120679674741959e-01 5.995918394877781943e-02
9.770120498752792315e-01 5.997843534512251051e-02
9.770120325714435339e-01 5.999714280212639639e-02
9.770120160115071117e-01 6.001532905240127697e-02
9.770120001540822940e-01 6.003301557919162035e-02
9.770119849606031526e-01 6.005022270104343890e-02
9.770119703950983503e-01 6.006696964967996044e-02
9.770119564239853061e-01 6.008327464171131505e-02
9.770119444661775621e-01 6.009742595612156679e-02
9.770119430158827889e-01 6.009915494473974662e-02
9.770119301414406099e-01 6.011462693836609056e-02
9.770119177731839688e-01 6.012970617054885780e-02
9.770119058853724558e-01 6.014440740972538252e-02
9.770118944538705996e-01 6.015874469306129596e-02
9.770118834560295173e-01 6.017273137115958931e-02
9.770118728705783351e-01 6.018638014953002491e-02
9.770118626775263770e-01 6.019970312708743804e-02
9.770118528580705730e-01 6.021271183192655058e-02
9.770118433945131908e-01 6.022541725459344686e-02
9.770118342701845648e-01 6.023782987905752784e-02
9.770118254693724857e-01 6.024995971156569402e-02
9.770118245622526620e-01 6.025121898668226589e-02
9.770118169772575856e-01 6.026181630754688656e-02
9.770118087798527196e-01 6.027340879671851115e-02
9.770118008639483431e-01 6.028474590653353643e-02
9.770117932170609976e-01 6.029583598409458955e-02
9.770117858273862366e-01 6.030668701665094222e-02
9.770117786837552165e-01 6.031730665078433029e-02
9.770117717755935072e-01 6.032770221037998815e-02
9.770117650928844544e-01 6.033788071347184756e-02
9.770117586261339859e-01 6.034784888804387709e-02
9.770117523663385262e-01 6.035761318686119065e-02
9.770117463049547979e-01 6.036717980140066109e-02
9.770117404338721778e-01 6.037655467494409955e-02
9.770117347453867174e-01 6.038574351489118391e-02
9.770117347453867174e-01 6.038574351489120473e-02
