# n_s, r predictions of a polynomial alpha attractor model with k=4 and N_\star=53.
9.685488436827426328e-01 3.980108555915609441e-05
9.685488436827591752e-01 3.980108555908225346e-05
9.685480551203675681e-01 4.298129919365543364e-05
9.685471847781038646e-01 4.641586055410422190e-05
9.685462253198808824e-01 5.012515391751526747e-05
9.685451687910864305e-01 5.413120445913226968e-05
9.685440065664342457e-01 5.845781157785361309e-05
9.685427292961457102e-01 6.313069325429845001e-05
9.685413268455157487e-01 6.817764240409257580e-05
9.685397882301783890e-01 7.362869625391600616e-05
9.685381015461996812e-01 7.951631987537121542e-05
9.685362538940022192e-01 8.587560511640761113e-05
9.685342312960714128e-01 9.274448628422509149e-05
9.685320186075594417e-01 1.001639740680117794e-04
9.685295994195174396e-01 1.081784093300571068e-04
9.685269559537600381e-01 1.168357385575390892e-04
9.685240689487155663e-01 1.261878129417406339e-04
9.685209175355322664e-01 1.362907132529774434e-04
9.685174791033938080e-01 1.472051028998159713e-04
9.685137291532086579e-01 1.589966118080537159e-04
9.685096411379473524e-01 1.717362540375244660e-04
9.685051862900204700e-01 1.855008823517183920e-04
9.685003334317489054e-01 2.003736833356185864e-04
9.684950487700180188e-01 2.164447170137761146e-04
9.684892956715547285e-01 2.338115054036584870e-04
9.684830344182495665e-01 2.525796749146463687e-04
9.684820539603398171e-01 2.555072782794087175e-04
9.684762219392555327e-01 2.728636581074661257e-04
9.684688115185527968e-01 2.947874609514341626e-04
9.684607524745547646e-01 3.184855024885281335e-04
9.684519898094694490e-01 3.441035346416776723e-04
9.684424638246078576e-01 3.717996509006063315e-04
9.684321096981858279e-01 4.017453937217859241e-04
9.684208570213916900e-01 4.341269717813765706e-04
9.684086292880323965e-01 4.691465997026863653e-04
9.683953433324443694e-01 5.070239746051397565e-04
9.683827810716327811e-01 5.426926761908466975e-04
9.683809087096005852e-01 5.479979058284929891e-04
9.683652270108651372e-01 5.923281165033137622e-04
9.683481911074980353e-01 6.402972383666763988e-04
9.683296843134249210e-01 6.922130243923071925e-04
9.683095794574728687e-01 7.484108075341554559e-04
9.682877378539560542e-01 8.092562382606252646e-04
9.682640081592476244e-01 8.751483387249922455e-04
9.682622567110498180e-01 8.800037155759914435e-04
9.682382251002689122e-01 9.465229175108606785e-04
9.682102080591199478e-01 1.023856396126777502e-03
9.681797594961627507e-01 1.107670106990802988e-03
9.681466631920914168e-01 1.198535132837101917e-03
9.681244515413202079e-01 1.259394745100576342e-03
9.681106822872428408e-01 1.297077769620056265e-03
9.680715570945293003e-01 1.403985709465184906e-03
9.680290026606157561e-01 1.520015057481836560e-03
9.679827060485228785e-01 1.645998316874780184e-03
9.679713558415833363e-01 1.676849858687805544e-03
9.679323233142981264e-01 1.782853501383058594e-03
9.678774761510557934e-01 1.931594563381571665e-03
9.678177481762696432e-01 2.093343360818491084e-03
9.678041165903698007e-01 2.130231242928908118e-03
9.677526808437004746e-01 2.269343427414583381e-03
9.676817689707947201e-01 2.460975859170875732e-03
9.676234577682244486e-01 2.618466870309188281e-03
9.676044558873904133e-01 2.669777687116753600e-03
9.675201282337162478e-01 2.897463172226695007e-03
9.674298811038017920e-01 3.141166045117406262e-03
9.674281104665966025e-01 3.145948534174423852e-03
9.673276591737316465e-01 3.417380711455994622e-03
9.672237790485863629e-01 3.698408549354458008e-03
9.672179573469760205e-01 3.714170846508458960e-03
9.670981088240978574e-01 4.039033295810763938e-03
9.670055050367574179e-01 4.290614995795877934e-03
9.669671331682470061e-01 4.395031082111424195e-03
9.668239613030158441e-01 4.785628836036395599e-03
9.667754184264124584e-01 4.918459218955602806e-03
9.666674322393885577e-01 5.214754423144081670e-03
9.665339112844434366e-01 5.582804654999167990e-03
9.664962911946333168e-01 5.686870631740709343e-03
9.663091892885232737e-01 6.207058526297509586e-03
9.662814205193819284e-01 6.284656165196318874e-03
9.661046847978350671e-01 6.781114379189262867e-03
9.660184281223336278e-01 7.025123241917788190e-03
9.658812456749800157e-01 7.415662511102747746e-03
9.657454527037978576e-01 7.805392487205397960e-03
9.656372527556740248e-01 8.118286921158422709e-03
9.654630360157226976e-01 8.626707853288111127e-03
9.653710029042121832e-01 8.897685270360684157e-03
9.651717280967490042e-01 9.490357120665413038e-03
9.650807114046123791e-01 9.763849554523872792e-03
9.648720739465014296e-01 1.039766295979666424e-02
9.647645132946145452e-01 1.072827858000218425e-02
9.645646034854833406e-01 1.134997694170217925e-02
9.644204640587052957e-01 1.180422801988119906e-02
9.642498253921104601e-01 1.234867508504441935e-02
9.640465410307761385e-01 1.300700425257387931e-02
9.639282245317235542e-01 1.339515387665805683e-02
9.636406478214291083e-01 1.435430823873074836e-02
9.636002622113171157e-01 1.449082607066785183e-02
9.632663783567363414e-01 1.563711587927999261e-02
9.632006249138173049e-01 1.586663521344782585e-02
9.629269947913078331e-01 1.683545338592117371e-02
9.627242701964452420e-01 1.756773469609801408e-02
9.625825189763190792e-01 1.808726814326652027e-02
9.622333477708111538e-01 1.939398198628407288e-02
9.622093736699182109e-01 1.948513279060850450e-02
9.618798709361504606e-01 2.075700111833922445e-02
9.616537709868064887e-01 2.165071421395893189e-02
9.615224742372314726e-01 2.217770753422473526e-02
9.611615420767603002e-01 2.365744984165238721e-02
9.610554209465050901e-01 2.410135381857322207e-02
9.607974596517651067e-01 2.519753353815986502e-02
9.604306146505183772e-01 2.679921079792428953e-02
9.604125125620173176e-01 2.687957497102424695e-02
9.600613985221981839e-01 2.846366982324566655e-02
9.597236076859285703e-01 3.003419290791929652e-02
9.596902073564721469e-01 3.019202381895480514e-02
9.593174424100048281e-01 3.198529965410478598e-02
9.589878250928026704e-01 3.362087251842759555e-02
9.589435103142935901e-01 3.384442628350480681e-02
9.585688229957505246e-01 3.577022301129167275e-02
9.582050708192374477e-01 3.770248906936571331e-02
9.581937973355475480e-01 3.776338768920459166e-02
9.578188545937241782e-01 3.982448495310210446e-02
9.574444196198814705e-01 4.195393461173980293e-02
9.573763166737053742e-01 4.234912481341526064e-02
9.570709198710635190e-01 4.415200031197658026e-02
9.566987842566144762e-01 4.641877861329773286e-02
9.565039231196953429e-01 4.763746377291654815e-02
9.563284418292855582e-01 4.875418861215233962e-02
9.559603203421175310e-01 5.115796226181482803e-02
9.555948446908150151e-01 5.362963553711883741e-02
9.555919930402441143e-01 5.364926555036569900e-02
9.552324352621274217e-01 5.616854059383073056e-02
9.548735062094049209e-01 5.877379907042375173e-02
9.546467282119234232e-01 6.046852018171428728e-02
9.545184636772872100e-01 6.144431667475504233e-02
9.541677039981580899e-01 6.417877918970885109e-02
9.538216118835355362e-01 6.697565002012451085e-02
9.536767404870345466e-01 6.817683822550572870e-02
9.534805586338619410e-01 6.983316938831321541e-02
9.531449003901844019e-01 7.274935526729074675e-02
9.528149764508963004e-01 7.572200611975840601e-02
9.526932464919886101e-01 7.684666253901857591e-02
9.524911076760380624e-01 7.874870548715123819e-02
9.521735950005753013e-01 8.182682844725130966e-02
9.518627180766691120e-01 8.495354993122891663e-02
9.517100533029201337e-01 8.653207101390271438e-02
9.515587340630344837e-01 8.812585486267278390e-02
9.512618765774507601e-01 9.134055005182722953e-02
9.509723548257598136e-01 9.459427775034921770e-02
9.507432328722075221e-01 9.725735194566512143e-02
9.506903529182374468e-01 9.788353074344006977e-02
9.504160293809628124e-01 1.012046688313581466e-01
9.501495168668884217e-01 1.045539365284627598e-01
9.498909220680957777e-01 1.079274817879178200e-01
9.498103988961962285e-01 1.090042257194171332e-01
9.496403258275657455e-01 1.113213755435592117e-01
9.493977834457476561e-01 1.147316318478602132e-01
9.491633251742963573e-01 1.181542283767288287e-01
9.489369568866816707e-01 1.215851270681956725e-01
9.489295552551404445e-01 1.216995121095840598e-01
9.487186609129838466e-01 1.250202946629321021e-01
9.485083970241141582e-01 1.284557229199909667e-01
9.483061035490841784e-01 1.318874482904819068e-01
9.481175849464670291e-01 1.352059817044661827e-01
9.481116986075160957e-01 1.353115708459671773e-01
9.479250814388656687e-01 1.387242722746293289e-01
9.477461338092165732e-01 1.421218327786580027e-01
9.475747214764731474e-01 1.455006467282483062e-01
9.474106956950508751e-01 1.488572369514727378e-01
9.473885765700817974e-01 1.493196587410026699e-01
9.472538947417160626e-01 1.521882675645055694e-01
9.471041454452689967e-01 1.554905552713899963e-01
9.469612647037523034e-01 1.587610790885077283e-01
9.468250609743741331e-01 1.619969884726567833e-01
9.467522987788936639e-01 1.637764387380859221e-01
9.466953357227922972e-01 1.651956098551510543e-01
9.465718848200510571e-01 1.683544516057844942e-01
9.464544998771594608e-01 1.714712074700381339e-01
9.463429695090075366e-01 1.745437585401812819e-01
9.462370805210120750e-01 1.775701738357832460e-01
9.462131719290332033e-01 1.782692141940460939e-01
9.461366190135122034e-01 1.805487095814780063e-01
9.460413714004929364e-01 1.834778072796466319e-01
9.459511253406597264e-01 1.863560906829829222e-01
9.458656705801999909e-01 1.891823617768653432e-01
9.457847997077605262e-01 1.919555958841437926e-01
9.457700055520141813e-01 1.924739800802131029e-01
9.457083088232023371e-01 1.946749360056278799e-01
9.456359981225909150e-01 1.973396865083868190e-01
9.455676724026261804e-01 1.999493062711999447e-01
9.455031414883233731e-01 2.025034013923886766e-01
9.454422205882291319e-01 2.050017175599886665e-01
9.454165773667990713e-01 2.060805271672004058e-01
9.453847305818062763e-01 2.074441321781072545e-01
9.453304982438529569e-01 2.098306463365054997e-01
9.452793564109598368e-01 2.121613767031733377e-01
9.452311440950369459e-01 2.144365474122111315e-01
9.451857065489585041e-01 2.166564820113915657e-01
9.451428952891458568e-01 2.188215955269173230e-01
9.451428952891458568e-01 2.188215955269174062e-01
