# n_s, r predictions of a polynomial alpha attractor model with k=3 and N_\star=46.
9.651942013267700293e-01 1.305405850347258578e-04
9.651942013267741372e-01 1.305405850347258578e-04
9.651917472307744994e-01 1.407724989708093049e-04
9.651890721260122374e-01 1.518081743522934474e-04
9.651861574468504346e-01 1.637110477209371246e-04
9.651829831167147988e-01 1.765496118052440190e-04
9.651795274259262758e-01 1.903978266822452009e-04
9.651757668996124861e-01 2.053355657088736105e-04
9.651716761545411361e-01 2.214490993756389301e-04
9.651672277441993852e-01 2.388316205577414549e-04
9.651623919909331217e-01 2.575838149958344678e-04
9.651571368039596477e-01 2.778144812375363455e-04
9.651514274821524353e-01 2.996412047183806071e-04
9.651452265000135533e-01 3.231910911678828840e-04
9.651384932755868729e-01 3.486015650874494136e-04
9.651311839183258634e-01 3.760212396895910750e-04
9.651232509553459016e-01 4.056108654068526121e-04
9.651146430339285764e-01 4.375443648957173175e-04
9.651053045980118039e-01 4.720099633861642597e-04
9.650951755362831008e-01 5.092114242776135582e-04
9.650841907991322133e-01 5.493694010805109983e-04
9.650722799814992481e-01 5.927229181644048115e-04
9.650593668681520798e-01 6.395309943431679413e-04
9.650453689380633637e-01 6.900744250939708137e-04
9.650301968235802663e-01 7.446577412810128326e-04
9.650137537199107163e-01 8.036113645982640970e-04
9.649959347405465682e-01 8.672939826444870390e-04
9.649766262122563276e-01 9.360951697239631433e-04
9.649557049050188073e-01 1.010438283007978168e-03
9.649330371892784752e-01 1.090783667965629323e-03
9.649172981105120783e-01 1.146463731136364034e-03
9.649084781141628042e-01 1.177632211769709695e-03
9.648818703987749323e-01 1.271529289057396483e-03
9.648530433283180052e-01 1.373069150977854333e-03
9.648218115462700029e-01 1.482899816101194415e-03
9.647879737332142325e-01 1.601728530661376783e-03
9.647513111626184745e-01 1.730327875989543743e-03
9.647115861235767698e-01 1.869542613093592249e-03
9.646685402006072163e-01 2.020297368458834515e-03
9.646218924010738771e-01 2.183605281596447036e-03
9.645713371218069820e-01 2.360577754025228094e-03
9.645545198517311292e-01 2.419453612005353742e-03
9.645165419483547886e-01 2.552435461628515395e-03
9.644571452831502967e-01 2.760520818149871450e-03
9.643927538032001090e-01 2.986312107390021869e-03
9.643229397539714309e-01 3.231439535969672303e-03
9.642472380944311361e-01 3.497703497728424458e-03
9.641651435195824904e-01 3.787095385290289561e-03
9.641402255341466887e-01 3.875080488063029592e-03
9.640761074006797271e-01 4.101821334453639549e-03
9.639795347021810068e-01 4.444329342633439317e-03
9.638747809555712198e-01 4.817340263870286549e-03
9.637611493964817200e-01 5.223883248973612038e-03
9.636856625137478760e-01 5.495143839009051547e-03
9.636378883998102385e-01 5.667336269698780918e-03
9.635041893775451172e-01 6.151472439051099139e-03
9.633591853326969323e-01 6.680512914366800586e-03
9.632019502866975280e-01 7.259187243880504611e-03
9.631977796589387131e-01 7.274610715668512230e-03
9.630314998128298720e-01 7.892802088933821222e-03
9.628467929111357293e-01 8.587319320191143940e-03
9.626822417357756567e-01 9.213403476286378610e-03
9.626467354494500084e-01 9.349444543276760541e-03
9.624301853736506596e-01 1.018672715011779278e-02
9.621959598673978098e-01 1.110767300355454922e-02
9.621441992560763046e-01 1.131343082162471377e-02
9.619428446343559758e-01 1.212187081969939156e-02
9.616696055066782378e-01 1.324013317251489935e-02
9.615884330532948887e-01 1.357722879655051153e-02
9.613750026755597533e-01 1.447465274074020113e-02
9.610578080084601904e-01 1.583917385017090396e-02
9.610193337361354615e-01 1.600727145408712901e-02
9.607168261625239625e-01 1.734917840043356807e-02
9.604408794927720150e-01 1.860559329041594490e-02
9.603509205020780426e-01 1.902208373295672522e-02
9.599590451354432785e-01 2.087744768477696120e-02
9.598566518761102451e-01 2.137355579988836629e-02
9.595402846423124466e-01 2.293717273036635987e-02
9.592698795820226998e-01 2.431167866683685980e-02
9.590939032001517539e-01 2.522569645203624408e-02
9.586834905428972542e-01 2.741950245789571278e-02
9.586194047662359718e-01 2.777014928453748130e-02
9.581166056581454926e-01 3.060045224625211960e-02
9.581001585405531928e-01 3.069547245911659339e-02
9.575857202157761483e-01 3.374931698233410438e-02
9.575223383803710409e-01 3.413684294882492198e-02
9.570274591210085058e-01 3.725209792444828666e-02
9.569522889163588619e-01 3.773960445228541349e-02
9.564431382792837333e-01 4.114643221570935677e-02
9.563920857380150409e-01 4.149843707370320239e-02
9.558436261351348495e-01 4.540669251746776158e-02
9.558347938151575685e-01 4.547158858919396474e-02
9.553086289260143138e-01 4.945640653820002758e-02
9.552052956323415778e-01 5.026743425436318996e-02
9.547886313817999238e-01 5.363834252180724183e-02
9.545584481957624101e-01 5.557292347115740799e-02
9.542849850504595555e-01 5.794206577915216039e-02
9.538990629985070191e-01 6.142401949754215662e-02
9.537988518727720244e-01 6.235604698536773710e-02
9.533312016170738534e-01 6.686779208005753927e-02
9.532329832362130828e-01 6.785099168184940965e-02
9.528828113421032864e-01 7.146399491911846480e-02
9.525670386434503811e-01 7.487509130434297222e-02
9.524542673223500566e-01 7.613070810389660492e-02
9.520459696344198974e-01 8.085352676217165413e-02
9.519089088327351567e-01 8.250471119512332863e-02
9.516581394028376106e-01 8.561777966136648044e-02
9.512908285398531394e-01 9.040872191683389791e-02
9.512668786327392878e-01 9.073127630946402344e-02
9.509439316854199076e-01 9.521172371924770117e-02
9.506494803485768808e-01 9.952528320026868269e-02
9.506171999609850376e-01 1.000124499230106018e-01
9.503102560927358944e-01 1.047970259739775534e-01
9.500650358533244688e-01 1.088330741786458361e-01
9.500226104342074374e-01 1.095521864574859755e-01
9.497536774210324495e-01 1.142654034569205168e-01
9.495211340448966864e-01 1.185750445099177375e-01
9.495027920174328173e-01 1.189249928672283380e-01
9.492692257594260719e-01 1.235201977488552955e-01
9.490522020580318685e-01 1.280412486852817999e-01
9.490241017346813246e-01 1.286459735453359954e-01
9.488509104915336945e-01 1.324794018822729180e-01
9.486645198841380244e-01 1.368269563920135601e-01
9.485785414542818872e-01 1.389179880091984676e-01
9.484921900349785329e-01 1.410772523457952121e-01
9.483330820231022917e-01 1.452246524315338183e-01
9.481870107515646406e-01 1.492462932654238794e-01
9.481863670685188872e-01 1.492645090634684701e-01
9.480512339752378281e-01 1.531931197744771656e-01
9.479268952188689701e-01 1.570076733351022380e-01
9.478499001377219679e-01 1.594772994481924167e-01
9.478125917689285140e-01 1.607061889887060890e-01
9.477075967550401270e-01 1.642874510109853525e-01
9.476112180977133148e-01 1.677509405751956006e-01
9.475655328039298553e-01 1.694582474265286243e-01
9.475228002294014962e-01 1.710967666507479112e-01
9.474417250313330596e-01 1.743255973983916796e-01
9.473674121073123455e-01 1.774385932630827833e-01
9.473304670845180686e-01 1.790470642298359061e-01
9.472993185084305212e-01 1.804373427158027510e-01
9.472369380133610628e-01 1.833238013651283804e-01
9.471798000584671362e-01 1.861002349528101119e-01
9.471399448692826573e-01 1.881210807646777616e-01
9.471274684009974854e-01 1.887691665672778518e-01
9.470795395876914213e-01 1.913333282556537451e-01
9.470356412905621690e-01 1.937956170876883877e-01
9.469954305617411805e-01 1.961590556225612791e-01
9.469884069986923558e-01 1.965834691637504406e-01
9.469585920502000542e-01 1.984267566494648249e-01
9.469248362150530784e-01 2.006018920127568828e-01
9.468938975629593857e-01 2.026876652895955866e-01
9.468699953299732908e-01 2.043667332234426759e-01
9.468655329309354496e-01 2.046872880596434241e-01
9.468395198305616933e-01 2.066039594901921406e-01
9.468156548650846771e-01 2.084408489535557463e-01
9.467937522271941964e-01 2.102010813947603751e-01
9.467789781331447108e-01 2.114331616587285523e-01
9.467736422822025100e-01 2.118877251746090762e-01
9.467551702388987689e-01 2.135037821245873157e-01
9.467381949084024972e-01 2.150521795644897982e-01
9.467225875498362919e-01 2.165357640500414349e-01
9.467100626286562015e-01 2.177726639098037653e-01
9.467082308004890479e-01 2.179572966352975316e-01
9.466950176873093481e-01 2.193194494525486093e-01
9.466828507159735784e-01 2.206248034303637251e-01
9.466716410333949616e-01 2.218758469877996631e-01
9.466613076593619613e-01 2.230749755592393024e-01
9.466585862884876468e-01 2.233987351312057834e-01
9.466517767827437035e-01 2.242244918208497473e-01
9.466429811179718490e-01 2.253266065030201104e-01
9.466348593173296022e-01 2.263834396879672028e-01
9.466273554348687558e-01 2.273970225033777881e-01
9.466205998906821462e-01 2.283434044607240421e-01
9.466204184379043429e-01 2.283692991344949130e-01
9.466140017622409752e-01 2.293021290872233053e-01
9.466080629075095398e-01 2.301972896439903882e-01
9.466025630692211923e-01 2.310564784622824441e-01
9.465974668043704021e-01 2.318813162730462285e-01
9.465928672661166887e-01 2.326519437849578487e-01
9.465927417276500666e-01 2.326733496425866521e-01
9.465883582355658632e-01 2.334340537672520144e-01
9.465842892559412913e-01 2.341648352751723450e-01
9.465805100205169076e-01 2.348670350136698448e-01
9.465769978585331090e-01 2.355419308047284888e-01
9.465737320093678964e-01 2.361907401541956664e-01
9.465728098740739949e-01 2.363779261180298241e-01
9.465706934524660277e-01 2.368146229032246086e-01
9.465678647529561784e-01 2.374146838128888548e-01
9.465652299214919463e-01 2.379919750750001117e-01
9.465627742869868744e-01 2.385474987439260841e-01
9.465604843810369040e-01 2.390822090857225579e-01
9.465584214753310910e-01 2.395789992223698039e-01
9.465583478329330225e-01 2.395970148421655843e-01
9.465563532742701236e-01 2.400927814083333167e-01
9.465544902522498028e-01 2.405703329232873056e-01
9.465527491508642921e-01 2.410304542741256717e-01
9.465511211192156882e-01 2.414738930143046913e-01
9.465495980063091119e-01 2.419013611975906475e-01
9.465481723017082905e-01 2.423135371294160567e-01
9.465481723017082905e-01 2.423135371294161400e-01
