# n_s, r predictions of a polynomial alpha attractor model with k=2 and N_\star=43.
9.650860901241922196e-01 2.008794419611447638e-04
9.650860901241902212e-01 2.008794419611654720e-04
9.650833842636108439e-01 2.159075581395917187e-04
9.650804554240078881e-01 2.320621683362153573e-04
9.650772860452374591e-01 2.494280658786198856e-04
9.650738572211859934e-01 2.680964821207680615e-04
9.650701485985258010e-01 2.881655838964636263e-04
9.650661382677134803e-01 3.097410107394085906e-04
9.650618026460752175e-01 3.329364552443823781e-04
9.650571163517006612e-01 3.578742902699832301e-04
9.650520520685704762e-01 3.846862470132836028e-04
9.650465804012445803e-01 4.135141483988990976e-04
9.650406697188820271e-01 4.445107026322281277e-04
9.650342859877040214e-01 4.778403622523752785e-04
9.650273925910417550e-01 5.136802545463476245e-04
9.650199501360519072e-01 5.522211897727312586e-04
9.650119162462040823e-01 5.936687542990420592e-04
9.650032453384729259e-01 6.382444964835524547e-04
9.649938883842038573e-01 6.861872139513789607e-04
9.649837926524664766e-01 7.377543518185987470e-04
9.649729014347161460e-01 7.932235224404691597e-04
9.649611537495341729e-01 8.528941583956294948e-04
9.649484840261172147e-01 9.170893116929813762e-04
9.649348217649551529e-01 9.861576136308695169e-04
9.649200911749818976e-01 1.060475411300805439e-03
9.649042107846443894e-01 1.140449098605888405e-03
9.648870930264468182e-01 1.226517661597699687e-03
9.648686437931859317e-01 1.319155460257041921e-03
9.648487619644066093e-01 1.418875271383902327e-03
9.648273389019743629e-01 1.526231620101380039e-03
9.648042579135636121e-01 1.641824430699678674e-03
9.647793936832466111e-01 1.766303031115490493e-03
9.647526116685424258e-01 1.900370549369805690e-03
9.647237674638219351e-01 2.044788744747923562e-03
9.646927061305382578e-01 2.200383321489780743e-03
9.646592614954707656e-01 2.368049778281285881e-03
9.646232554192112341e-01 2.548759852923999925e-03
9.645844970383530281e-01 2.743568628254671425e-03
9.645742423211375316e-01 2.795166773646698757e-03
9.645427819864693664e-01 2.953622372665579750e-03
9.644978916009480097e-01 3.180167196442458891e-03
9.644495921252519421e-01 3.424558613516975793e-03
9.643976339192015246e-01 3.688272107027962265e-03
9.643417506936116101e-01 3.972914806111206565e-03
9.642816587899258884e-01 4.280238390349864856e-03
9.642170565312514485e-01 4.612153346795670218e-03
9.641476236764988661e-01 4.970744712171888333e-03
9.640730210176651216e-01 5.358289438449325044e-03
9.640451117528466840e-01 5.503894188766596599e-03
9.639928901676190209e-01 5.777275523075201327e-03
9.639068535953522199e-01 6.230423043778185628e-03
9.638145149756462970e-01 6.720707230568109120e-03
9.637154599307655722e-01 7.251383691879807053e-03
9.636092572531049782e-01 7.826015884746887266e-03
9.635179113317855482e-01 8.325128077832493270e-03
9.634954607086333445e-01 8.448504876885148604e-03
9.633736115317135251e-01 9.123121386803543717e-03
9.632432417313031570e-01 9.854540001018149281e-03
9.631038783361539624e-01 1.064787534816461455e-02
9.629988487665688268e-01 1.125388113193583062e-02
9.629550487119804547e-01 1.150871984985116572e-02
9.627962870857129651e-01 1.244318245755512975e-02
9.626271424106469521e-01 1.345792751178217367e-02
9.624920603439348632e-01 1.428310605484786958e-02
9.624471877007308995e-01 1.456021251043069543e-02
9.622560309520121757e-01 1.575792313218625854e-02
9.620533277522800297e-01 1.705960331175748745e-02
9.620005252726792078e-01 1.740421949749020383e-02
9.618387956554315110e-01 1.847447748989749713e-02
9.616122303596649212e-01 2.001246135017476988e-02
9.615263721847273626e-01 2.060752758767890949e-02
9.613735236744207491e-01 2.168415639940178899e-02
9.611226831815012916e-01 2.350082265759758857e-02
9.610710708163812122e-01 2.388257379166699654e-02
9.608598533829938448e-01 2.547432252549369086e-02
9.606355768083678637e-01 2.721842219616531916e-02
9.605853379721848162e-01 2.761702765712363908e-02
9.602996226558407900e-01 2.994167949321475605e-02
9.602204432881671359e-01 3.060389136948632807e-02
9.600033976921144019e-01 3.246119318342058357e-02
9.598259063091797438e-01 3.402775126968744096e-02
9.596975789903980925e-01 3.518839419529307122e-02
9.594519504122935860e-01 3.747889141448462746e-02
9.593833262609762214e-01 3.813567731654111947e-02
9.590983596433081404e-01 4.094646499906653969e-02
9.590620563310355839e-01 4.131457943167773234e-02
9.587647581188731838e-01 4.442001140408516346e-02
9.587354494066727684e-01 4.473526088171628917e-02
9.584506430552025558e-01 4.788955837676364680e-02
9.584054458230603091e-01 4.840589588990164976e-02
9.581554122386539696e-01 5.134570473154329018e-02
9.580742307735393704e-01 5.233198084873290357e-02
9.578783872471304806e-01 5.477968439380052901e-02
9.577442047382256352e-01 5.651558035594517887e-02
9.576188332807865633e-01 5.818341278741145928e-02
9.574179379373248810e-01 6.095454444876876460e-02
9.573759761716180705e-01 6.154951681014914078e-02
9.571490169632931311e-01 6.487134987268231012e-02
9.570981081794965872e-01 6.564174554452982535e-02
9.569371443466067051e-01 6.814299365691693644e-02
9.567874229697463928e-01 7.056439835258905557e-02
9.567395451751568025e-01 7.135924836077173206e-02
9.565554132520689423e-01 7.451561323683329741e-02
9.564885286035013090e-01 7.570353782791289232e-02
9.563839565600014136e-01 7.760825920783669118e-02
9.562244030958264585e-01 8.063399526320767785e-02
9.562039110105882145e-01 8.103373580966008460e-02
9.560760054638981487e-01 8.359023022034109407e-02
9.559380443749658784e-01 8.647493128499418591e-02
9.559357950193995146e-01 8.652313296023667055e-02
9.558098311908147515e-01 8.928658067747065330e-02
9.556907096462697870e-01 9.202413141740492519e-02
9.556860501048776158e-01 9.213384639304413037e-02
9.555800568712060628e-01 9.468696318564585879e-02
9.554772838251025524e-01 9.727483901522429588e-02
9.554561111796749939e-01 9.782278414581223325e-02
9.553818352461638241e-01 9.978786340819371936e-02
9.552931892063059038e-01 1.022264423345284612e-01
9.552469223020307876e-01 1.035428573026207916e-01
9.552108563526854335e-01 1.045912454448150036e-01
9.551343789062013423e-01 1.068831707207380660e-01
9.550633294777021165e-01 1.091033116960997418e-01
9.550589092310678430e-01 1.092445340083874616e-01
9.549973097536482713e-01 1.112529273054610052e-01
9.549359490947672002e-01 1.133334143562595570e-01
9.548919837569627145e-01 1.148776343036474329e-01
9.548789030838603642e-01 1.153462825719548251e-01
9.548258520523770221e-01 1.172931321168422525e-01
9.547764996096266277e-01 1.191756334860716998e-01
9.547455791343170128e-01 1.203932291474121563e-01
9.547305711935377692e-01 1.209955096256105783e-01
9.546878126576086032e-01 1.227545201349740794e-01
9.546479889050619727e-01 1.244544473993458022e-01
9.546187123892718729e-01 1.257454886624911061e-01
9.546108825783038432e-01 1.260970844955110470e-01
9.545762928090172350e-01 1.276842247185910606e-01
9.545440340325315187e-01 1.292176525796248088e-01
9.545139348681134228e-01 1.306991361314497613e-01
9.545100664063483897e-01 1.308933278492282470e-01
9.544858370656845725e-01 1.321304204872839339e-01
9.544595945183634855e-01 1.335132224050997740e-01
9.544350723394416924e-01 1.348492258197959426e-01
9.544180830237203317e-01 1.358017225922953375e-01
9.544121460017951364e-01 1.361400782143136756e-01
9.543907005372982422e-01 1.373873877299234825e-01
9.543706297935073968e-01 1.385927209247655167e-01
9.543518357446866274e-01 1.397576010982254091e-01
9.543410580879244653e-01 1.404426100097833641e-01
9.543342278541224744e-01 1.408835071068894329e-01
9.543177224847433360e-01 1.419718726050013258e-01
9.543022423548388478e-01 1.430240856502817126e-01
9.542877160360702105e-01 1.440414886212318113e-01
9.542772304362602265e-01 1.447953371019291835e-01
9.542740774907509937e-01 1.450253783991368173e-01
9.542612656456639364e-01 1.459770067728005383e-01
9.542492239997455439e-01 1.468975810292056927e-01
9.542379002631220519e-01 1.477882646977276004e-01
9.542272460251198796e-01 1.486501784195687070e-01
9.542248587288176820e-01 1.488466712039682727e-01
9.542172164490171360e-01 1.494844009176815591e-01
9.542077699914488509e-01 1.502919700456873675e-01
9.541988681445171538e-01 1.510738838971678322e-01
9.541904751987935196e-01 1.518311019592651634e-01
9.541825580255329786e-01 1.525645462967920862e-01
9.541822824542262049e-01 1.525904270644748983e-01
9.541750858765422061e-01 1.532751027550507128e-01
9.541680302002633063e-01 1.539636221713232000e-01
9.541613644727435783e-01 1.546309215865487308e-01
9.541550640422699070e-01 1.552777854500536625e-01
9.541491059865384594e-01 1.559049668113970111e-01
9.541479658052238744e-01 1.560267933826222919e-01
9.541434689813256265e-01 1.565131884944229168e-01
9.541381331797077481e-01 1.571031442495152974e-01
9.541330801009559881e-01 1.576754998808316266e-01
9.541282925283037786e-01 1.582308943459692085e-01
9.541237544148526428e-01 1.587699408260954403e-01
9.541205251004003518e-01 1.591614546588471790e-01
9.541194507969432692e-01 1.592932277650809803e-01
9.541153677143719980e-01 1.598013198765979581e-01
9.541114921368890611e-01 1.602947591185107656e-01
9.541078118964597676e-01 1.607740656342003249e-01
9.541043156248162349e-01 1.612397386607182237e-01
9.541009926958615717e-01 1.616922574038935079e-01
9.540987418196210657e-01 1.620046035717759014e-01
9.540978331725328276e-01 1.621320818806886443e-01
9.540948277577567804e-01 1.625596537292587906e-01
9.540919677491654927e-01 1.629753969872894948e-01
9.540892449972678824e-01 1.633797188392811517e-01
9.540866518667950880e-01 1.637730103335386933e-01
9.540841812009673850e-01 1.641556470696715064e-01
9.540818262884450673e-01 1.645279898574676936e-01
9.540815640862010394e-01 1.645699281093910005e-01
9.540795808327511285e-01 1.648903853480267467e-01
9.540774389239671249e-01 1.652431666380675124e-01
9.540753950125229199e-01 1.655866538483319328e-01
9.540734438849147736e-01 1.659211546770151258e-01
9.540715806412003452e-01 1.662469649291462293e-01
9.540698006741310522e-01 1.665643690228393037e-01
9.540680996497955535e-01 1.668736404733207335e-01
9.540680996497955535e-01 1.668736404733207890e-01
