# n_s, r predictions of a polynomial alpha attractor model with k=4 and N_\star=62.
9.731141249278817407e-01 3.064562625243301094e-05
9.731141249278899563e-01 3.064562625243301094e-05
9.731134863449084627e-01 3.309418665939152813e-05
9.731127830186270256e-01 3.573855549187319856e-05
9.731120091899209124e-01 3.859442102500941529e-05
9.731111586150307247e-01 4.167873359294615814e-05
9.731102245266520789e-01 4.500980798314197672e-05
9.731091995902384495e-01 4.860743428684851855e-05
9.731080758573977807e-01 5.249299792567910141e-05
9.731068447156793200e-01 5.668960964129146813e-05
9.731054968334825750e-01 6.122224631324434140e-05
9.731040221010154312e-01 6.611790353989333978e-05
9.731024095659585038e-01 7.140576101512844883e-05
9.731006473637798804e-01 7.711736182551933490e-05
9.730987226421858871e-01 8.328680690014323438e-05
9.730966214792124980e-01 8.995096596820572406e-05
9.730943287941705711e-01 9.714970651003126587e-05
9.730918282511741291e-01 1.049261423332192308e-04
9.730891021540661878e-01 1.133269035736790190e-04
9.730861313326172324e-01 1.224024301014300280e-04
9.730828950182509596e-01 1.322072905182131543e-04
9.730793707093176037e-01 1.428005291630808952e-04
9.730755340241750151e-01 1.542460437997400665e-04
9.730713585409915822e-01 1.666129969518224572e-04
9.730668156236814692e-01 1.799762641717955899e-04
9.730618742311667457e-01 1.944169229145575927e-04
9.730611006919347439e-01 1.966694000756433333e-04
9.730565007099037933e-01 2.100227860840687445e-04
9.730506585665709141e-01 2.268889848160928380e-04
9.730443082199593530e-01 2.451186055825780143e-04
9.730374067289981888e-01 2.648233873342576805e-04
9.730299074949578797e-01 2.861244850886562148e-04
9.730217599347115165e-01 3.091533071849243068e-04
9.730129091220476312e-01 3.340524343474826153e-04
9.730032953933848150e-01 3.609766297690106436e-04
9.729928539139072186e-01 3.900939506506137782e-04
9.729829848625075606e-01 4.175095902323421580e-04
9.729815141995651340e-01 4.215869730641088882e-04
9.729691995899062418e-01 4.556541436493806376e-04
9.729558266658827614e-01 4.925112735851693317e-04
9.729413046061377024e-01 5.323931925120429110e-04
9.729255344746332579e-01 5.755555827019358034e-04
9.729084084307800806e-01 6.222770168650064264e-04
9.728898088536023225e-01 6.728612265501557723e-04
9.728884363208741837e-01 6.765881025220706882e-04
9.728696073683161805e-01 7.276396324234533182e-04
9.728476637647233138e-01 7.869741726451135551e-04
9.728238247932031735e-01 8.512604716041831734e-04
9.727979228243341936e-01 9.209313982482739266e-04
9.727805449592943354e-01 9.675817319225184883e-04
9.727697743556756871e-01 9.964610716633398937e-04
9.727391783482830512e-01 1.078369381490301834e-03
9.727059143738847613e-01 1.167227102628684695e-03
9.726697405528461626e-01 1.263661697771403499e-03
9.726608744230389458e-01 1.287269873871526313e-03
9.726303912625116066e-01 1.368363918101528657e-03
9.725875745959439156e-01 1.482095332427532013e-03
9.725409695530494725e-01 1.605696938681022007e-03
9.725303360652644002e-01 1.633874038238659204e-03
9.724902229498630923e-01 1.740099039650458207e-03
9.724349460387274879e-01 1.886332597681005712e-03
9.723895123842888344e-01 2.006430361467209916e-03
9.723747108427686081e-01 2.045542321454596902e-03
9.723090462240175924e-01 2.219001782420276965e-03
9.722388113357087747e-01 2.404492555949088676e-03
9.722374337265368149e-01 2.408130909432995136e-03
9.721593032654011202e-01 2.614516267898408641e-03
9.720785528659217078e-01 2.827969279974396153e-03
9.720740287676871150e-01 2.839934594555760649e-03
9.719809239139012291e-01 3.086380130684609948e-03
9.719090224369468789e-01 3.277024673884867956e-03
9.718792381679383086e-01 3.356096376210402493e-03
9.717681533167417118e-01 3.651612975922462461e-03
9.717305050631801500e-01 3.752011800268294315e-03
9.716467807487501052e-01 3.975788551741275129e-03
9.715433055073446900e-01 4.253424950444980104e-03
9.715141596680666458e-01 4.331860419623682033e-03
9.713692563498188548e-01 4.723502290595692557e-03
9.713477574406528259e-01 4.781864053908859401e-03
9.712109643846416063e-01 5.154891271992026978e-03
9.711442237452421189e-01 5.338007864969991113e-03
9.710381056501021790e-01 5.630785779634176792e-03
9.709330903954135339e-01 5.922594133996129072e-03
9.708494315319402546e-01 6.156616361906595142e-03
9.707147566790532700e-01 6.536405503499592186e-03
9.706436237788234056e-01 6.738591925001537544e-03
9.704896244471162836e-01 7.180259946415740516e-03
9.704192944047268510e-01 7.383824413246353573e-03
9.702580885181524284e-01 7.855004537734768671e-03
9.701749843195081047e-01 8.100475592327446850e-03
9.700205295100700065e-01 8.561511405906286828e-03
9.699091608682878229e-01 8.897930144102051547e-03
9.697773095153805478e-01 9.300674886659063972e-03
9.696202151076375175e-01 9.786999748473168212e-03
9.695287703979483807e-01 1.007340915142314677e-02
9.693064603063897833e-01 1.078016314735193854e-02
9.692752341434175412e-01 1.088064583629074107e-02
9.690170046008302895e-01 1.172333140615945332e-02
9.689661337117105866e-01 1.189184729827506143e-02
9.687543700175066386e-01 1.260242413428339613e-02
9.685974040241634997e-01 1.313875452250847300e-02
9.684876059044956742e-01 1.351889066467482949e-02
9.682169779146564403e-01 1.447370216900014002e-02
9.681983873234887295e-01 1.454023982284247986e-02
9.679427445388512075e-01 1.546783012659659617e-02
9.677671744768859829e-01 1.611874091653168334e-02
9.676651595171463782e-01 1.650224175901716939e-02
9.673844739233533607e-01 1.757789514714798787e-02
9.673018734359131177e-01 1.790026040677018121e-02
9.671009379188399979e-01 1.869573405413748474e-02
9.668148021919483748e-01 1.985668247371935591e-02
9.668006703244647060e-01 1.991489402950749610e-02
9.665263191090042172e-01 2.106163892136757657e-02
9.662619137951884429e-01 2.219738983783322434e-02
9.662357436056785431e-01 2.231147048564202651e-02
9.659433338466362207e-01 2.360700665861777472e-02
9.656842276437761496e-01 2.478770888295189767e-02
9.656493516788575704e-01 2.494903296710867385e-02
9.653540629006810425e-01 2.633828443042976822e-02
9.650666568616578234e-01 2.773153634304104803e-02
9.650577373655522262e-01 2.777543887492425409e-02
9.647606489364722870e-01 2.926111014074618891e-02
9.644630753048122340e-01 3.079584122172803265e-02
9.644088517719777709e-01 3.108066075125107131e-02
9.641652976852554957e-01 3.238009738469489057e-02
9.638676003972729278e-01 3.401425931996302637e-02
9.637112930391820154e-01 3.489309571528129844e-02
9.635702703424700033e-01 3.569861638011631588e-02
9.632735963867689044e-01 3.743335996864147197e-02
9.629778686558556622e-01 3.921857714468057060e-02
9.629755563683639608e-01 3.923276216884605955e-02
9.626833777525013458e-01 4.105424451342834513e-02
9.623904139044292538e-01 4.294022247463947367e-02
9.622046086496812700e-01 4.416848170508264754e-02
9.620992660517316830e-01 4.487624990346731485e-02
9.618102208832343125e-01 4.686193933859528898e-02
9.615235618316482213e-01 4.889677275214490693e-02
9.614031162127201213e-01 4.977196124244930714e-02
9.612395680377984197e-01 5.098009797408339233e-02
9.609585132946443231e-01 5.311112584072513743e-02
9.606806649821655331e-01 5.528892813239089793e-02
9.605777302700255760e-01 5.611439556139453250e-02
9.604062830044598487e-01 5.751243635933836473e-02
9.601356187405556408e-01 5.978044144772778901e-02
9.598689140204649251e-01 6.209159436870403254e-02
9.597372953855969335e-01 6.326131279900903959e-02
9.596064001378697972e-01 6.444440774375818914e-02
9.593482969105430191e-01 6.683725844849953968e-02
9.590948117991447974e-01 6.926839122502014001e-02
9.588929072317192714e-01 7.126539347123939105e-02
9.588461390943943119e-01 7.173592330035860609e-02
9.586024591818278484e-01 7.423784999540269935e-02
9.583639378923892727e-01 7.677205129519376614e-02
9.581307259460026815e-01 7.933629933825521452e-02
9.580577330158891458e-01 8.015727362346075635e-02
9.579029584940590425e-01 8.192826676957933041e-02
9.576807547654043740e-01 8.454553588958445276e-02
9.574642178190800879e-01 8.718560851971483838e-02
9.572534344054828281e-01 8.984591649551418313e-02
9.572465127301181820e-01 8.993485378519520956e-02
9.570484749363541432e-01 9.252383268844040221e-02
9.568493935623582081e-01 9.521668245107478556e-02
9.566562283557303870e-01 9.792175537444727795e-02
9.564746943938989832e-01 1.005523735771343824e-01
9.564690015940949808e-01 1.006363172427154895e-01
9.562877201403259253e-01 1.033576220687184993e-01
9.561123759122089893e-01 1.060829240941978113e-01
9.559429464346917982e-01 1.088094896406733847e-01
9.557793954666867764e-01 1.115346087010101322e-01
9.557572296004336332e-01 1.119113452785532731e-01
9.556216736937565015e-01 1.142556061674025875e-01
9.554697194774797175e-01 1.169698525990282012e-01
9.553234596521085198e-01 1.196747744407645753e-01
9.551828103588267949e-01 1.223678636148417126e-01
9.551071602831372465e-01 1.238560612344875717e-01
9.550476779081044088e-01 1.250466864172686265e-01
9.549179596607344500e-01 1.277088916625417625e-01
9.547935449184931089e-01 1.303522180316160350e-01
9.546743158158038645e-01 1.329745005898894106e-01
9.545601482043396535e-01 1.355736764535703798e-01
9.545342344781893029e-01 1.361763604406766304e-01
9.544509125231288582e-01 1.381477895941058687e-01
9.543464746474451532e-01 1.406949947810486323e-01
9.542466967105017739e-01 1.432135606738628719e-01
9.541514378927600237e-01 1.457018720823394509e-01
9.540605551744522073e-01 1.481584314235743216e-01
9.540438493661804742e-01 1.486192832042572409e-01
9.539739040477053234e-01 1.505818594107277975e-01
9.538913391854249024e-01 1.529708950149508695e-01
9.538127150648341157e-01 1.553243947469695185e-01
9.537378865442639464e-01 1.576413313088294577e-01
9.536667093924343641e-01 1.599207916692694798e-01
9.536365874405811072e-01 1.609091555603150703e-01
9.535990407700609683e-01 1.621619746181680588e-01
9.535347396641594697e-01 1.643641878564908732e-01
9.534736672758801213e-01 1.665268446784104739e-01
9.534156873631222107e-01 1.686494603015782356e-01
9.533606665395222279e-01 1.707316479003003207e-01
9.533084745316899866e-01 1.727731143944741254e-01
9.533084745316898756e-01 1.727731143944742642e-01
