# n_s, r predictions of a polynomial alpha attractor model with k=3 and N_\star=50.
9.679789668123505164e-01 1.142336999523961897e-04
9.679789668123505164e-01 1.142336999523961897e-04
9.679767796870240026e-01 1.231869103952899260e-04
9.679743968808329768e-01 1.328433308115051171e-04
9.679718020034424608e-01 1.432584431794504975e-04
9.679689773323297830e-01 1.544921484279818710e-04
9.679659037053104376e-01 1.666091252354449969e-04
9.679625604040640319e-01 1.796792190809812738e-04
9.679589250283285873e-01 1.937778642747336338e-04
9.679549733590130378e-01 2.089865419824053067e-04
9.679506792107483992e-01 2.253932775398049149e-04
9.679460142715495818e-01 2.430931807280261843e-04
9.679409479291619656e-01 2.621890330391809490e-04
9.679354470827405965e-01 2.827919264043129185e-04
9.679294759384950986e-01 3.050219583371582659e-04
9.679229957879038615e-01 3.290089889919512595e-04
9.679159647668549304e-01 3.548934662499761330e-04
9.679083375939092626e-01 3.828273256428046316e-04
9.679000652858218423e-01 4.129749727103699131e-04
9.678910948480873300e-01 4.455143562837863181e-04
9.678813689381970953e-01 4.806381422001863878e-04
9.678708254989543125e-01 5.185549981158620514e-04
9.678593973590060573e-01 5.594910014027538493e-04
9.678470117972092224e-01 6.036911836352675323e-04
9.678335900678753934e-01 6.514212268852642750e-04
9.678190468821092907e-01 7.029693290735621394e-04
9.678032898418609253e-01 7.586482578691975710e-04
9.677862188214921835e-01 8.187976153036186176e-04
9.677677252917933348e-01 8.837863383014310428e-04
9.677476915809942737e-01 9.540154638485931135e-04
9.677337833878443263e-01 1.002680829937666702e-03
9.677259900662835701e-01 1.029921191623578381e-03
9.677024822894835232e-01 1.111978281631635342e-03
9.676770179894523816e-01 1.200703829908208791e-03
9.676494340435813912e-01 1.296661471750837347e-03
9.676195533101623614e-01 1.400466069401063189e-03
9.675871833630648178e-01 1.512788949780079391e-03
9.675521151099475414e-01 1.634363768010871701e-03
9.675141212852256256e-01 1.765993084258119135e-03
9.674729548093451426e-01 1.908555755162463742e-03
9.674283470066612489e-01 2.063015257160898119e-03
9.674135096868795580e-01 2.114394081876552756e-03
9.673800056760987198e-01 2.230429077529667067e-03
9.673276130102207437e-01 2.411959330633195713e-03
9.672708233629075947e-01 2.608884781667301315e-03
9.672092608703561911e-01 2.822614488892975348e-03
9.671425169365646113e-01 3.054703308218447919e-03
9.670701476046457135e-01 3.306869541173432063e-03
9.670481836163509204e-01 3.383519955975242740e-03
9.669916708463172084e-01 3.581015049479715790e-03
9.669065638172390509e-01 3.879248206339666345e-03
9.668142601438458605e-01 4.203910106409358693e-03
9.667141473283413777e-01 4.557604512898335604e-03
9.666476479588368420e-01 4.793515132901438047e-03
9.666055643819173593e-01 4.943232080820526148e-03
9.664877998204801646e-01 5.364029459447610358e-03
9.663600901801288057e-01 5.823613943526673511e-03
9.662216192282733207e-01 6.326034410856632914e-03
9.662179464316040800e-01 6.339421539554778058e-03
9.660715180572031491e-01 6.875829352294876400e-03
9.659088662471213560e-01 7.478092867945371376e-03
9.657639618704697559e-01 8.020688939091989711e-03
9.657326942740754872e-01 8.138549568143037954e-03
9.655419873174543310e-01 8.863639375705967619e-03
9.653356905999365134e-01 9.660613267959200154e-03
9.652900974645375332e-01 9.838595559437137567e-03
9.651127163846756618e-01 1.053764100567387146e-02
9.648719527791876915e-01 1.150393184039583995e-02
9.648004132897924912e-01 1.179507596522477719e-02
9.646122745733787252e-01 1.256986902125624937e-02
9.643325564840905528e-01 1.374715856303856433e-02
9.642986179464124730e-01 1.389213055314334963e-02
9.640316893911069496e-01 1.504899208700041097e-02
9.637880566971732677e-01 1.613150452029632129e-02
9.637086004126432792e-01 1.649022247229777610e-02
9.633622779469050990e-01 1.808754939432455355e-02
9.632717305681386399e-01 1.851449130695105930e-02
9.629918030538902052e-01 1.985970937642952960e-02
9.627523382945670782e-01 2.104179176567347320e-02
9.625963887163005994e-01 2.182766150506198696e-02
9.622323246511701456e-01 2.371339980790897195e-02
9.621754285485764058e-01 2.401475518043519330e-02
9.617285563645648905e-01 2.644685990111078633e-02
9.617139236248776202e-01 2.652850460498351604e-02
9.612557176042617613e-01 2.915242884317726865e-02
9.611991914647346480e-01 2.948540769962803079e-02
9.607572528774497300e-01 3.216245774492836745e-02
9.606900290300203205e-01 3.258145633795977991e-02
9.602339927041302348e-01 3.551028848326721193e-02
9.601881949487131029e-01 3.581299504529078526e-02
9.596953117541973111e-01 3.917533733366809767e-02
9.596873608021814217e-01 3.923119340858955556e-02
9.592128671329437362e-01 4.266275897712791532e-02
9.591194808878857891e-01 4.336166357990924730e-02
9.587422121222830551e-01 4.626851370106364186e-02
9.585332788794326264e-01 4.793831445746342401e-02
9.582845577500980205e-01 4.998487146094555272e-02
9.579325687378114074e-01 5.299632112629343306e-02
9.578409712838222845e-01 5.380317876454628750e-02
9.574123729752102019e-01 5.771393975188888331e-02
9.573221063157739685e-01 5.856730854791696722e-02
9.569995339479605567e-01 6.170691602746632837e-02
9.567075922568083479e-01 6.467665917588893976e-02
9.566030756711698668e-01 6.577124258042153782e-02
9.562234712852220042e-01 6.989555657364443508e-02
9.560956033805195764e-01 7.134026923236223838e-02
9.558610488956112983e-01 7.406813536392309327e-02
9.555159968212142418e-01 7.827703986046413709e-02
9.554934336776247372e-01 7.856089172342015092e-02
9.551883706769552784e-01 8.251025925019092599e-02
9.549088326656124392e-01 8.632434641392590369e-02
9.548781020864621771e-01 8.675585321643820846e-02
9.545850087582617993e-01 9.100208804099141346e-02
9.543496415261034649e-01 9.459603765894027128e-02
9.543088056188200330e-01 9.523756338513533759e-02
9.540491166760326491e-01 9.945132706256638866e-02
9.538233458184788294e-01 1.033183642995601365e-01
9.538054872856100985e-01 1.036329757096245280e-01
9.535773965074683112e-01 1.077727398885434951e-01
9.533642692665758034e-01 1.118615527909279095e-01
9.533365849986795704e-01 1.124096780982383054e-01
9.531654880693205545e-01 1.158911023090096748e-01
9.529804040689461297e-01 1.198538667849907008e-01
9.528946782555156592e-01 1.217653889473626627e-01
9.528083473188314612e-01 1.237431352144453683e-01
9.526486360975768841e-01 1.275530130562959052e-01
9.525012364875800053e-01 1.312615850386351368e-01
9.525005852327781408e-01 1.312784150842209452e-01
9.523635133893164628e-01 1.349150469036788369e-01
9.522367493218570900e-01 1.384593768611416253e-01
9.521579255414365228e-01 1.407611404993505955e-01
9.521196371193773045e-01 1.419086000975020856e-01
9.520115404918068069e-01 1.452605964580035436e-01
9.519118461653898189e-01 1.485138838797150362e-01
9.518644239666679274e-01 1.501217944570225893e-01
9.518199664646391778e-01 1.516675687477508361e-01
9.517353411653515227e-01 1.547212945556402930e-01
9.516574387057803452e-01 1.576751900346427815e-01
9.516185834434000013e-01 1.592052347322261696e-01
9.515857568424851420e-01 1.605298177409082983e-01
9.515198228342837128e-01 1.632861239158993893e-01
9.514591932328094748e-01 1.659453902703176553e-01
9.514167612579155220e-01 1.678859518535109618e-01
9.514034533520001613e-01 1.685091881891277732e-01
9.513522164819188109e-01 1.709793357179107964e-01
9.513051229050427660e-01 1.733578575700972513e-01
9.512618387658787755e-01 1.756469482911370006e-01
9.512542634172704847e-01 1.760586432115466560e-01
9.512220548377073870e-01 1.778489386289800467e-01
9.511854852236106828e-01 1.799662650894549576e-01
9.511518660228014399e-01 1.820014425989543716e-01
9.511258230325781993e-01 1.836432463536818716e-01
9.511209539877141239e-01 1.839570401537414246e-01
9.510925251923781909e-01 1.858356593035348781e-01
9.510663737282541996e-01 1.876399152951999105e-01
9.510423104399616800e-01 1.893724206887840711e-01
9.510260437959759949e-01 1.905871688722125534e-01
9.510201617101334826e-01 1.910357712513079953e-01
9.509997682999306035e-01 1.926325339323574914e-01
9.509809842495186016e-01 1.941652367284106562e-01
9.509636758409710788e-01 1.956363602489683551e-01
9.509497582574736319e-01 1.968648081264900707e-01
9.509477206245831038e-01 1.970483308060745065e-01
9.509330065083989592e-01 1.984035148590098663e-01
9.509194309099019415e-01 1.997042146568186738e-01
9.509068999679620715e-01 2.009526649339211934e-01
9.508953278128743358e-01 2.021510305247397610e-01
9.508922767680102472e-01 2.024748740894597165e-01
9.508846358917347752e-01 2.033014047762476684e-01
9.508747523462992568e-01 2.044058086481600478e-01
9.508656114402953552e-01 2.054661904016848728e-01
9.508571530331094701e-01 2.064844257880949219e-01
9.508495270774097730e-01 2.074362597373473616e-01
9.508493220967787485e-01 2.074623186580734635e-01
9.508420682732746654e-01 2.084016019217765359e-01
9.508353454691516049e-01 2.093039387978071486e-01
9.508291114847553516e-01 2.101709242968373970e-01
9.508233276753140784e-01 2.110040868924611124e-01
9.508181013716858754e-01 2.117832374380714255e-01
9.508179586413847417e-01 2.118048903380196635e-01
9.508129719462729001e-01 2.125747355937056271e-01
9.508083378582001810e-01 2.133149628331887926e-01
9.508040291151456103e-01 2.140268535034244857e-01
9.508000207104326806e-01 2.147116324152162914e-01
9.507962896972782518e-01 2.153704698455516375e-01
9.507952355518306531e-01 2.155606451560130032e-01
9.507928150106601528e-01 2.160044836357674636e-01
9.507895773049845900e-01 2.166147412722660981e-01
9.507865588061620299e-01 2.172022619388217224e-01
9.507837431768154657e-01 2.177680185315490902e-01
9.507811153934473403e-01 2.183129396293495839e-01
9.507787462427242930e-01 2.188195344728225966e-01
9.507786616344985342e-01 2.188379114141748294e-01
9.507763691783214233e-01 2.193437795367453036e-01
9.507742263101731650e-01 2.198313509244803621e-01
9.507722222374190846e-01 2.203013955293499637e-01
9.507703470122023104e-01 2.207546480141649725e-01
9.507685914609087519e-01 2.211918093765029847e-01
9.507669471198102462e-01 2.216135485100433899e-01
9.507669471198102462e-01 2.216135485100434732e-01
