# n_s, r predictions of a polynomial alpha attractor model with k=4 and N_\star=47.
9.645341330557219983e-01 4.862462839876540371e-05
9.645341330556889137e-01 4.862462839880622392e-05
9.645332096608546513e-01 5.250999721149435099e-05
9.645321886166551284e-01 5.670613963670890231e-05
9.645310611019304314e-01 6.123796780409623245e-05
9.645298175490686354e-01 6.613240028368602219e-05
9.645284475824071890e-01 7.141852529694801550e-05
9.645269399519971198e-01 7.712777747323778957e-05
9.645252824608402387e-01 8.329412932773364096e-05
9.645234618872049470e-01 8.995429873162826050e-05
9.645214638997295920e-01 9.714797378104148961e-05
9.645192729655838182e-01 1.049180565878392193e-04
9.645168722510425452e-01 1.133109276745281486e-04
9.645142435134561598e-01 1.223767328116120057e-04
9.645113669845658544e-01 1.321696943140859490e-04
9.645082212426440149e-01 1.427484490272226268e-04
9.645047830751724005e-01 1.541764154305535464e-04
9.645010273287942804e-01 1.665221925674594580e-04
9.644969267461870333e-01 1.798599937672350744e-04
9.644924517890950399e-01 1.942701184413053966e-04
9.644875704454844989e-01 2.098394655938052851e-04
9.644822480194713554e-01 2.266620930752330195e-04
9.644764469030552290e-01 2.448398270464738455e-04
9.644701263262681623e-01 2.644829266423909860e-04
9.644632420857165434e-01 2.857108093612125452e-04
9.644557462467105990e-01 3.086528433913459366e-04
9.644545721594516285e-01 3.122316318336090324e-04
9.644475868194216650e-01 3.334492137652547770e-04
9.644387074032594320e-01 3.602518701301545240e-04
9.644290467981834203e-01 3.892255648214238317e-04
9.644185385784351805e-01 4.205489910560549567e-04
9.644071106250762249e-01 4.544160322949805674e-04
9.643946846124458183e-01 4.910371352829148023e-04
9.643811754435022143e-01 5.306408209299347907e-04
9.643664906282277682e-01 5.734753491344577207e-04
9.643505295987018222e-01 6.198105558719459564e-04
9.643354333553569857e-01 6.634488704567129700e-04
9.643331829530648047e-01 6.699398834948036129e-04
9.643143316203242055e-01 7.241826281953122561e-04
9.642938459364001069e-01 7.828864321500203028e-04
9.642715846205999197e-01 8.464300520065212805e-04
9.642473936404890589e-01 9.152264402653019666e-04
9.642211049513496057e-01 9.897261818567453916e-04
9.641925350946964901e-01 1.070421335015485191e-03
9.641904260650160374e-01 1.076368169964435394e-03
9.641614836383984866e-01 1.157849733598007285e-03
9.641277314387043385e-01 1.252599817542335769e-03
9.640910387021514039e-01 1.355316069523286506e-03
9.640511428228344393e-01 1.466705149393064548e-03
9.640243609819244552e-01 1.541329580470745609e-03
9.640077559680665376e-01 1.587542834134028505e-03
9.639605623826571490e-01 1.718681890372615161e-03
9.639092153803205942e-01 1.861061029531712371e-03
9.638533339883963436e-01 2.015715123353115437e-03
9.638396310463677175e-01 2.053597373551484338e-03
9.637924992118559464e-01 2.183786890464911069e-03
9.637262498832067648e-01 2.366540304085870076e-03
9.636540780684030860e-01 2.565376017850733766e-03
9.636376026475262924e-01 2.610736426720649921e-03
9.635754240058606035e-01 2.781849162395491019e-03
9.634896705680455753e-01 3.017689931009194700e-03
9.634191293706162451e-01 3.211622577938347267e-03
9.633961372542999557e-01 3.274827449631072945e-03
9.632940737523890684e-01 3.555417515812593979e-03
9.631847976105158970e-01 3.855974339735582408e-03
9.631826531462547303e-01 3.861874893895470180e-03
9.630609649008299300e-01 4.196910969950124436e-03
9.629350652170286518e-01 4.544095666124977825e-03
9.629280078214594862e-01 4.563577700030425205e-03
9.627826832627727205e-01 4.965318928796627965e-03
9.626703481208056523e-01 5.276717032090319330e-03
9.626237889417768034e-01 5.406030312855253026e-03
9.624500137772654673e-01 5.890129256600860376e-03
9.623910760324179137e-01 6.054887097050523984e-03
9.622599342085103036e-01 6.422636464793637402e-03
9.620977257926810466e-01 6.879893082842715099e-03
9.620520124093364656e-01 7.009270950416287942e-03
9.618245966795186952e-01 7.656560633790675079e-03
9.617908365127249004e-01 7.753199672604578485e-03
9.615759240480725722e-01 8.371971065946318472e-03
9.614710098012422268e-01 8.676401742803537681e-03
9.613041247877517348e-01 9.164055345308680031e-03
9.611388989879620093e-01 9.651188587179570372e-03
9.610072281975776676e-01 1.004262899971698937e-02
9.607951919464869928e-01 1.067931792756432116e-02
9.606831688030083027e-01 1.101897446621446890e-02
9.604405921024420367e-01 1.176259786856083747e-02
9.603297922187991054e-01 1.210608075003796746e-02
9.600758013181935890e-01 1.290287469060751382e-02
9.599448604406811691e-01 1.331892474473126732e-02
9.597015069050397473e-01 1.410202434036338971e-02
9.595260572828184786e-01 1.467480135597557314e-02
9.593183735384088751e-01 1.536194573950647874e-02
9.590709959146210828e-01 1.619370977259539102e-02
9.589270397332332330e-01 1.668455448575096797e-02
9.585772317357986738e-01 1.789880272543558498e-02
9.585281179170349608e-01 1.807177601085490151e-02
9.581221969553402884e-01 1.952553767767649731e-02
9.580422849441622146e-01 1.981690405566285604e-02
9.577098460825401727e-01 2.104775959635532198e-02
9.574636779965882694e-01 2.197909689409356659e-02
9.572916194182595762e-01 2.264034412286100237e-02
9.568680604978792026e-01 2.430516409971732184e-02
9.568389937766544895e-01 2.442137944060485122e-02
9.564397064599610143e-01 2.604404994070131513e-02
9.561659607661420202e-01 2.718537649332816372e-02
9.560070916941657559e-01 2.785877567436223154e-02
9.555707508624841084e-01 2.975104406253072098e-02
9.554425719257390037e-01 3.031908072774563978e-02
9.551312212748053199e-01 3.172247090903470429e-02
9.546890446382785278e-01 3.377456867585680589e-02
9.546672442235510925e-01 3.387757587530695197e-02
9.542447682194001857e-01 3.590872952988104910e-02
9.538390254827109338e-01 3.792366145366414532e-02
9.537989454653725829e-01 3.812620795373025673e-02
9.533521361325293375e-01 4.042810306792101599e-02
9.529578538548126865e-01 4.252825235043763280e-02
9.529049059677681122e-01 4.281534082771193406e-02
9.524578259860221330e-01 4.528865627538951333e-02
9.520248718714785507e-01 4.777036369421087253e-02
9.520114713838825349e-01 4.784857604635238404e-02
9.515664201272082678e-01 5.049540134403547598e-02
9.511232512490931379e-01 5.322919161350938427e-02
9.510427905083543854e-01 5.373641164671658088e-02
9.506825428937262235e-01 5.604974915597391028e-02
9.502448701419864419e-01 5.895660493434595750e-02
9.500162876848532445e-01 6.051846899909904542e-02
9.498108026548131022e-01 6.194900582495480035e-02
9.493809021715812202e-01 6.502590356899257129e-02
9.489557199016568356e-01 6.818594567117904071e-02
9.489524089955303499e-01 6.821102612650888075e-02
9.485357938484370033e-01 7.142746848051829966e-02
9.481216461058938894e-01 7.474849266974435691e-02
9.478609160650993681e-01 7.690575536183914818e-02
9.477137801684624163e-01 7.814672130443095499e-02
9.473126782947784985e-01 8.161954066259048679e-02
9.469187989655079019e-01 8.516402392820723866e-02
9.467545018126610756e-01 8.668381595641264092e-02
9.465325744742193459e-01 8.877693784046906955e-02
9.461544086882562876e-01 9.245475233457933761e-02
9.457846750140690428e-01 9.619365316027177204e-02
9.456487680607216229e-01 9.760544724410717687e-02
9.454237145980004531e-01 9.998955741309872858e-02
9.450718347895693539e-01 1.038381318613236237e-01
9.447293078896860097e-01 1.077348139000002952e-01
9.445618504919737202e-01 1.096970681722990032e-01
9.443963702011545225e-01 1.116748349147447528e-01
9.440732213933866745e-01 1.156532457922702928e-01
9.437600241876029639e-01 1.196649442743563801e-01
9.435135947008148616e-01 1.229368868183355612e-01
9.434569043630688379e-01 1.237047038177591651e-01
9.431639510792795278e-01 1.277672035956376462e-01
9.428812175036047627e-01 1.318470592571517885e-01
9.426087217288731113e-01 1.359388540514838428e-01
9.425242505703724794e-01 1.372410687008416841e-01
9.423464479608649746e-01 1.400371699208103338e-01
9.420943479517102093e-01 1.441366181738769903e-01
9.418523426520688524e-01 1.482318693665983234e-01
9.416203240522978968e-01 1.523176820396516251e-01
9.416127654821458970e-01 1.524535650139696163e-01
9.413981571812831683e-01 1.563889299918563847e-01
9.411856822305252335e-01 1.604406278039711697e-01
9.409827167709403639e-01 1.644679543670833910e-01
9.407949012870469030e-01 1.683432798419057241e-01
9.407890580303195360e-01 1.684662742128825441e-01
9.406044852005407408e-01 1.724311564880768588e-01
9.404287617453300774e-01 1.763583914608462255e-01
9.402616376815385868e-01 1.802440044923246387e-01
9.401028518094475261e-01 1.840842674495361264e-01
9.400815263789886744e-01 1.846117719563467596e-01
9.399521338704224238e-01 1.878757075770506046e-01
9.398092066132335276e-01 1.916151138820504363e-01
9.396737877534240280e-01 1.952995411209016152e-01
9.395455918131830897e-01 1.989263115042553265e-01
9.394774753097802078e-01 2.009127761886707886e-01
9.394243318321719993e-01 2.024930142619025542e-01
9.393097209426072292e-01 2.059975032279584006e-01
9.392014738045688649e-01 2.094378926215236802e-01
9.390993078999414490e-01 2.128125512079254433e-01
9.390029446855676643e-01 2.161200950312411051e-01
9.389812745348070644e-01 2.168817503988931250e-01
9.389121106081086410e-01 2.193593789104934799e-01
9.388265379847237080e-01 2.225294868900068723e-01
9.387459657550384362e-01 2.256297218294592011e-01
9.386701401109437404e-01 2.286595943116410956e-01
9.385988150115993633e-01 2.316188110362742136e-01
9.385858137355711506e-01 2.321704449209261722e-01
9.385317525916039294e-01 2.345072628569729867e-01
9.384687234706711179e-01 2.373250126059723852e-01
9.384095069733456862e-01 2.400722828379832363e-01
9.383538912673106136e-01 2.427494436108962594e-01
9.383016734287309424e-01 2.453570004072850863e-01
9.382797788778186598e-01 2.464795815158384584e-01
9.382526594428405309e-01 2.478955822871021231e-01
9.382066641476647373e-01 2.503659303487917320e-01
9.381635111283661566e-01 2.527688865634885595e-01
9.381230325692632155e-01 2.551053830351286411e-01
9.380850690700757166e-01 2.573764317283094294e-01
9.380494694324440497e-01 2.595831146957077173e-01
9.380494694324440497e-01 2.595831146957076618e-01
