# n_s, r predictions of a polynomial alpha attractor model with k=2 and N_\star=56.
9.646576600307051885e-01 1.251091708855434637e-01
9.646597033791909359e-01 1.248197017052698893e-01
9.646618383027806276e-01 1.245229670475913736e-01
9.646640696269546122e-01 1.242187377236896595e-01
9.646664024671239845e-01 1.239067762005350015e-01
9.646688422480106384e-01 1.235868362788863362e-01
9.646713947244378584e-01 1.232586627599913526e-01
9.646731950472583472e-01 1.230310230740078031e-01
9.646740660036411397e-01 1.229219911008384708e-01
9.646768625692150323e-01 1.225765470578447508e-01
9.646797913068269059e-01 1.222220463189132161e-01
9.646828595318339694e-01 1.218581941238412042e-01
9.646860750189520939e-01 1.214846848731287593e-01
9.646894460341380872e-01 1.211012017253056128e-01
9.646926481327969816e-01 1.207441806523162631e-01
9.646929813688599475e-01 1.207074161829770342e-01
9.646966903769419455e-01 1.203029876678923665e-01
9.647005830141875959e-01 1.198875630854438351e-01
9.647046698809997878e-01 1.194607763791402794e-01
9.647089622682351040e-01 1.190222480757373441e-01
9.647134722065451307e-01 1.185715848218815011e-01
9.647168457322944368e-01 1.182408726874578098e-01
9.647182125194819768e-01 1.181083789133129391e-01
9.647231968806638802e-01 1.176322078178846653e-01
9.647284398753190882e-01 1.171426336939065255e-01
9.647339570665522945e-01 1.166392029055959290e-01
9.647397650667041136e-01 1.161214455377292953e-01
9.647458816141996074e-01 1.155888749119412806e-01
9.647467273576756375e-01 1.155162143415636444e-01
9.647523256563127481e-01 1.150409871075122326e-01
9.647591174383055579e-01 1.144772604899279289e-01
9.647662785994296497e-01 1.138971552509912277e-01
9.647738322763161900e-01 1.133001129648163602e-01
9.647818032143138378e-01 1.126855561646566695e-01
9.647833392548239573e-01 1.125688655568111568e-01
9.647902178873697387e-01 1.120528879461989841e-01
9.647991046270899540e-01 1.114014916037210645e-01
9.648084937616520085e-01 1.107307303063494175e-01
9.648184177652816551e-01 1.100399468225880667e-01
9.648278193825482463e-01 1.094016361000611781e-01
9.648289114190463645e-01 1.093284633023114266e-01
9.648400119837562405e-01 1.085955811265437998e-01
9.648517593857987018e-01 1.078405808365821283e-01
9.648641964167710139e-01 1.070627221553663577e-01
9.648773689478019611e-01 1.062612441154705267e-01
9.648813722442008967e-01 1.060219796252235419e-01
9.648913261594851409e-01 1.054353653096788551e-01
9.649061207883606883e-01 1.045842842818276719e-01
9.649218093908974447e-01 1.037071800774427843e-01
9.649384526259253692e-01 1.028032129756697582e-01
9.649452328256137301e-01 1.024423168163091508e-01
9.649561155564586601e-01 1.018715254260738057e-01
9.649748679717817801e-01 1.009112432162351247e-01
9.649947847307338566e-01 9.992147689794550480e-02
9.650159461268454919e-01 9.890132350294351948e-02
9.650206199648330152e-01 9.868013246992583809e-02
9.650384382760843760e-01 9.784986858081490269e-02
9.650623535276858789e-01 9.676618859462558786e-02
9.650877908983939157e-01 9.564935371216226612e-02
9.651086808321067689e-01 9.475780477883338770e-02
9.651148565301987947e-01 9.449843103302725533e-02
9.651436641713410092e-01 9.331248829407025325e-02
9.651743356799857843e-01 9.209059809762352999e-02
9.652070015495125554e-01 9.083184270865107823e-02
9.652104296626797808e-01 9.070214683271884959e-02
9.652418014538142188e-01 8.953531946810126818e-02
9.652788848103519559e-01 8.820014687031789424e-02
9.653184113579356129e-01 8.682547135214288558e-02
9.653266852113470131e-01 8.654366837565552473e-02
9.653605517452998885e-01 8.541047484013479518e-02
9.654054881254969800e-01 8.395438309991869186e-02
9.654534147499246322e-01 8.245647492780081023e-02
9.654580123050340301e-01 8.231559632469655219e-02
9.655045385544267500e-01 8.091609221917459016e-02
9.655590797283587490e-01 7.933265094058651601e-02
9.656046731106239234e-01 7.805272052926966186e-02
9.656172722557574417e-01 7.770565302233298222e-02
9.656793644158362389e-01 7.603469917576226311e-02
9.657456192278961460e-01 7.431950262376303684e-02
9.657665931719822128e-01 7.379015177212937260e-02
9.658163148234552020e-01 7.255990371390055871e-02
9.658917447259379729e-01 7.075588536104389370e-02
9.659433459259917365e-01 6.956208831502451451e-02
9.659722180156760096e-01 6.890758923989941109e-02
9.660580593552907658e-01 6.701533261748338077e-02
9.661341574774860996e-01 6.540068378968728890e-02
9.661496088478035427e-01 6.507962568123147606e-02
9.662472216971211836e-01 6.310118918029572477e-02
9.663379312231107354e-01 6.133509391295411534e-02
9.663512676379432120e-01 6.108097215597262791e-02
9.664621300997261466e-01 5.902016949274691004e-02
9.665532898407898088e-01 5.739075559465203757e-02
9.665802050672416268e-01 5.692023897487470674e-02
9.667058995983774938e-01 5.478291748648316667e-02
9.667786305390967394e-01 5.358892407118422130e-02
9.668396299586898834e-01 5.261023594618005617e-02
9.669818193310601995e-01 5.040453252398803541e-02
9.670121885068214684e-01 4.994646646416062152e-02
9.671328950584381356e-01 4.816846364920899376e-02
9.672521032829096699e-01 4.647588748206192555e-02
9.672932853771780692e-01 4.590501228681369977e-02
9.674634155978357741e-01 4.361749293906128783e-02
9.674964832026469175e-01 4.318554719137937536e-02
9.676437036886151866e-01 4.130955282147655283e-02
9.677434639896090873e-01 4.008002256453344070e-02
9.678345552126244034e-01 3.898516867080414894e-02
9.679912587334742469e-01 3.716056316759291239e-02
9.680363575618974314e-01 3.664863866902737938e-02
9.682381977107485937e-01 3.442559530481737601e-02
9.682494734152047311e-01 3.430456901400860681e-02
9.684742333186522334e-01 3.195785473250700032e-02
9.684827576044202635e-01 3.187123627334937509e-02
9.687109272401825955e-01 2.961365441314944835e-02
9.687235805578199299e-01 2.949178927784787407e-02
9.689594841158319927e-01 2.728019855318804254e-02
9.689597948706034636e-01 2.727735862771984640e-02
9.691894634694839805e-01 2.522845235201675446e-02
9.692210143185694404e-01 2.495455189524255907e-02
9.694126875647017805e-01 2.332792813145317598e-02
9.694946886521963458e-01 2.265096810040438322e-02
9.696284906145693494e-01 2.156967933908580590e-02
9.697808294457973544e-01 2.037243926394679064e-02
9.698363604202622223e-01 1.994466672249792585e-02
9.700359247072638524e-01 1.844393928161944599e-02
9.700793360608136462e-01 1.812483741014161640e-02
9.702269364591270540e-01 1.705877112262793246e-02
9.703899687970820587e-01 1.591400887688149829e-02
9.704092590081773162e-01 1.578076083323722706e-02
9.705828514396684925e-01 1.460189982828356131e-02
9.707123133012368621e-01 1.374569961157835231e-02
9.707477546925283862e-01 1.351461561377513033e-02
9.709040785997479217e-01 1.251179524076165110e-02
9.710457328125755572e-01 1.162546860220594128e-02
9.710519900039548125e-01 1.158679347744564526e-02
9.711917020055267358e-01 1.073342949199411478e-02
9.713234643463684037e-01 9.945975154381257038e-03
9.713893041764111169e-01 9.558584490657471427e-03
9.714475548976251318e-01 9.219137456355388019e-03
9.715642721979680374e-01 8.548037023923378552e-03
9.716739289772675647e-01 7.928184255509465594e-03
9.717417329777910950e-01 7.549897859233063030e-03
9.717768465941915013e-01 7.355454255661725282e-03
9.718733503137467755e-01 6.826061439659145483e-03
9.719637653501083108e-01 6.336534449061391808e-03
9.720484136006016795e-01 5.883691832447465048e-03
9.721012393468122514e-01 5.603679803594912266e-03
9.721276109980812041e-01 5.464618800592823018e-03
9.722016654110021694e-01 5.076645253503152787e-03
9.722708750233222119e-01 4.717325191585161441e-03
9.723355271298738112e-01 4.384417559420540102e-03
9.723958972870661022e-01 4.075868523704432103e-03
9.724522487635158807e-01 3.789795153310850009e-03
9.724653752409296859e-01 3.723417896758763300e-03
9.725048322403141432e-01 3.524470446253304308e-03
9.725538857159576889e-01 3.278309633129186315e-03
9.725996345763072704e-01 3.049857677591970382e-03
9.726422917950340308e-01 2.837777889955260622e-03
9.726820582351286548e-01 2.640841568938177494e-03
9.727191230261506005e-01 2.457918587986025662e-03
9.727536639965415066e-01 2.287968845553408574e-03
9.727858481434270566e-01 2.130034502953556674e-03
9.728158321260019781e-01 1.983232938107092579e-03
9.728304942027177216e-01 1.911556682290776197e-03
9.728437627709457525e-01 1.846750348706982427e-03
9.728697775809389547e-01 1.719835943508852714e-03
9.728940052392088811e-01 1.601796665626470124e-03
9.729165661046921265e-01 1.491992396675803027e-03
9.729375726937834479e-01 1.389831595318959936e-03
9.729571301457430321e-01 1.294767328156769173e-03
9.729753366696648476e-01 1.206293654998983646e-03
9.729922839719360450e-01 1.123942334259323515e-03
9.730080576628910016e-01 1.047279817690789346e-03
9.730227376431282993e-01 9.759045066846686002e-04
9.730363984688616963e-01 9.094442452586489227e-04
9.730491096969668963e-01 8.475540273129066396e-04
9.730609362101573234e-01 7.899138980376987267e-04
9.730719385227913909e-01 7.362270313921790007e-04
9.730821730684372506e-01 6.862179673798380524e-04
9.730916924692742942e-01 6.396309945295760701e-04
9.731005457891268584e-01 5.962286643824591748e-04
9.731087787701303560e-01 5.557904261705098143e-04
9.731164340543795310e-01 5.181113709869462685e-04
9.731235513912318558e-01 4.830010758204593326e-04
9.731301678311383707e-01 4.502825387552062829e-04
9.731363179067789027e-01 4.197911974755716273e-04
9.731420338022914729e-01 3.913740239653355725e-04
9.731473455112912285e-01 3.648886889614385795e-04
9.731522809844391775e-01 3.402027903248871924e-04
9.731568662672088754e-01 3.171931400307449853e-04
9.731611256284146139e-01 2.957451049671457966e-04
9.731650816803708581e-01 2.757519971610642470e-04
9.731687554904765447e-01 2.571145094595558866e-04
9.731721666860516651e-01 2.397401930155774574e-04
9.731753335515664904e-01 2.235429732852780508e-04
9.731782731196059189e-01 2.084427015008347508e-04
9.731810012557098322e-01 1.943647388565608244e-04
9.731835327372252431e-01 1.812395708816258845e-04
9.731858813275332531e-01 1.690024496727503896e-04
9.731858813275343634e-01 1.690024496727503896e-04
