# n_s, r predictions of a polynomial alpha attractor model with k=4 and N_\star=59.
9.717471024988548756e-01 3.328651000634969226e-05
9.717471024988632022e-01 3.328651000634969226e-05
9.717464194834242175e-01 3.594611168282041267e-05
9.717456667442986307e-01 3.881840629418194629e-05
9.717448380632842664e-01 4.192043641617533849e-05
9.717439266985913315e-01 4.527061590716374934e-05
9.717429253424026969e-01 4.888884121357335122e-05
9.717418260738307501e-01 5.279661187394870536e-05
9.717406203082976646e-01 5.701716101083739371e-05
9.717392987434100293e-01 6.157559666378828857e-05
9.717378512993321005e-01 6.649905490897859697e-05
9.717362670549104520e-01 7.181686578702401488e-05
9.717345341780467827e-01 7.756073316343836265e-05
9.717326398503264295e-01 8.376492974940881638e-05
9.717305701854356270e-01 9.046650863053970189e-05
9.717283101401757994e-01 9.770553278409318404e-05
9.717258434184911087e-01 1.055253242037917732e-04
9.717231523668827808e-01 1.139727344226037180e-04
9.717202178607029506e-01 1.230984383985726858e-04
9.717170191810607927e-01 1.329572539287619229e-04
9.717135338801291544e-01 1.436084889948203416e-04
9.717097376354619787e-01 1.551163196719029726e-04
9.717056040907828818e-01 1.675502015477097894e-04
9.717011046829208132e-01 1.809853178910593040e-04
9.716962084523866894e-01 1.955030681940572008e-04
9.716908818377163470e-01 2.111916010913259152e-04
9.716900479156375114e-01 2.136387531056973144e-04
9.716850884502429286e-01 2.281463961544699399e-04
9.716787888277419460e-01 2.464708995651581388e-04
9.716719401656530586e-01 2.662772192619463664e-04
9.716644960222003968e-01 2.876868858613247214e-04
9.716564059954780896e-01 3.108316864101955753e-04
9.716476153691071538e-01 3.358545789345757484e-04
9.716380647230949963e-01 3.629106967709232732e-04
9.716276895059993146e-01 3.921684528529334598e-04
9.716164195639988010e-01 4.238107554964110871e-04
9.716057662488341018e-01 4.536050892121964865e-04
9.716041786219226095e-01 4.580363488061772368e-04
9.715908837107000151e-01 4.950612926746132594e-04
9.715764445348448186e-01 5.351205994801178220e-04
9.715607627729581086e-01 5.784700471012030202e-04
9.715437313030421684e-01 6.253881907913140048e-04
9.715252333439189369e-01 6.761785998832973770e-04
9.715051415019095860e-01 7.311723493674078186e-04
9.715036587591331374e-01 7.352242767983528269e-04
9.714833167117373769e-01 7.907308011244357920e-04
9.714596070587975252e-01 8.552487152312403034e-04
9.714338464678055063e-01 9.251577384727947611e-04
9.714058532423361925e-01 1.000930325055852379e-03
9.713870704889371321e-01 1.051670862628840747e-03
9.713754284371253211e-01 1.083084153988626321e-03
9.713423540441704640e-01 1.172187118749250766e-03
9.713063909715140554e-01 1.268862978252555725e-03
9.712672767930072837e-01 1.373797773993982356e-03
9.712576891999097350e-01 1.399489333692963957e-03
9.712247232466455493e-01 1.487747137195939706e-03
9.711784134594082518e-01 1.611544632321052634e-03
9.711279988791410300e-01 1.746111309999593981e-03
9.711164951641274579e-01 1.776791790575756556e-03
9.710730958976987459e-01 1.892466674076891727e-03
9.710132821576169526e-01 2.051741304638378047e-03
9.709641125319105059e-01 2.182577057732999152e-03
9.709480925463825907e-01 2.225191422339215311e-03
9.708770148999633642e-01 2.414215729738920270e-03
9.708009770245733527e-01 2.616408374460321446e-03
9.707994854618845482e-01 2.620374923110649953e-03
9.707148841766009006e-01 2.845414333678765711e-03
9.706274300732009586e-01 3.078236842967450003e-03
9.706225299361637138e-01 3.091290230581273269e-03
9.705216759450033814e-01 3.360200399196413591e-03
9.704437771434706317e-01 3.568293278393188436e-03
9.704115054138929830e-01 3.654619698354551281e-03
9.702911278307840837e-01 3.977341400264304896e-03
9.702503248892673238e-01 4.087015626114853806e-03
9.701595760668978441e-01 4.331525232574226503e-03
9.700474032250178125e-01 4.634996745957927974e-03
9.700158045431415132e-01 4.720753181927544485e-03
9.698586885829745263e-01 5.149094298792427325e-03
9.698353753280576361e-01 5.212945277722292291e-03
9.696870249069343695e-01 5.621179985816971043e-03
9.696146379195120790e-01 5.821656040736821608e-03
9.694995329947834195e-01 6.142291581735055336e-03
9.693856144772834416e-01 6.461988074721958762e-03
9.692948568070454129e-01 6.718462489097608466e-03
9.691487444075544966e-01 7.134848984585880766e-03
9.690715662074165238e-01 7.356597638639310148e-03
9.689044711328358428e-01 7.841184306843615795e-03
9.688281574653556660e-01 8.064613709274932180e-03
9.686532314439937341e-01 8.581970563147519465e-03
9.685630525183350770e-01 8.851604173746753859e-03
9.683954475248066629e-01 9.358210713582469642e-03
9.682745972339104057e-01 9.728033839871592925e-03
9.681315221142492433e-01 1.017093091224632179e-02
9.679610596388437127e-01 1.070596802886265332e-02
9.678618365656544986e-01 1.102117774537575597e-02
9.676206298266428751e-01 1.179934180394118584e-02
9.675867511786347963e-01 1.191001541731714214e-02
9.673066070728160160e-01 1.283852258573179618e-02
9.672514238841308787e-01 1.302427465033314906e-02
9.670217289424483109e-01 1.380778871244634463e-02
9.668514946426387535e-01 1.439943556635075658e-02
9.667324281794473784e-01 1.481890989555458699e-02
9.664390060117999948e-01 1.587298419889832113e-02
9.664188524068958452e-01 1.594646238208442465e-02
9.661417564406460379e-01 1.697110651455980418e-02
9.659514991469740908e-01 1.769043680922214451e-02
9.658409688602908050e-01 1.811436299761585295e-02
9.655369303136950299e-01 1.930382510879599667e-02
9.654474800498339393e-01 1.966041251136020629e-02
9.652299273774468391e-01 2.054054329597636633e-02
9.649202476933280703e-01 2.182554034156367756e-02
9.649049568454287629e-01 2.188998630613125246e-02
9.646081811742485135e-01 2.315980440123768802e-02
9.643223078786558045e-01 2.441789100097882526e-02
9.642940209156927178e-01 2.454428176007128135e-02
9.639780638431159066e-01 2.597986933457069325e-02
9.636982603042215656e-01 2.728857039860055692e-02
9.636606111230697769e-01 2.746740695323835954e-02
9.633419683623878349e-01 2.900766945364052427e-02
9.630320597054522480e-01 3.055267033438992252e-02
9.630224456165987768e-01 3.060135863981307269e-02
9.627023572255416495e-01 3.224909515071359978e-02
9.623820214919041049e-01 3.395141029701568419e-02
9.623236813728648364e-01 3.426734168855780083e-02
9.620617602164555082e-01 3.570873793045627187e-02
9.617418981024437041e-01 3.752140641646799918e-02
9.615740847055804785e-01 3.849620009559913403e-02
9.614227620407796993e-01 3.938963078692297309e-02
9.611046802871554551e-01 4.131350515529901013e-02
9.607879815422443182e-01 4.329299548094181493e-02
9.607855067878695587e-01 4.330872241281109175e-02
9.604729939460673327e-01 4.532793277294851209e-02
9.601600439981927693e-01 4.741800682599679739e-02
9.599617821002802698e-01 4.877878628275153505e-02
9.598494554157048775e-01 4.956276058159072434e-02
9.595415479414914905e-01 5.176158520727434931e-02
9.592366361159146981e-01 5.401371598394404117e-02
9.591086616913887530e-01 5.498198932699539104e-02
9.589350280254298475e-01 5.631822908714122222e-02
9.586370240421349109e-01 5.867403934211312677e-02
9.583429155685352363e-01 6.107989902448810599e-02
9.582340869220958846e-01 6.199134562103350565e-02
9.580529838019530287e-01 6.353439776865571487e-02
9.577674985329788226e-01 6.603596363446546935e-02
9.574867169921309484e-01 6.858286536980118253e-02
9.573483519188243918e-01 6.987099501875664032e-02
9.572108827584402402e-01 7.117321589215375166e-02
9.569402247430117692e-01 7.380497699673731204e-02
9.566749562597243184e-01 7.647596528227657009e-02
9.564640701437561177e-01 7.866774041207161283e-02
9.564152741941314151e-01 7.918385926865713353e-02
9.561613582803266675e-01 8.192620766353764239e-02
9.559133704940606657e-01 8.470043871814947334e-02
9.556714545687725604e-01 8.750387059626017761e-02
9.555958532123345339e-01 8.840061971090430737e-02
9.554357356394809209e-01 9.033372266490430347e-02
9.552063200175756608e-01 9.318712760186602384e-02
9.549832950978444090e-01 9.606114420209904692e-02
9.547667293970329982e-01 9.895277075563964353e-02
9.547596270148721587e-01 9.904936353452409303e-02
9.545566727215286651e-01 1.018589588610916835e-01
9.543531564599724293e-01 1.047766275332990271e-01
9.541561939949804172e-01 1.077026774606609505e-01
9.539715635371953661e-01 1.105434341153645195e-01
9.539657812266733039e-01 1.106340052669932822e-01
9.537818971994075357e-01 1.135675176348190374e-01
9.536045048219963238e-01 1.165001451514058040e-01
9.534335516708232205e-01 1.194288557455454591e-01
9.532689708645303295e-01 1.223506675921107179e-01
9.532466996711201901e-01 1.227541718755301298e-01
9.531106819986439049e-01 1.252626613715549231e-01
9.529585921281088501e-01 1.281619917844212808e-01
9.528125967858633860e-01 1.310458982336445144e-01
9.526725810256897464e-01 1.339117146020835092e-01
9.525974303421738121e-01 1.354929983238241931e-01
9.525384204780038555e-01 1.367568780673632800e-01
9.524099824077832954e-01 1.395789369111201106e-01
9.522871267645434123e-01 1.423755572945444858e-01
9.521697072150301366e-01 1.451445289867456800e-01
9.520575721502847477e-01 1.478837700458026094e-01
9.520321617103985057e-01 1.485181696517620387e-01
9.519505656595798060e-01 1.505913304657545970e-01
9.518485284648138256e-01 1.532653948140828837e-01
9.517512988099189331e-01 1.559042838949894205e-01
9.516587133008530541e-01 1.585064554828753414e-01
9.515706076927229473e-01 1.610705041782223013e-01
9.515544370560966581e-01 1.615509747165378152e-01
9.514868176215287576e-01 1.635951604444186580e-01
9.514071792788935111e-01 1.660792888890360863e-01
9.513315300289676424e-01 1.685218858566282785e-01
9.512597089674316164e-01 1.709220764024151906e-01
9.511915574231927240e-01 1.732791107172921563e-01
9.511627656547212428e-01 1.742997706911648126e-01
9.511269194039478903e-01 1.755923600745757651e-01
9.510656419872812739e-01 1.778613123679314567e-01
9.510075756594202900e-01 1.800855673078768371e-01
9.509525746040171645e-01 1.822648313421748045e-01
9.509004969437480081e-01 1.843989123613959391e-01
9.508512049375577035e-01 1.864877142481149719e-01
9.508512049375578146e-01 1.864877142481152494e-01
