# n_s, r predictions of a polynomial alpha attractor model with k=4 and N_\star=61.
9.726733893803271025e-01 3.148751467711166462e-05
9.726733893803353181e-01 3.148751467707883362e-05
9.726727365227463284e-01 3.400335268605384344e-05
9.726720173278726733e-01 3.672038163558680787e-05
9.726712258899590235e-01 3.965472151440490705e-05
9.726703558060202370e-01 4.282378918501880742e-05
9.726694001359703634e-01 4.624640361740972149e-05
9.726683513579047480e-01 4.994289981621297223e-05
9.726672013200884370e-01 5.393525218165163025e-05
9.726659411895696161e-01 5.824720811471958992e-05
9.726645613956733660e-01 6.290443275388172661e-05
9.726630515692847867e-01 6.793466580933894047e-05
9.726614004769923438e-01 7.336789155427714563e-05
9.726595959494270804e-01 7.923652313135003166e-05
9.726576248038881767e-01 8.557560244395375220e-05
9.726554727601438577e-01 9.242301702600656007e-05
9.726531243491941536e-01 9.981973541897303447e-05
9.726505628141677295e-01 1.078100627389806903e-04
9.726477700024869222e-01 1.164419182849385867e-04
9.726447262491066947e-01 1.257671372279020193e-04
9.726414102489965297e-01 1.358417986349705093e-04
9.726377989188021989e-01 1.467265823167998866e-04
9.726338672460649315e-01 1.584871572536750498e-04
9.726295881247960518e-01 1.711946046592338437e-04
9.726249321767667100e-01 1.849258790662296485e-04
9.726198675557828910e-01 1.997643112232866511e-04
9.726190747016122407e-01 2.020788427794131641e-04
9.726143597345855429e-01 2.158001569951077919e-04
9.726083712715293261e-01 2.331311969760506246e-04
9.726018615558086333e-01 2.518633920624661622e-04
9.725947865282290605e-01 2.721116008851013441e-04
9.725870983753440724e-01 2.940003657151262504e-04
9.725787451939437167e-01 3.176647743009704001e-04
9.725696706226456545e-01 3.432514060450951002e-04
9.725598134369067838e-01 3.709193720355720989e-04
9.725491071033101065e-01 4.008414597223879041e-04
9.725389873411135477e-01 4.290152267370275752e-04
9.725374792885550512e-01 4.332053944984490279e-04
9.725248513177527920e-01 4.682152321616534700e-04
9.725111375762361954e-01 5.060928982244029296e-04
9.724962448480229948e-01 5.470798923616907372e-04
9.724800715836826592e-01 5.914391789991412744e-04
9.724625070883448075e-01 6.394572882618430659e-04
9.724434306214174706e-01 6.914466551898523165e-04
9.724420228693193557e-01 6.952771111050976742e-04
9.724227103957190366e-01 7.477482296364707653e-04
9.724002024652923515e-01 8.087343943765264165e-04
9.723757494871870799e-01 8.748122352306647934e-04
9.723491793428440388e-01 9.464272142577751607e-04
9.723313526221861736e-01 9.943806766856077249e-04
9.723203036020429124e-01 1.024067305817972107e-03
9.722889158115235464e-01 1.108267665628276475e-03
9.722547895885456093e-01 1.199615915272985453e-03
9.722176764989389763e-01 1.298758139286498034e-03
9.722085799126609640e-01 1.323029922324603499e-03
9.721773036985899008e-01 1.406405709389597306e-03
9.721333713177530145e-01 1.523343071220576448e-03
9.720855495696522075e-01 1.650436653511135098e-03
9.720746381555779303e-01 1.679410946301305649e-03
9.720334755687014550e-01 1.788645088761116678e-03
9.719767498509216397e-01 1.939030968681277126e-03
9.719301232080279629e-01 2.062547426089000532e-03
9.719149326001419453e-01 2.102774397650647616e-03
9.718475396000713085e-01 2.281188653751221960e-03
9.717754519458854379e-01 2.471995511279563660e-03
9.717740379551557117e-01 2.475738320060449395e-03
9.716938416536021750e-01 2.688060309045038621e-03
9.716109512198872755e-01 2.907676754270530246e-03
9.716063070826049808e-01 2.919988270442855274e-03
9.715107286496821315e-01 3.173580947644408321e-03
9.714369129080587806e-01 3.369775879164217756e-03
9.714063347051327124e-01 3.451155130577329352e-03
9.712922839953255227e-01 3.755323945400406479e-03
9.712536289436080050e-01 3.858672306257376287e-03
9.711676628850535176e-01 4.089041328138216108e-03
9.710614121068271709e-01 4.374891023253042396e-03
9.710314835546829393e-01 4.455653658860725917e-03
9.708826832839738685e-01 4.858959700094779392e-03
9.708606054524215878e-01 4.919065872580652074e-03
9.707201247726054971e-01 5.303280207946947482e-03
9.706515826047904527e-01 5.491911857596408313e-03
9.705425972312252680e-01 5.793538890215632099e-03
9.704347414271166095e-01 6.094204642337149383e-03
9.703488177557313410e-01 6.335356790611423872e-03
9.702104939096883873e-01 6.726765959916091060e-03
9.701374323547290457e-01 6.935162684432509723e-03
9.699792550513449685e-01 7.390453714960922016e-03
9.699070160328522316e-01 7.600322655355772755e-03
9.697414329306195402e-01 8.086155531549159975e-03
9.696560716096068733e-01 8.339292635450851546e-03
9.694974212821915183e-01 8.814784550779802830e-03
9.693830274725988572e-01 9.161798264530691266e-03
9.692475950101512305e-01 9.577276462899096676e-03
9.690862351364906147e-01 1.007904689460496252e-02
9.689923084101715878e-01 1.037458701723298869e-02
9.687639681653582580e-01 1.110397687185402972e-02
9.687318955147958821e-01 1.120768951686072941e-02
9.684666718776859806e-01 1.207757202220854920e-02
9.684144245930228490e-01 1.225154930510070905e-02
9.681969371789240775e-01 1.298523413944643531e-02
9.680357353984831992e-01 1.353908725679019848e-02
9.679229781729232762e-01 1.393168336051836195e-02
9.676450716499067628e-01 1.491793096780789224e-02
9.676259819072935420e-01 1.498666643986132883e-02
9.673634872094303283e-01 1.594498753419278797e-02
9.671832252934813301e-01 1.661755966939473111e-02
9.670784897388529089e-01 1.701385805228299714e-02
9.667903415533192213e-01 1.812553672312692404e-02
9.667055517434552936e-01 1.845873386660079954e-02
9.664993041925159512e-01 1.928100142996995794e-02
9.662056398908710486e-01 2.048120791878594443e-02
9.661911373484163290e-01 2.054139241336488605e-02
9.659096127477130311e-01 2.172708370539875797e-02
9.656383373639230161e-01 2.290154580840338128e-02
9.656114896269215597e-01 2.301952172906930258e-02
9.653115408148015275e-01 2.435937377423798289e-02
9.650458049588740428e-01 2.558057815002395818e-02
9.650100404622864447e-01 2.574744368535221428e-02
9.647072668342908663e-01 2.718448040403034782e-02
9.644126446907868022e-01 2.862575379851579546e-02
9.644035023857967515e-01 2.867117086286953206e-02
9.640990336813236583e-01 3.020813277580597020e-02
9.637941511720431453e-01 3.179590737076836565e-02
9.637386052526510927e-01 3.209057520721305540e-02
9.634891488429131456e-01 3.343495211626545949e-02
9.631843237408298508e-01 3.512563349935049484e-02
9.630243139068900282e-01 3.603485713291296882e-02
9.628799753938535044e-01 3.686821991790445452e-02
9.625764051310553571e-01 3.866287475516770600e-02
9.622739153122625844e-01 4.050964970890560957e-02
9.622715506108379113e-01 4.052432338089664854e-02
9.619728084770382548e-01 4.240847845115027631e-02
9.616733864224340511e-01 4.435917069714406108e-02
9.614835521493029225e-01 4.562946255994098504e-02
9.613759492194084988e-01 4.636140676366819896e-02
9.610807941782499864e-01 4.841473269727218642e-02
9.607882147738093792e-01 5.051855605191134940e-02
9.606653246968905879e-01 5.142330872982959350e-02
9.604984995418248683e-01 5.267214239304480322e-02
9.602119309580510187e-01 5.487461260128323470e-02
9.599287843122497055e-01 5.712494104316914734e-02
9.598239267866872648e-01 5.797776302000016285e-02
9.596493265893468738e-01 5.942195466962408440e-02
9.593738153701667493e-01 6.176433309403939892e-02
9.591024977641082749e-01 6.415060969201681618e-02
9.589686647866875191e-01 6.535808216567966233e-02
9.588356093859101703e-01 6.657917375349226008e-02
9.585733733882551011e-01 6.904827370558019872e-02
9.583159995613782511e-01 7.155602141115505188e-02
9.581111235195824971e-01 7.361528750350256056e-02
9.580636835100745374e-01 7.410039753419113417e-02
9.578166059175574620e-01 7.667925794847749166e-02
9.575749319045081531e-01 7.929034115181947395e-02
9.573388104903973739e-01 8.193127663352657575e-02
9.572649433187024881e-01 8.277656242665694386e-02
9.571083741627794961e-01 8.459959412922134214e-02
9.568837385588075950e-01 8.729273368394380173e-02
9.566650022615762472e-01 9.000805643304957138e-02
9.564522467125026184e-01 9.274285599936062108e-02
9.564452631834947649e-01 9.283426009568963855e-02
9.562455362391683034e-01 9.549437039696735685e-02
9.560449181966355070e-01 9.825979432468022468e-02
9.558504232187141625e-01 1.010362917273976979e-01
9.556677904032410131e-01 1.037349185042115707e-01
9.556620655742692483e-01 1.038210085008058753e-01
9.554798436223927993e-01 1.066110852141445992e-01
9.553037403591366772e-01 1.094036697272157549e-01
9.551337240475392676e-01 1.121959295813228646e-01
9.549697489218983426e-01 1.149850640492563747e-01
9.549475366423462175e-01 1.153705197889779571e-01
9.548117559566283719e-01 1.177683157367269695e-01
9.546596736896809654e-01 1.205429816361988371e-01
9.545134190901889415e-01 1.233064235446248436e-01
9.543728984600765575e-01 1.260560777672337096e-01
9.542973694254803796e-01 1.275747984749812936e-01
9.542380083594180773e-01 1.287894640418769110e-01
9.541086365456802332e-01 1.315041936306824977e-01
9.539846629173498460e-01 1.341979765387292245e-01
9.538659604531170011e-01 1.368686278316599281e-01
9.537523961383113091e-01 1.395140730370804383e-01
9.537266332253117040e-01 1.401272461901174049e-01
9.536438318711106810e-01 1.421323526261526748e-01
9.535401253418493983e-01 1.447216255828552012e-01
9.534411308795187612e-01 1.472801720790820890e-01
9.533467002604819607e-01 1.498063952826789447e-01
9.532566834752437268e-01 1.522988223339503400e-01
9.532401451120954272e-01 1.527662293204385957e-01
9.531709294499660645e-01 1.547561045331553309e-01
9.530892867202364060e-01 1.571770167874229074e-01
9.530116040553588963e-01 1.595604563701937817e-01
9.529377310321602845e-01 1.619054410498549923e-01
9.528675185579644769e-01 1.642111066466399316e-01
9.528378217242499115e-01 1.652104028480619602e-01
9.528008193429805539e-01 1.664767040782540730e-01
9.527374883228639790e-01 1.687015959552096434e-01
9.526773830327447401e-01 1.708852527859780202e-01
9.526203639342346596e-01 1.730272488517845264e-01
9.525662946974903234e-01 1.751272578077139597e-01
9.525150424404605909e-01 1.771850480654380833e-01
9.525150424404605909e-01 1.771850480654380833e-01
