# n_s, r predictions of a polynomial alpha attractor model with k=2 and N_\star=46.
9.570369737650237241e-01 1.551389851444868184e-01
9.570369737650237241e-01 1.551389851444868739e-01
9.570387595421585569e-01 1.548345136103308484e-01
9.570406274961533732e-01 1.545221234933492893e-01
9.570425820944065132e-01 1.542015524373238633e-01
9.570446280828479590e-01 1.538725278425444876e-01
9.570467705053978813e-01 1.535347664247755650e-01
9.570490147249196555e-01 1.531879737550087273e-01
9.570505993411121404e-01 1.529472169807422066e-01
9.570513664457899194e-01 1.528318437793194651e-01
9.570538317382211169e-01 1.524660583181392526e-01
9.570564170644809687e-01 1.520902865442750607e-01
9.570591293071727401e-01 1.517041844390131788e-01
9.570619757997433918e-01 1.513073942256762394e-01
9.570649643594135725e-01 1.508995437800301487e-01
9.570678072441863860e-01 1.505194133847657656e-01
9.570681033227333989e-01 1.504802460169800959e-01
9.570714015839859590e-01 1.500490982530543194e-01
9.570748686366860047e-01 1.496056815442353694e-01
9.570785146184348502e-01 1.491495599987931742e-01
9.570823503594250159e-01 1.486802800648698020e-01
9.570863874349052614e-01 1.481973697926954048e-01
9.570894118027388764e-01 1.478425778176864214e-01
9.570906382219536157e-01 1.477003380714634884e-01
9.570951159609261127e-01 1.471886738410727313e-01
9.570998348219936780e-01 1.466618452791494664e-01
9.571048099772045958e-01 1.461192989640159035e-01
9.571100576785592784e-01 1.455604590145535837e-01
9.571155953426159213e-01 1.449847262082531729e-01
9.571163619317610838e-01 1.449061057310613854e-01
9.571214416422038074e-01 1.443914770791208391e-01
9.571276166058566570e-01 1.437800629975760081e-01
9.571341417256458151e-01 1.431498092349811624e-01
9.571410400741411362e-01 1.425000140160498918e-01
9.571483364312930453e-01 1.418299475630579176e-01
9.571497444435560498e-01 1.417025782454599259e-01
9.571560574220976392e-01 1.411388511365662124e-01
9.571642316659746408e-01 1.404259360782563471e-01
9.571728899388669554e-01 1.396903828624904420e-01
9.571820653491505126e-01 1.389313401643619827e-01
9.571907799206641476e-01 1.382285709588655376e-01
9.571917935285280121e-01 1.381479239533025538e-01
9.572021128391722256e-01 1.373392166227860589e-01
9.572130645984756603e-01 1.365042661683265879e-01
9.572246933228683030e-01 1.356420854278277965e-01
9.572370469922548697e-01 1.347516514004372390e-01
9.572408088758007638e-01 1.344854227576960382e-01
9.572501773367377842e-01 1.338319046623847874e-01
9.572641401473888090e-01 1.328817489008903840e-01
9.572789956129351685e-01 1.319000505901144205e-01
9.572948086843261484e-01 1.308856388363234813e-01
9.573012662051280097e-01 1.304798981452930107e-01
9.573116494692384126e-01 1.298373054229678691e-01
9.573295936586578847e-01 1.287538050902448938e-01
9.573487229877476468e-01 1.276338560879524964e-01
9.573691257332523907e-01 1.264761410450415680e-01
9.573736426316732384e-01 1.262246705645507228e-01
9.573908972497163772e-01 1.252793082042528705e-01
9.574141405467704313e-01 1.240419730755650124e-01
9.574389669096886601e-01 1.227627205678721439e-01
9.574594329707042384e-01 1.217385562125025411e-01
9.574654965652900085e-01 1.214401076643168848e-01
9.574938593950806931e-01 1.200726667129713848e-01
9.575241956972486701e-01 1.186589094110198223e-01
9.575566569987439269e-01 1.171973315671358401e-01
9.575600725761004295e-01 1.170464399151219248e-01
9.575914069181655774e-01 1.156864187332290461e-01
9.576286220795122706e-01 1.141246528029828539e-01
9.576684930760067660e-01 1.125105196803759533e-01
9.576768650838162200e-01 1.121788572226380815e-01
9.577112254821397164e-01 1.108425181263945625e-01
9.577570409107736271e-01 1.091191698960374268e-01
9.578061781105422501e-01 1.073390312800654028e-01
9.578109062866854151e-01 1.071712283682544342e-01
9.578588940968525423e-01 1.055007061662339013e-01
9.579154653074954950e-01 1.036028607323749989e-01
9.579630103189833434e-01 1.020627762405071220e-01
9.579761887711472079e-01 1.016442398779529438e-01
9.580413832738641222e-01 9.962368549083761016e-02
9.581113905049889468e-01 9.754015663110712775e-02
9.581336449715743830e-01 9.689519645827603112e-02
9.581865761596699560e-01 9.539275169277110222e-02
9.582673309704073938e-01 9.318073257638541385e-02
9.583228826692699043e-01 9.171117681330261118e-02
9.583540716347441757e-01 9.090355086933948892e-02
9.584472416001660333e-01 8.856087598591037835e-02
9.585303723672918830e-01 8.655288043725517522e-02
9.585473116610792044e-01 8.615262516321568753e-02
9.586547803155864855e-01 8.367899514387511228e-02
9.587553355203821681e-01 8.146050898123839701e-02
9.587701738226871440e-01 8.114049529817164708e-02
9.588940458929771093e-01 7.853798184964215501e-02
9.589965866890084456e-01 7.647104882466666809e-02
9.590269769384064391e-01 7.587269276771742288e-02
9.591695727993007070e-01 7.314628278064806699e-02
9.592525767184466590e-01 7.161727780515417252e-02
9.593224628598798764e-01 7.036085784339074500e-02
9.594862974572219150e-01 6.751900827117787718e-02
9.595214541979059097e-01 6.692707724721451423e-02
9.596617444830269905e-01 6.462383962464023079e-02
9.598011394067358371e-01 6.242305999974175068e-02
9.598494850729468730e-01 6.167900031121294202e-02
9.600502082741371179e-01 5.868870475754148219e-02
9.600894043371874798e-01 5.812249499506929457e-02
9.602646045776668249e-01 5.565775091566722843e-02
9.603839526179742681e-01 5.403748613653647226e-02
9.604933581969834488e-01 5.259153080083293214e-02
9.606824940738155627e-01 5.017534971584541870e-02
9.607371379644339404e-01 4.949603272918242508e-02
9.609828099868302775e-01 4.653912980913008784e-02
9.609965867005031415e-01 4.637783393795345821e-02
9.612723088786119252e-01 4.324408233412351671e-02
9.612828066087436563e-01 4.312819362749086699e-02
9.615648563509299196e-01 4.010246623285897150e-02
9.615805558824213062e-01 3.993885636675813255e-02
9.618743235132604097e-01 3.696499540151483576e-02
9.618747118024391085e-01 3.696117110770510972e-02
9.621625854065976036e-01 3.419862472886676247e-02
9.622022694369372076e-01 3.382882256452725278e-02
9.624440340445079567e-01 3.163041095325619390e-02
9.625478121372161855e-01 3.071441493268878969e-02
9.627175766464651785e-01 2.925012095095278625e-02
9.629114839372266976e-01 2.762722497451701453e-02
9.629823270020888559e-01 2.704699828390589103e-02
9.632375927462782927e-01 2.501007042908347591e-02
9.632932560460151228e-01 2.457671013425400536e-02
9.634828596308050441e-01 2.312839215413106317e-02
9.636928838308684853e-01 2.157239030217052156e-02
9.637177740829242500e-01 2.139123221809769229e-02
9.639421250705357824e-01 1.978821134764158565e-02
9.641098511163030960e-01 1.862371100018491571e-02
9.641558260405250769e-01 1.830939945321530260e-02
9.643588974774285338e-01 1.694537957434172695e-02
9.645432970391211169e-01 1.573988389682287603e-02
9.645514504494517860e-01 1.568728528849271109e-02
9.647336713687159060e-01 1.452681743744789651e-02
9.649058080877979116e-01 1.345624512385829724e-02
9.649919198388227093e-01 1.292969745418016264e-02
9.650681573797802448e-01 1.246839507467590452e-02
9.652210537970737914e-01 1.155663269443860976e-02
9.653648598693637117e-01 1.071483745636165816e-02
9.654538512262997862e-01 1.020128674322355253e-02
9.654999575778374643e-01 9.937374705815349429e-03
9.656267410276908603e-01 9.219065473754438703e-03
9.657456102310495449e-01 8.555155507475188659e-03
9.658569659066263968e-01 7.941284411300826573e-03
9.659264894316068606e-01 7.561848923515486660e-03
9.659612051989268089e-01 7.373455539315411020e-03
9.660587182196350708e-01 6.848007084845843598e-03
9.661498853148138277e-01 6.361584658277561789e-03
9.662350749651321680e-01 5.911115527170741728e-03
9.663146422310907591e-01 5.493784604025087580e-03
9.663889276614054946e-01 5.107012201419739578e-03
9.664062334456613446e-01 5.017292311700620629e-03
9.664582565897181787e-01 4.748433526939856153e-03
9.665229387522824567e-01 4.415879857317138446e-03
9.665832681670495363e-01 4.107361309307743825e-03
9.666395232219833211e-01 3.821051111467636992e-03
9.666919669278519756e-01 3.555271273919731120e-03
9.667408472972791600e-01 3.308479550917016020e-03
9.667863978180729623e-01 3.079257592017302977e-03
9.668288379942084898e-01 2.866300181075717799e-03
9.668683739326821014e-01 2.668405467160706816e-03
9.668877055501573503e-01 2.571801010378885113e-03
9.669051989585728535e-01 2.484466097356871975e-03
9.669394942441797980e-01 2.313461167758617924e-03
9.669714294410954869e-01 2.154448915473883980e-03
9.670011633065721535e-01 2.006560080909828431e-03
9.670288443175808490e-01 1.868991875851501970e-03
9.670546112676963180e-01 1.741002498762421729e-03
9.670785938432494566e-01 1.621906144281007496e-03
9.671009131763530497e-01 1.511068459021677616e-03
9.671216823732554646e-01 1.407902400503745774e-03
9.671410070171668760e-01 1.311864460341726152e-03
9.671589856452763589e-01 1.222451216737923882e-03
9.671757102000068107e-01 1.139196184858513134e-03
9.671912664549736638e-01 1.061666936858025141e-03
9.672057344164142201e-01 9.894624661805854343e-04
9.672191887005739952e-01 9.222107733616111006e-04
9.672316988884070987e-01 8.595666528201524039e-04
9.672433298582133743e-01 8.012096622379953365e-04
9.672541420976017434e-01 7.468422579335886073e-04
9.672641919955593526e-01 6.961880813145620000e-04
9.672735321158755228e-01 6.489903829551087102e-04
9.672822114528846216e-01 6.050105721686514434e-04
9.672902756705902272e-01 5.640268811256119504e-04
9.672977673261223819e-01 5.258331336243484214e-04
9.673047260785272439e-01 4.902376095642185750e-04
9.673111888837833128e-01 4.570619970196406010e-04
9.673171901767827485e-01 4.261404245747373292e-04
9.673227620415243422e-01 3.973185672463062619e-04
9.673279343695075916e-01 3.704528199597573830e-04
9.673327350079884424e-01 3.454095330579601579e-04
9.673371898980789307e-01 3.220643048469494941e-04
9.673413232036796039e-01 3.003013266100193544e-04
9.673451574318634449e-01 2.800127759271955441e-04
9.673487135448376462e-01 2.610982545069358437e-04
9.673520110648937687e-01 2.434642670437946958e-04
9.673550681719207400e-01 2.270237379379790043e-04
9.673550681719222943e-01 2.270237379380010950e-04
