# n_s, r predictions of a polynomial alpha attractor model with k=4 and N_\star=58.
9.712600060199853003e-01 3.424850920612016911e-05
9.712600060200183849e-01 3.424850920615440957e-05
9.712593070651805993e-01 3.698498797789231095e-05
9.712585365863263265e-01 3.994031046636652377e-05
9.712576881989671840e-01 4.313201263507508769e-05
9.712567549808347467e-01 4.657904152809559423e-05
9.712557294281082276e-01 5.030186982374546586e-05
9.712546034074912571e-01 5.432261985827413080e-05
9.712533681037185396e-01 5.866519793198120438e-05
9.712520139643054939e-01 6.335543977830920684e-05
9.712505306381992165e-01 6.842126816897476608e-05
9.712489069100742611e-01 7.389286370807731155e-05
9.712471306288663619e-01 7.980284997441002112e-05
9.712451886303216098e-01 8.618649427670487006e-05
9.712430666530650347e-01 9.308192541260499762e-05
9.712407492474443016e-01 1.005303699540078865e-04
9.712382196766353726e-01 1.085764087335842085e-04
9.712354598092327596e-01 1.172682553747107336e-04
9.712324500026404683e-01 1.266580588919968082e-04
9.712291689759806612e-01 1.368022326022200056e-04
9.712255936725990857e-01 1.477618118085804522e-04
9.712216991095320440e-01 1.596028430012633940e-04
9.712174582141948065e-01 1.723968075887360454e-04
9.712128416465066749e-01 1.862210835210162255e-04
9.712078176041731847e-01 2.011594485408082990e-04
9.712023516113652555e-01 2.173026291978746838e-04
9.712014958399201037e-01 2.198207093546984540e-04
9.711964062867618486e-01 2.347489002801498637e-04
9.711899410911190023e-01 2.536047398104938379e-04
9.711829120501184187e-01 2.739855454274868398e-04
9.711752714515963225e-01 2.960164186281332636e-04
9.711669675133832724e-01 3.198330241923549324e-04
9.711579440189399559e-01 3.455825330182689392e-04
9.711481399171519868e-01 3.734246576705314998e-04
9.711374888822716933e-01 4.035327911674879264e-04
9.711259188294959488e-01 4.360952609560929481e-04
9.711149813849540013e-01 4.667564829995521662e-04
9.711133513811057716e-01 4.713167116684711141e-04
9.710997012773564530e-01 5.094196321611014567e-04
9.710848757256967945e-01 5.506460445702640507e-04
9.710687736808827353e-01 5.952593757094356772e-04
9.710512850476993307e-01 6.435465341880379280e-04
9.710322897971875866e-01 6.958202201836869187e-04
9.710116569852134116e-01 7.524214990429572113e-04
9.710101342874116748e-01 7.565919306556245392e-04
9.709892436620736200e-01 8.137226747983617326e-04
9.709648936597358171e-01 8.801305055759109071e-04
9.709384362413037151e-01 9.520898098340641047e-04
9.709096845967783995e-01 1.030087520571950407e-03
9.708903923016356519e-01 1.082319772631300074e-03
9.708784341662406447e-01 1.114657254500958520e-03
9.708444607710697838e-01 1.206384474794401944e-03
9.708075185312272648e-01 1.305912339980909095e-03
9.707673375463067300e-01 1.413948348084282476e-03
9.707574881775952180e-01 1.440400072000044916e-03
9.707236213170244987e-01 1.531271904876475246e-03
9.706760438848627270e-01 1.658742968566092506e-03
9.706242466689493087e-01 1.797311951178710669e-03
9.706124270901516082e-01 1.828906273564481983e-03
9.705678349847780551e-01 1.948031089787121990e-03
9.705063742362086687e-01 2.112067539633825496e-03
9.704558481832563643e-01 2.246824880223228203e-03
9.704393857854956007e-01 2.290718486481176704e-03
9.703663425235604656e-01 2.485428628173436908e-03
9.702881971396130067e-01 2.693723952745185127e-03
9.702866641888184818e-01 2.697810435666557656e-03
9.701997125162378222e-01 2.929667672180467052e-03
9.701098230943133727e-01 3.169571488947490068e-03
9.701047863402308957e-01 3.183022725687829034e-03
9.700011168225914915e-01 3.460148394858307205e-03
9.699210387137288114e-01 3.674624105526340303e-03
9.698878630248481958e-01 3.763604862341198704e-03
9.697641080827409388e-01 4.096282693839476893e-03
9.697221584904210934e-01 4.209352251491269188e-03
9.696288562521708787e-01 4.461452821822671846e-03
9.695135215039205612e-01 4.774386330494668346e-03
9.694810310623298566e-01 4.862824618306350530e-03
9.693194747100760678e-01 5.304613348764294911e-03
9.692955017329224487e-01 5.370476257945411454e-03
9.691429486539090421e-01 5.791618551217864869e-03
9.690685083289976021e-01 5.998460826859730588e-03
9.689501351297131748e-01 6.329315227231518612e-03
9.688329785843398101e-01 6.659244955039906461e-03
9.687396390692517567e-01 6.923960184650760664e-03
9.685893667171254773e-01 7.353783448988746377e-03
9.685099897481987963e-01 7.582716436953422859e-03
9.683381315317285409e-01 8.083069966164481771e-03
9.682596415311558458e-01 8.313799212459680246e-03
9.680797253823980597e-01 8.848129794718207625e-03
9.679869733939351351e-01 9.126647797739530568e-03
9.678145858993718598e-01 9.650015113584493875e-03
9.676902874867046034e-01 1.003212805198810086e-02
9.675431309606987718e-01 1.048980159061861130e-02
9.673678077582007484e-01 1.104277089927082831e-02
9.672657566623078518e-01 1.136858546451443436e-02
9.670176804371439783e-01 1.217305235419870874e-02
9.669828376413837079e-01 1.228748055313936410e-02
9.666947289970143631e-01 1.324761487715165123e-02
9.666379788243737448e-01 1.343972057042506184e-02
9.664017691239259467e-01 1.425012676018690312e-02
9.662267153375667661e-01 1.486217485919504033e-02
9.661042829284846034e-01 1.529616037060375737e-02
9.658025850609037732e-01 1.638686072272773839e-02
9.657818641158461004e-01 1.646290031084571975e-02
9.654969829387409774e-01 1.752336817602397415e-02
9.653013978386406624e-01 1.826795905986760421e-02
9.651877794412263567e-01 1.870681247460736704e-02
9.648752752247812259e-01 1.993830636586028243e-02
9.647833428358373320e-01 2.030753457849523297e-02
9.645597706530012472e-01 2.121893883226905544e-02
9.642415673584565639e-01 2.254976796673103037e-02
9.642258570886205193e-01 2.261651752876494767e-02
9.639209694647330462e-01 2.393181352022297897e-02
9.636273362624396821e-01 2.523510908899954941e-02
9.635982845007358133e-01 2.536604915157944160e-02
9.632738240386208295e-01 2.685339441207457156e-02
9.629865532677273077e-01 2.820939826985277912e-02
9.629479040840056570e-01 2.839470650212640862e-02
9.626208452437909902e-01 2.999077184316092590e-02
9.623028366504252640e-01 3.159184110401839357e-02
9.622929726933850958e-01 3.164229751453971617e-02
9.619646159623352899e-01 3.334990261235253051e-02
9.616361085547843190e-01 3.511410959443884983e-02
9.615762918264549874e-01 3.544152916589997371e-02
9.613077874193578509e-01 3.693533568324839506e-02
9.609799922819302065e-01 3.881388440490989022e-02
9.608080660271753892e-01 3.982408073314232938e-02
9.606530648536345529e-01 4.074993734970405734e-02
9.603273479264589074e-01 4.274354624418465892e-02
9.600031843684235788e-01 4.479462543022917631e-02
9.600006518423018775e-01 4.481092036913144477e-02
9.596809160307492315e-01 4.690294484930876417e-02
9.593608825797003137e-01 4.906812363237079283e-02
9.591582143718090370e-01 5.047763721525197478e-02
9.590434202663776775e-01 5.128962439586243899e-02
9.587288606482589071e-01 5.356674834298168209e-02
9.584175292768652987e-01 5.589863126581117586e-02
9.582869124277793027e-01 5.690104376443419487e-02
9.581097443664279290e-01 5.828424053859133924e-02
9.578058154588271478e-01 6.072237318495665032e-02
9.575060421003354083e-01 6.321165509251015779e-02
9.573951651191670020e-01 6.415452532823068266e-02
9.572107125457658405e-01 6.575054143670594486e-02
9.569201025055009691e-01 6.833731836277187610e-02
9.566344739505172612e-01 7.097010595953277823e-02
9.564937937442995475e-01 7.230132549386406038e-02
9.563540739899256682e-01 7.364686254270744192e-02
9.560791338347144341e-01 7.636539024785711505e-02
9.558098678602979792e-01 7.912334191500923486e-02
9.555959508810502046e-01 8.138562262421815408e-02
9.555464727791812551e-01 8.191822922842736943e-02
9.552891269335354041e-01 8.474743205647133903e-02
9.550379897157974529e-01 8.760820891840329083e-02
9.547932011235422678e-01 9.049770848788320221e-02
9.547167438923634952e-01 9.142168712151770016e-02
9.545548814530478987e-01 9.341298202658605832e-02
9.543231311337152523e-01 9.635099662796114961e-02
9.540980307038120500e-01 9.930864913777474878e-02
9.538796409257025433e-01 1.022827806091743674e-01
9.538724820098596346e-01 1.023821005212847551e-01
9.536680030369476535e-01 1.052701911420728803e-01
9.534631391317734961e-01 1.082676549521813386e-01
9.532650526657256984e-01 1.112719355131318449e-01
9.530795364287242277e-01 1.141868924478836866e-01
9.530737290748186874e-01 1.142798006160766211e-01
9.528891364991907142e-01 1.172880371948352707e-01
9.527112266002010221e-01 1.202934657709443939e-01
9.525399354590680101e-01 1.232929543816864010e-01
9.523751845446046804e-01 1.262834318648008436e-01
9.523529023797036031e-01 1.266962646881391874e-01
9.522168817371917671e-01 1.292619003865522753e-01
9.520649223961415997e-01 1.322254471134873544e-01
9.519191904576621566e-01 1.351712549437267541e-01
9.517795595510175621e-01 1.380966122293980636e-01
9.517046706592655614e-01 1.397098995363391938e-01
9.516458941210094169e-01 1.409989214381088263e-01
9.515180505456142246e-01 1.438757067175461257e-01
9.513958782384027701e-01 1.467246203434083018e-01
9.512792207264145761e-01 1.495434480456163950e-01
9.511679166950481878e-01 1.523301132227272148e-01
9.511427090047946953e-01 1.529752253915196425e-01
9.510618009927114258e-01 1.550826800671133432e-01
9.509607055890177962e-01 1.577993556356248050e-01
9.508644604814294743e-01 1.604784909108017132e-01
9.507728945463194137e-01 1.631185809066247605e-01
9.506858363314568683e-01 1.657182638801639463e-01
9.506698663281331063e-01 1.662052200423338733e-01
9.506031147879046017e-01 1.682763197162736868e-01
9.505245599402181167e-01 1.707916675567885123e-01
9.504500034946714582e-01 1.732633627485140881e-01
9.503792793859717758e-01 1.756905931858051273e-01
9.503122242635927419e-01 1.780726751237783068e-01
9.502839124252495662e-01 1.791037164668754511e-01
9.502486779194062594e-01 1.804090485373641140e-01
9.501884836587847216e-01 1.826992720995578579e-01
9.501314886177036900e-01 1.849430178496998534e-01
9.500775440287717588e-01 1.871400656187980904e-01
9.500265054391587860e-01 1.892902972760342750e-01
9.499782328838040080e-01 1.913936908548584670e-01
9.499782328838040080e-01 1.913936908548586613e-01
