# n_s, r predictions of a polynomial alpha attractor model with k=3 and N_\star=49.
9.673253973267245120e-01 1.179873536428322969e-04
9.673253973267328387e-01 1.179873536428959125e-04
9.673231481162731793e-01 1.272348989193763762e-04
9.673206973582584300e-01 1.372087977902964088e-04
9.673180281593862784e-01 1.479663628252755468e-04
9.673151222526877868e-01 1.595694721420186542e-04
9.673119598869277524e-01 1.720849402424044165e-04
9.673085197065607321e-01 1.855849201370107240e-04
9.673047786214540311e-01 2.001473395892987316e-04
9.673007116664064098e-01 2.158563745826946976e-04
9.672962918487021389e-01 2.328029634517984827e-04
9.672914899827713686e-01 2.510853654587849376e-04
9.672862745111393545e-01 2.708097680012518430e-04
9.672806113101724002e-01 2.920909470855767966e-04
9.672744634793110086e-01 3.150529861992353042e-04
9.672677911122525840e-01 3.398300592852864280e-04
9.672605510485537961e-01 3.665672841600285041e-04
9.672526966035708273e-01 3.954216534375189587e-04
9.672441772750153266e-01 4.265630508439524496e-04
9.672349384236986758e-01 4.601753617350435623e-04
9.672249209260694869e-01 4.964576876850800577e-04
9.672140607959023306e-01 5.356256762256309065e-04
9.672022887720612694e-01 5.779129781823839213e-04
9.671895298691119969e-01 6.235728466377333081e-04
9.671757028871099671e-01 6.728798933509915229e-04
9.671607198765911351e-01 7.261320205401308953e-04
9.671444855543326335e-01 7.836525483171587377e-04
9.671268966650097276e-01 8.457925608197777115e-04
9.671078412835815152e-01 9.129334972549954215e-04
9.670871980521263955e-01 9.854900177668809557e-04
9.670728662157036526e-01 1.035769154019621028e-03
9.670648353455060242e-01 1.063913178258068994e-03
9.670406103582042112e-01 1.148693953292836273e-03
9.670143681053376961e-01 1.240367151911944210e-03
9.669859403297168532e-01 1.339515777892690256e-03
9.669551443064990925e-01 1.446775893768593828e-03
9.669217815366089042e-01 1.562842056990186492e-03
9.668856363198751191e-01 1.688473407181849233e-03
9.668464741988226363e-01 1.824500495776175705e-03
9.668040402644534348e-01 1.971832963662208810e-03
9.667580573162108948e-01 2.131468189202396449e-03
9.667427622242280583e-01 2.184570460928149643e-03
9.667082238698563312e-01 2.304501048392890855e-03
9.666542120094774315e-01 2.492134951459383085e-03
9.665956650835241248e-01 2.695694346201205505e-03
9.665321952500249836e-01 2.916638908330079164e-03
9.664633808833477113e-01 3.156579673312100154e-03
9.663887638645063394e-01 3.417297403147984743e-03
9.663661171789945659e-01 3.496551357722405169e-03
9.663078467894132828e-01 3.700763525410697731e-03
9.662200901452149271e-01 4.009164030792122281e-03
9.661249095234274442e-01 4.344926769443787154e-03
9.660216729613602116e-01 4.710752644966926563e-03
9.659530969363128161e-01 4.954776502400276041e-03
9.659096985269794988e-01 5.109651267906542213e-03
9.657882522885711252e-01 5.544981696662344174e-03
9.656565468344463499e-01 6.020498962252180709e-03
9.655137405278566565e-01 6.540407142925796884e-03
9.655099527093899958e-01 6.554261215204242041e-03
9.653589376941269506e-01 7.109419824036466301e-03
9.651911899377997317e-01 7.732828846293986029e-03
9.650417458312124941e-01 8.294556232577351279e-03
9.650094987761214105e-01 8.416582309126506220e-03
9.648128197542689133e-01 9.167372850587548333e-03
9.646000681855639858e-01 9.992737261300527890e-03
9.645530495004668303e-01 1.017707920907439702e-02
9.643701266522055615e-01 1.090116848811632788e-02
9.641218544279395175e-01 1.190224101023236794e-02
9.640480873371773951e-01 1.220390008530802470e-02
9.638540990654688168e-01 1.300675037215781593e-02
9.635657105420217805e-01 1.422686725467611595e-02
9.635307223954636680e-01 1.437712823629238440e-02
9.632555585764933648e-01 1.557630574795891912e-02
9.630044430814737044e-01 1.669857872896927248e-02
9.629225540035178943e-01 1.707050431862150788e-02
9.625656753754316952e-01 1.872681616042391056e-02
9.624723816184168612e-01 1.916956750037941692e-02
9.621840022139642734e-01 2.056470297400125186e-02
9.619373565167136375e-01 2.179076424461471803e-02
9.617767564935979507e-01 2.260592248456052417e-02
9.614019218568722325e-01 2.456207285106568744e-02
9.613433539524683935e-01 2.487469489259093794e-02
9.608834666360482890e-01 2.739782666214168536e-02
9.608684113303520569e-01 2.748252934607316525e-02
9.603970976159961204e-01 3.020476132319655296e-02
9.603389718461260438e-01 3.055021588296194870e-02
9.598846680055997949e-01 3.332751618194457199e-02
9.598155860922048532e-01 3.376219235457614959e-02
9.593471151073232894e-01 3.680045120340831588e-02
9.593000856297440038e-01 3.711444788806406159e-02
9.587941567871643977e-01 4.060187427800712734e-02
9.587859986596364292e-01 4.065980266814581828e-02
9.582993415880838306e-01 4.421826287799433819e-02
9.582036096012844784e-01 4.494290131708896657e-02
9.578170356407058605e-01 4.795632579053923927e-02
9.576030725236583940e-01 4.968698585512977550e-02
9.573484845515870534e-01 5.180774143168390133e-02
9.569884291829554579e-01 5.492752306551981073e-02
9.568947800838446538e-01 5.576322373598540522e-02
9.564568569809873688e-01 5.981261344617471581e-02
9.563646865257576790e-01 6.069596265781556504e-02
9.560354911216536467e-01 6.394498914343033080e-02
9.557378094715520689e-01 6.701689718362510706e-02
9.556312994510003378e-01 6.814879496575258766e-02
9.552447419453050648e-01 7.241198137797850987e-02
9.551146374761269042e-01 7.390467357277440141e-02
9.548761257040380146e-01 7.672215493409104137e-02
9.545256111264555088e-01 8.106673273662830248e-02
9.545027063127350386e-01 8.135961795616995784e-02
9.541932200175541334e-01 8.543309726038279817e-02
9.539099641975304911e-01 8.936418504619993153e-02
9.538788453810114198e-01 8.980874736537652891e-02
9.535822625944696540e-01 9.418144166039595089e-02
9.533443853077476771e-01 9.787950741389399301e-02
9.533031416243321621e-01 9.853933086473735947e-02
9.530410599215063394e-01 1.028710764153960011e-01
9.528135032283219230e-01 1.068429587208779563e-01
9.527955156436797024e-01 1.071659532381867147e-01
9.525659408705392517e-01 1.114139353017911255e-01
9.523517145121367378e-01 1.156057632636081078e-01
9.523239087966134386e-01 1.161674014946137007e-01
9.521521746535142050e-01 1.197329941610302817e-01
9.519666301269729125e-01 1.237880336740549286e-01
9.518807755146317939e-01 1.257427047543424881e-01
9.517943711535676865e-01 1.277641519659229175e-01
9.516346789446314958e-01 1.316554844869862739e-01
9.514874841352140011e-01 1.354398532991875070e-01
9.514868342000613044e-01 1.354570194002233663e-01
9.513501244810624868e-01 1.391645734582840910e-01
9.512238504700106789e-01 1.427747582403363635e-01
9.511454104595792325e-01 1.451175450593975846e-01
9.511073311585445111e-01 1.462849386545427843e-01
9.509999080269335714e-01 1.496931855430109204e-01
9.509009482934948077e-01 1.529982241055854175e-01
9.508539155017297073e-01 1.546306706955873911e-01
9.508098473229517067e-01 1.561993797015162611e-01
9.507260302878839386e-01 1.592965224073723540e-01
9.506489531786194158e-01 1.622900115173619151e-01
9.506105400129051253e-01 1.638396300141285455e-01
9.505781032549036613e-01 1.651806409782571317e-01
9.505129990282306096e-01 1.679695865631732621e-01
9.504531898575343529e-01 1.706583554122215185e-01
9.504113663128911371e-01 1.726192078188021894e-01
9.503982552336590617e-01 1.732487384074598846e-01
9.503478038201282896e-01 1.757427657069847160e-01
9.503014723096721017e-01 1.781426656394065056e-01
9.502589241480293714e-01 1.804508270554176230e-01
9.502514812322133686e-01 1.808657949147885746e-01
9.502198481689679843e-01 1.826697651468960903e-01
9.501839571774185478e-01 1.848020906747343817e-01
9.501509865111856801e-01 1.868504824927002816e-01
9.501254628608764019e-01 1.885020844975710541e-01
9.501206926059413416e-01 1.888176632143599432e-01
9.500928515831292831e-01 1.907063778415289679e-01
9.500672578760002152e-01 1.925193751540981435e-01
9.500437229052184351e-01 1.942593916506692442e-01
9.500278219281886871e-01 1.954788893663860216e-01
9.500220738122896469e-01 1.959291378256798888e-01
9.500021522563972809e-01 1.975312865702016085e-01
9.499838132780463740e-01 1.990684634891337623e-01
9.499669242311425954e-01 2.005432389360440326e-01
9.499533505515062037e-01 2.017742532764224828e-01
9.499513637837212476e-01 2.019581215775414218e-01
9.499370209864216319e-01 2.033155533111897506e-01
9.499237944070327844e-01 2.046179053734093756e-01
9.499115913286393376e-01 2.058674754878492552e-01
9.499003270087033046e-01 2.070664859165740612e-01
9.498973579595377803e-01 2.073904313538218747e-01
9.498899239958873419e-01 2.082170822903775254e-01
9.498803115013874088e-01 2.093213331061784255e-01
9.498714248214080724e-01 2.103812297913345286e-01
9.498632048074172607e-01 2.113986872456013466e-01
9.498557964757654570e-01 2.123495171156885297e-01
9.498555973808637809e-01 2.123755447815978692e-01
9.498485530891306317e-01 2.133135673939760557e-01
9.498420266996211447e-01 2.142144472960041401e-01
9.498359768290184357e-01 2.150798056700231609e-01
9.498303656049130739e-01 2.159111945852102699e-01
9.498252967664218005e-01 2.166884999944307943e-01
9.498251583571636347e-01 2.167100990423632412e-01
9.498203233365201115e-01 2.174779391110177873e-01
9.498158314582081374e-01 2.182160721292029371e-01
9.498116560683396159e-01 2.189257949405548076e-01
9.498077727311704521e-01 2.196083461474059584e-01
9.498041590353832886e-01 2.202649083619041548e-01
9.498031381985585497e-01 2.204544028533654276e-01
9.498007944177145889e-01 2.208966104402085573e-01
9.497976600023850802e-01 2.215045296874378900e-01
9.497947384549193517e-01 2.220896940233202110e-01
9.497920138490622000e-01 2.226530841004691341e-01
9.497894715456076664e-01 2.231956353689196759e-01
9.497871799137944659e-01 2.236999473941891636e-01
9.497870980820636300e-01 2.237182400820095785e-01
9.497848810721662982e-01 2.242217492399582457e-01
9.497828091143505347e-01 2.247069744685519788e-01
9.497808717083578989e-01 2.251746898312564915e-01
9.497790591792433235e-01 2.256256335738340002e-01
9.497773626081031928e-01 2.260605098011854719e-01
9.497757737689139779e-01 2.264799900866680815e-01
9.497757737689139779e-01 2.264799900866681370e-01
