# n_s, r predictions of a polynomial alpha attractor model with k=2 and N_\star=59.
9.664775499721374175e-01 1.141495939559581674e-01
9.664808471420069935e-01 1.137990795309813258e-01
9.664811901976075870e-01 1.137629912139657556e-01
9.664850075682261954e-01 1.133660761504373671e-01
9.664890121240310439e-01 1.129585130926081815e-01
9.664932145462189483e-01 1.125399544134701030e-01
9.664976262019860931e-01 1.121100401380209916e-01
9.665022591927080464e-01 1.116683975446536164e-01
9.665057232819740385e-01 1.113444133990953433e-01
9.665071264057133460e-01 1.112146407629009820e-01
9.665122415699244351e-01 1.107483703689786936e-01
9.665176193156637119e-01 1.102691729808049081e-01
9.665232752389371074e-01 1.097766208544518340e-01
9.665292259705414724e-01 1.092702714842715694e-01
9.665354892503297268e-01 1.087496672094100530e-01
9.665363549986969449e-01 1.086786574590073023e-01
9.665420840070928499e-01 1.082143348294138524e-01
9.665490304443701275e-01 1.076637852327471806e-01
9.665563501327189000e-01 1.070975130417470556e-01
9.665640661088678032e-01 1.065149962786157006e-01
9.665722029822642059e-01 1.059156960573841427e-01
9.665737703826767779e-01 1.058019372095883037e-01
9.665807870495456422e-01 1.052990563074848451e-01
9.665898464174937921e-01 1.046645035352755937e-01
9.665994111350609819e-01 1.040114466306288760e-01
9.666095133350883772e-01 1.033392767265599310e-01
9.666190769543672179e-01 1.027185080246344751e-01
9.666201873863664584e-01 1.026473671207951827e-01
9.666314700567123497e-01 1.019350732692034939e-01
9.666434006877668850e-01 1.012017328621191981e-01
9.666560213822327219e-01 1.004466659957802543e-01
9.666693772042962429e-01 9.966917545240454313e-02
9.666734339674343257e-01 9.943717071185967371e-02
9.666835163939820896e-01 9.886854710380987843e-02
9.666984905961967245e-01 9.804405045497333049e-02
9.667143551052103101e-01 9.719493934550210712e-02
9.667311691253061001e-01 9.632045282865676905e-02
9.667380143467056985e-01 9.597150440528917636e-02
9.667489960482967826e-01 9.541981624931678008e-02
9.667679037485558124e-01 9.449224254409946400e-02
9.667879648961394956e-01 9.353693378871393016e-02
9.668092572884777747e-01 9.255308301953743544e-02
9.668139570216932599e-01 9.233986817155291627e-02
9.668318642009871011e-01 9.153987635830956870e-02
9.668558747567917999e-01 9.049649547071256239e-02
9.668813843155390497e-01 8.942212039140272350e-02
9.669023117638516629e-01 8.856513849468444777e-02
9.669084948810374724e-01 8.831593274971855090e-02
9.669373155271480114e-01 8.717711943172785916e-02
9.669679628409453276e-01 8.600487671558271208e-02
9.670005613818423162e-01 8.479841491753628557e-02
9.670039800079694992e-01 8.467417299461704738e-02
9.670352441546314903e-01 8.355696358699907234e-02
9.670721530940229460e-01 8.227977728786309286e-02
9.671114395573641165e-01 8.096614200282023499e-02
9.671196562811216202e-01 8.069701870265244548e-02
9.671532648214807848e-01 7.961538219507743874e-02
9.671978005786082688e-01 7.822686855876849477e-02
9.672452294253105487e-01 7.680002648483701122e-02
9.672497755128978136e-01 7.666591184320695196e-02
9.672957453370711889e-01 7.533434526309081003e-02
9.673495541198910974e-01 7.382938803326043187e-02
9.673944714541349299e-01 7.261414052619459547e-02
9.674068738287330271e-01 7.228480248799226682e-02
9.674679351410192529e-01 7.070033231853253830e-02
9.675329816716268239e-01 6.907582937918176069e-02
9.675535506100841898e-01 6.857485761416888537e-02
9.676022702139344123e-01 6.741126652921879125e-02
9.676760708894972529e-01 6.570675109074723685e-02
9.677264845817638017e-01 6.457993540117266951e-02
9.677546671868688666e-01 6.396253883770382231e-02
9.678383558680112575e-01 6.217904840507013781e-02
9.679124217445010947e-01 6.065894601746298770e-02
9.679274467186645969e-01 6.035687597824514194e-02
9.680222621170589958e-01 5.849681009079866351e-02
9.681102171127314859e-01 5.683833345343907578e-02
9.681231363934985623e-01 5.659984632483880396e-02
9.682304149517052538e-01 5.466720167260095964e-02
9.683184773976204474e-01 5.314081843614302386e-02
9.683444531214413509e-01 5.270032828142764275e-02
9.684656147108829938e-01 5.070092626817932630e-02
9.685356169420024086e-01 4.958505061376888845e-02
9.685942702265887272e-01 4.867095525446064885e-02
9.687307947284528042e-01 4.661264424301808651e-02
9.687599195701465105e-01 4.618549788692156294e-02
9.688755652870945090e-01 4.452849942905896113e-02
9.689896014263307267e-01 4.295254343947193382e-02
9.690289580109007206e-01 4.242130952143633588e-02
9.691913446094907458e-01 4.029414813859704542e-02
9.692228704814174201e-01 3.989274869438934334e-02
9.693630884586655894e-01 3.815037284569481463e-02
9.694579793694834136e-01 3.700923516847285516e-02
9.695445401278436348e-01 3.599362041401259205e-02
9.696932693661143299e-01 3.430213899047786924e-02
9.697360323227474099e-01 3.382779791310149692e-02
9.699272044493582046e-01 3.176909700724253605e-02
9.699378741806449211e-01 3.165706929068748399e-02
9.701503448285667686e-01 2.948583715411694228e-02
9.701583953588889253e-01 2.940573110514907093e-02
9.703736860697914635e-01 2.731871953709918976e-02
9.703856143140234813e-01 2.720610599675508598e-02
9.706078015460294361e-01 2.516314403975210973e-02
9.706080939907462124e-01 2.516052150982586375e-02
9.708240650633184199e-01 2.326898789113489296e-02
9.708537091647673201e-01 2.301620155685772662e-02
9.710336751415244994e-01 2.151530757825976040e-02
9.711106049504394377e-01 2.089083268388788536e-02
9.712360549650254082e-01 1.989355281969834924e-02
9.713787731131795500e-01 1.878955818526276828e-02
9.714307686918542961e-01 1.839515427967295183e-02
9.716175080126274732e-01 1.701167912188646103e-02
9.716581056072779443e-01 1.671754184947695995e-02
9.717960780587487912e-01 1.573494700754748607e-02
9.719483708155719492e-01 1.467991200530187335e-02
9.719663833084757343e-01 1.455711281318006201e-02
9.721284139554828840e-01 1.347072204584432234e-02
9.722491818608142156e-01 1.268169808028685869e-02
9.722822330503627652e-01 1.246874438125672446e-02
9.724279646030188351e-01 1.154459007393204145e-02
9.725599538654559062e-01 1.072775708923688447e-02
9.725657827415188361e-01 1.069211327843656335e-02
9.726959019569928477e-01 9.905605635742806975e-03
9.728185684197221406e-01 9.179782852807958846e-03
9.728798464357111264e-01 8.822685588509543431e-03
9.729340523237215432e-01 8.509766453513827392e-03
9.730426412010211301e-01 7.891062409942960557e-03
9.731446341386963406e-01 7.319537971856615241e-03
9.732076871080697078e-01 6.970710340467279990e-03
9.732403368282782630e-01 6.791397692345778163e-03
9.733300573765050201e-01 6.303159389986414708e-03
9.734141028070879553e-01 5.851630583105733863e-03
9.734927761846087213e-01 5.433885771027538100e-03
9.735418680570565586e-01 5.175549220281085681e-03
9.735663742936176979e-01 5.047244812383676164e-03
9.736351858083936994e-01 4.689252554879199536e-03
9.736994898917336050e-01 4.357659798475945791e-03
9.737595551645759073e-01 4.050405620046265177e-03
9.738156389922629774e-01 3.765601048242903960e-03
9.738679870374663539e-01 3.501514049529308448e-03
9.738801806662709115e-01 3.440234249110749737e-03
9.739168330348122460e-01 3.256555767310106032e-03
9.739623987466561328e-01 3.029267944126513498e-03
9.740048940645908981e-01 2.818311449939569537e-03
9.740445172257895523e-01 2.622455836581765332e-03
9.740814551177329195e-01 2.440569838314265300e-03
9.741158836488998940e-01 2.271612740311642828e-03
9.741479681667507551e-01 2.114626540148806851e-03
9.741778639075262536e-01 1.968728831512964704e-03
9.742057164653125101e-01 1.833106344011739813e-03
9.742193365236659908e-01 1.766885086248996600e-03
9.742316622702495987e-01 1.707009077839471631e-03
9.742558290678866584e-01 1.589744976983584451e-03
9.742783363934516272e-01 1.480675089467728021e-03
9.742992960362821808e-01 1.379209167744338332e-03
9.743188124908721548e-01 1.284801666699283366e-03
9.743369833919941492e-01 1.196948100787913151e-03
9.743538999321499361e-01 1.115181725570433408e-03
9.743696472602361158e-01 1.039070512342755905e-03
9.743843048608307189e-01 9.682143876911387514e-04
9.743979469139614213e-01 9.022427126296001182e-04
9.744106426352471262e-01 8.408119785563612780e-04
9.744224565971091323e-01 7.836036995451377577e-04
9.744334490311979957e-01 7.303224825986161716e-04
9.744436761128318913e-01 6.806942593244215542e-04
9.744531902282307367e-01 6.344646641691589631e-04
9.744620402251180646e-01 5.913975458491390171e-04
9.744702716476324467e-01 5.512735999372292547e-04
9.744779269563442758e-01 5.138891117650165249e-04
9.744850457340857863e-01 4.790547998735106045e-04
9.744916648785436619e-01 4.465947511869190105e-04
9.744978187822375126e-01 4.163454399524770498e-04
9.745035395007420886e-01 3.881548232432436869e-04
9.745088569098004916e-01 3.618815065106186987e-04
9.745137988520702343e-01 3.373939732843862045e-04
9.745183912740925658e-01 3.145698736691746066e-04
9.745226583541760634e-01 2.932953667779725801e-04
9.745266226217693672e-01 2.734645126883533152e-04
9.745303050688258750e-01 2.549787099056404003e-04
9.745337252536867556e-01 2.377461746752700946e-04
9.745369013981088901e-01 2.216814588080229535e-04
9.745398504775233395e-01 2.067050029800273378e-04
9.745425883056784144e-01 1.927427227196711697e-04
9.745451296130948071e-01 1.797256245512142035e-04
9.745474881205892226e-01 1.675894499576756087e-04
9.745496766076675588e-01 1.562743450402139314e-04
9.745496766076681139e-01 1.562743450402322544e-04
