# n_s, r predictions of a polynomial alpha attractor model with k=2 and N_\star=53.
9.626703470661412965e-01 1.329251422903151014e-01
9.626723171104644150e-01 1.326312954633804275e-01
9.626743761349044748e-01 1.323299948466925280e-01
9.626765288716977453e-01 1.320210018295202570e-01
9.626787803405538746e-01 1.317040689274449339e-01
9.626811358681266473e-01 1.313789394279782641e-01
9.626836011089242584e-01 1.310453470228009343e-01
9.626853404514845725e-01 1.308138915510689837e-01
9.626861820677753423e-01 1.307030154263357780e-01
9.626888851239693290e-01 1.303516579804019082e-01
9.626917170572095728e-01 1.299909772447306600e-01
9.626946850755211393e-01 1.296206645731723672e-01
9.626977968452687939e-01 1.292403996754708795e-01
9.627010605234587182e-01 1.288498501645543026e-01
9.627041619605344325e-01 1.284861317182759421e-01
9.627044847925033677e-01 1.284486710893593397e-01
9.627080788976504211e-01 1.280365044532999208e-01
9.627118526872900928e-01 1.276129787185907860e-01
9.627158166563747344e-01 1.271777082967607553e-01
9.627199819932019675e-01 1.267302930258243643e-01
9.627243606298339085e-01 1.262703176347478584e-01
9.627276373752998717e-01 1.259326564163235906e-01
9.627289652964483579e-01 1.257973511960242263e-01
9.627338095799400364e-01 1.253109465673869216e-01
9.627389079871164768e-01 1.248106398239314935e-01
9.627442760128619437e-01 1.242959496821923332e-01
9.627499302136713899e-01 1.237663769180328138e-01
9.627558882869849954e-01 1.232214037805644258e-01
9.627567123954891004e-01 1.231470315206395078e-01
9.627621691567950224e-01 1.226604934047109963e-01
9.627687930660269178e-01 1.220830892254916034e-01
9.627757816762340104e-01 1.214886143976052907e-01
9.627831581751910006e-01 1.208764712244796841e-01
9.627909473930154061e-01 1.202460406015697925e-01
9.627924490228693122e-01 1.201262981283123393e-01
9.627991759274514560e-01 1.195966814795711708e-01
9.628078722791195698e-01 1.189277303535655195e-01
9.628170669973805662e-01 1.182385007857802151e-01
9.628267928377162166e-01 1.175282829698919840e-01
9.628360134945939119e-01 1.168716405126573321e-01
9.628370849314527025e-01 1.167963433463878042e-01
9.628479809687594537e-01 1.160419242795374534e-01
9.628595213958808241e-01 1.152642438079894555e-01
9.628717496276267829e-01 1.144624954824485091e-01
9.628847122761861055e-01 1.136358483055710938e-01
9.628886540345759082e-01 1.133889612355348520e-01
9.628984593973740624e-01 1.127834467910150823e-01
9.629130447554666850e-01 1.119044111605507763e-01
9.629285261078021074e-01 1.109978377002743544e-01
9.629449655103590189e-01 1.100627992992785631e-01
9.629516672937356025e-01 1.096893003713012293e-01
9.629624296455192578e-01 1.090983461966120172e-01
9.629809901732323540e-01 1.081035069650106428e-01
9.630007241067528589e-01 1.070772897627001452e-01
9.630217142140852227e-01 1.060186838875230159e-01
9.630263533384767483e-01 1.057890375900092383e-01
9.630440494461742773e-01 1.049266616707394684e-01
9.630678253927651422e-01 1.038001807510278429e-01
9.630931447666796208e-01 1.026381867724567576e-01
9.631139603753653411e-01 1.017098263830595734e-01
9.631201179170407745e-01 1.014396165534393601e-01
9.631488633716790426e-01 1.002034017768489021e-01
9.631795084085946757e-01 9.892847325448853035e-02
9.632121896558900609e-01 9.761376582184969064e-02
9.632156219277074882e-01 9.747822939234050688e-02
9.632470537190274129e-01 9.625822392142752149e-02
9.632842578335858441e-01 9.486080793462926819e-02
9.633239705408771503e-01 9.342050132331822243e-02
9.633322906722632251e-01 9.312505119833677791e-02
9.633663723828065351e-01 9.193631864204394877e-02
9.634116566112186364e-01 9.040731448077050925e-02
9.634600299056390593e-01 8.883259339510803099e-02
9.634646743103842947e-01 8.868439666458251269e-02
9.635117130917665307e-01 8.721132087635426189e-02
9.635669418513042039e-01 8.554273540667291231e-02
9.636131794027269493e-01 8.419251415847416042e-02
9.636259674117015894e-01 8.382616163506265150e-02
9.636890572021066248e-01 8.206102469698517421e-02
9.637564954593090816e-01 8.024686568413844090e-02
9.637778688411701156e-01 7.968650828814928533e-02
9.638285837646684007e-01 7.838335825045940342e-02
9.639056414899975778e-01 7.647032631556796578e-02
9.639584375195515697e-01 7.520302159394616492e-02
9.639880061271268730e-01 7.450776279713682004e-02
9.640760334724426395e-01 7.249584926880105196e-02
9.641542089337220567e-01 7.077698624666048377e-02
9.641700976341377460e-01 7.043497640000838389e-02
9.642705908262945158e-01 6.832576498867386217e-02
9.643641531895917884e-01 6.644053521196455203e-02
9.643779229103239814e-01 6.616908734687766691e-02
9.644925206408868634e-01 6.396608874448639348e-02
9.645869246136714592e-01 6.222214011277673457e-02
9.646148265701051105e-01 6.171820855693141428e-02
9.647452975612053061e-01 5.942720070158615669e-02
9.648209152256371768e-01 5.814601456925130168e-02
9.648844028602365785e-01 5.709515288552294288e-02
9.650326216727486139e-01 5.472450412681378884e-02
9.650643190318312081e-01 5.423179219014982039e-02
9.651904401909713327e-01 5.231805995556745859e-02
9.653152015653428952e-01 5.049446216654987496e-02
9.653583480160610186e-01 4.987900465251893234e-02
9.655368339189382976e-01 4.741090984593798741e-02
9.655715693055801907e-01 4.694452571799129920e-02
9.657263808813826289e-01 4.491773876582819819e-02
9.658314344044356403e-01 4.358832485273289592e-02
9.659274603550187521e-01 4.240384545170780561e-02
9.660928713044141247e-01 4.042849080611555374e-02
9.661405256675470454e-01 3.987396823005246588e-02
9.663540631237218514e-01 3.746446174287411390e-02
9.663660044892363743e-01 3.733321682278921416e-02
9.666042902436929873e-01 3.478705251838427187e-02
9.666133369092271277e-01 3.469302590284682047e-02
9.668557322960211753e-01 3.224126093159436490e-02
9.668691878852924138e-01 3.210885533005854164e-02
9.671202935881392238e-01 2.970500493820546831e-02
9.671206246674102225e-01 2.970191698776094083e-02
9.673655192601829933e-01 2.747336068861691918e-02
9.673991928897076598e-01 2.717534187806839099e-02
9.676039161148436429e-01 2.540502834077468589e-02
9.676915784008183197e-01 2.466805181638227068e-02
9.678347141210683624e-01 2.349066025308848421e-02
9.679978195591897316e-01 2.218669843691326027e-02
9.680573108545607042e-01 2.172072204875316256e-02
9.682712577740486548e-01 2.008570379503170356e-02
9.683178278831684471e-01 1.973800052766240543e-02
9.684762450507459208e-01 1.857628194704959851e-02
9.686513574673994986e-01 1.732866637250278855e-02
9.686720858407587009e-01 1.718343897611580157e-02
9.688587006673403668e-01 1.589854761273353997e-02
9.689979647032439525e-01 1.496530509516696104e-02
9.690361023848829136e-01 1.471342621979265797e-02
9.692043820363203110e-01 1.362037115318161067e-02
9.693569545448301739e-01 1.265432384640154465e-02
9.693636957903355444e-01 1.261217119917533609e-02
9.695142530516810409e-01 1.168210839167645697e-02
9.696563057722148438e-01 1.082394876543350815e-02
9.697273088567951449e-01 1.040180531941203683e-02
9.697901389460954480e-01 1.003192592635215007e-02
9.699160622444898960e-01 9.300719731492195635e-03
9.700344027281814219e-01 8.625431872105513917e-03
9.701075917593597886e-01 8.213357217019082515e-03
9.701454985667674613e-01 8.001559738567915261e-03
9.702496936879281275e-01 7.424969607853766466e-03
9.703473332777858840e-01 6.891869922218935018e-03
9.704387600526135360e-01 6.398785211790720094e-03
9.704958226612051542e-01 6.093923234000102503e-03
9.705243112226187296e-01 5.942531044272125924e-03
9.706043160702968464e-01 5.520190253427570068e-03
9.706790940681115920e-01 5.129090597426972688e-03
9.707489534642045337e-01 4.766783922004917858e-03
9.708141902692132286e-01 4.431026847116237635e-03
9.708750875819868176e-01 4.119762955119190238e-03
9.708892733427630928e-01 4.047545796259585660e-03
9.709319151983074603e-01 3.831106429790431464e-03
9.709849294519784513e-01 3.563327076549817080e-03
9.710343732438825315e-01 3.314836642364902414e-03
9.710804762202738249e-01 3.084176347479705704e-03
9.711234550670143628e-01 2.870005538819630098e-03
9.711635138915872822e-01 2.671091375552829290e-03
9.712008446692229624e-01 2.486299459985029641e-03
9.712356277336340327e-01 2.314585331015035774e-03
9.712680322963634927e-01 2.154986742292761340e-03
9.712838777282797320e-01 2.077066346764466775e-03
9.712982169818902278e-01 2.006616652588734916e-03
9.713263303682392324e-01 1.868656861436838318e-03
9.713525115250760678e-01 1.740352228637539588e-03
9.713768905431172662e-01 1.621005421568985031e-03
9.713995890502129527e-01 1.509972139356705262e-03
9.714207207107047326e-01 1.406656767742705833e-03
9.714403917056824156e-01 1.310508422941176381e-03
9.714587011925518434e-01 1.221017346858622359e-03
9.714757417430925912e-01 1.137711619791999425e-03
9.714915997592640240e-01 1.060154160142793341e-03
9.715063558672636379e-01 9.879399837106970627e-04
9.715200852895886641e-01 9.206936979739664814e-04
9.715328581957888288e-01 8.580672092146624224e-04
9.715447400327695826e-01 7.997376225977974448e-04
9.715557918349767563e-01 7.454053173519037444e-04
9.715660705156641264e-01 6.947921809636083135e-04
9.715756291400026168e-01 6.476399879328318798e-04
9.715845171808812353e-01 6.037089100737949706e-04
9.715927807584354703e-01 5.627761466264995368e-04
9.716004628641103924e-01 5.246346636074839106e-04
9.716076035701675107e-01 4.890920328504263712e-04
9.716142402255182331e-01 4.559693621128542125e-04
9.716204076386991684e-01 4.251003084499373912e-04
9.716261382487280107e-01 3.963301677953654607e-04
9.716314622846975446e-01 3.695150343492154227e-04
9.716364079147638000e-01 3.445210239709677112e-04
9.716410013851729532e-01 3.212235563056397214e-04
9.716452671500411808e-01 2.995066908513331193e-04
9.716492279924588971e-01 2.792625126077576299e-04
9.716529051373873349e-01 2.603905633341959064e-04
9.716563183572566320e-01 2.427973147884950479e-04
9.716594860700856762e-01 2.263956806498988868e-04
9.716624254313843689e-01 2.111045640927736481e-04
9.716651524195419887e-01 1.968484382550196056e-04
9.716676819158962530e-01 1.835569570627685839e-04
