# n_s, r predictions of a polynomial alpha attractor model with k=3 and N_\star=63.
9.745873128595164969e-01 7.891604063131958571e-05
9.745873128595102797e-01 7.891604063131958571e-05
9.745857307301996064e-01 8.510015723988942533e-05
9.745840093217802425e-01 9.176980146799862523e-05
9.745821370533067629e-01 9.896324684574255752e-05
9.745801014058157463e-01 1.067218094513585990e-04
9.745778888468357160e-01 1.150900939760695317e-04
9.745754847486123307e-01 1.241162603751422256e-04
9.745728732997027688e-01 1.338523129368541966e-04
9.745700374091311735e-01 1.443544137862484234e-04
9.745669586026273201e-01 1.556832230343548128e-04
9.745636169102934732e-01 1.679042680142854040e-04
9.745599907448047050e-01 1.810883442923359179e-04
9.745560567693705156e-01 1.953119514239282355e-04
9.745517897546001063e-01 2.106577667372323793e-04
9.745471624231027974e-01 2.272151607807061983e-04
9.745421452808727958e-01 2.450807584677950311e-04
9.745367064341879937e-01 2.643590503975801870e-04
9.745308113905917224e-01 2.851630593365652366e-04
9.745244228426224176e-01 3.076150674180675631e-04
9.745175004325724588e-01 3.318474102623179562e-04
9.745100004964777352e-01 3.580033449574567721e-04
9.745018757853930458e-01 3.862379996778616447e-04
9.744930751617494336e-01 4.167194136728535328e-04
9.744835432683968124e-01 4.496296774485523885e-04
9.744732201676491457e-01 4.851661842160105926e-04
9.744620409474710199e-01 5.235430051124462855e-04
9.744499352915407808e-01 5.649924023489452315e-04
9.744368270096738227e-01 6.097664963334947872e-04
9.744226335248012960e-01 6.581391050087891754e-04
9.744127834750858641e-01 6.916517278795236310e-04
9.744072653122146654e-01 7.104077761670940603e-04
9.743906252865716100e-01 7.668960364311934409e-04
9.743726081316648191e-01 8.279558839772590238e-04
9.743530995676674689e-01 8.939705560065850732e-04
9.743319755501965718e-01 9.653576065384139159e-04
9.743091013952485113e-01 1.042572335402131706e-03
9.742843308238750000e-01 1.126111615481346830e-03
9.742575049203842097e-01 1.216518172440371427e-03
9.742284509979898255e-01 1.314385379517144219e-03
9.741969813662405553e-01 1.420362639674679212e-03
9.741865168604850744e-01 1.455601423419304987e-03
9.741628919953880805e-01 1.535161438673773903e-03
9.741259610741582753e-01 1.659562165692805456e-03
9.740859474594459888e-01 1.794421813220862215e-03
9.740425890193862291e-01 1.940682685344234919e-03
9.739956008752769234e-01 2.099382263499537625e-03
9.739446735532863997e-01 2.271664401530515496e-03
9.739292212514344405e-01 2.324002685182303615e-03
9.738894710638275054e-01 2.458792047688530651e-03
9.738296289352907920e-01 2.662161720246305867e-03
9.737647522393538813e-01 2.883319995778279351e-03
9.736944136573030262e-01 3.123982304958256104e-03
9.736477054226021499e-01 3.284345930922087393e-03
9.736181516501487554e-01 3.386054369930326276e-03
9.735354688088291297e-01 3.671656659887425223e-03
9.734458304730945200e-01 3.983152287442227359e-03
9.733486637166910427e-01 4.323178817791985609e-03
9.733460867567902408e-01 4.332231881409898816e-03
9.732433568001290780e-01 4.694684515889905631e-03
9.731292591887034105e-01 5.100969614306790668e-03
9.730276152761101471e-01 5.466421869583448605e-03
9.730056822219081969e-01 5.545733246660590997e-03
9.728719005027928191e-01 6.033126758138716503e-03
9.727271540575179731e-01 6.567814173538281779e-03
9.726951581548477499e-01 6.687081367990650206e-03
9.725706513056332492e-01 7.155040668408907747e-03
9.724015728937219771e-01 7.800709937580644487e-03
9.723513117708579845e-01 7.994993327087238089e-03
9.722190764909277583e-01 8.511471366503769662e-03
9.720223027358874113e-01 9.294817850658753863e-03
9.719984124092541089e-01 9.391166643590253410e-03
9.718103826605529738e-01 1.015919493111888672e-02
9.716385404888095989e-01 1.087662615644550274e-02
9.715824470906861965e-01 1.111412155801441530e-02
9.713376387153117575e-01 1.217032218079151101e-02
9.712735418995320780e-01 1.245228709509140982e-02
9.710751277063022213e-01 1.333986889485466731e-02
9.709050620991188651e-01 1.411886805660388620e-02
9.707941319288881932e-01 1.463633092355852601e-02
9.705345830534870544e-01 1.587682213000647657e-02
9.704939428934022949e-01 1.607492662349326376e-02
9.701739586376779689e-01 1.767267027384654410e-02
9.701634560731068335e-01 1.772627812643660580e-02
9.698337246746512319e-01 1.944850191812976317e-02
9.697929276272725385e-01 1.966698928329839099e-02
9.694729839557890694e-01 2.142338322579794355e-02
9.694241578791930047e-01 2.169828893834207725e-02
9.690917364344064922e-01 2.362033552131430694e-02
9.690582329208102808e-01 2.381905341946837298e-02
9.686961720440746548e-01 2.602767262086682146e-02
9.686903081879348898e-01 2.606438769609685166e-02
9.683389313316367319e-01 2.832202876661851776e-02
9.682694290794588987e-01 2.878239184389779978e-02
9.679874046536660614e-01 3.069948381040653665e-02
9.678303165042891898e-01 3.180265379401431280e-02
9.676424229427349477e-01 3.315687581716302706e-02
9.673747607947851268e-01 3.515431569690124353e-02
9.673047524306593870e-01 3.569052452909626111e-02
9.669750923791279318e-01 3.829624614083293466e-02
9.669052053306391725e-01 3.886642103231750106e-02
9.666540727157284518e-01 4.096937710445397451e-02
9.664248114425452174e-01 4.296659294567271165e-02
9.663422518913832304e-01 4.370480656486831761e-02
9.660401151970385847e-01 4.649701680169902179e-02
9.659374951494510420e-01 4.747927038463861660e-02
9.657480737118859793e-01 4.934013083764376278e-02
9.654664639987795560e-01 5.222796617764292187e-02
9.654479202901478097e-01 5.242348003186123040e-02
9.651955486129122352e-01 5.515409347902516801e-02
9.649614317103540895e-01 5.781018224095034463e-02
9.649355174463645213e-01 5.811189882866464596e-02
9.646864898930330723e-01 6.109464822667633188e-02
9.644839141340074695e-01 6.363931977338375956e-02
9.644485177865683712e-01 6.409555284855393553e-02
9.642215890373576626e-01 6.710783368214304212e-02
9.640215684609511060e-01 6.989681541910139351e-02
9.640056318743793762e-01 7.012478420744912289e-02
9.638005195833584393e-01 7.313982990239113746e-02
9.636060756241203729e-01 7.614658350837687217e-02
9.635806082160117692e-01 7.655189257379495238e-02
9.634220790069629725e-01 7.913889516742560193e-02
9.632482698096856977e-01 8.211089673795744781e-02
9.631668941657217653e-01 8.355520007798071525e-02
9.630843547229386292e-01 8.505703979966972028e-02
9.629300125209635519e-01 8.797212705996815263e-02
9.627855422318648548e-01 9.083826450797743979e-02
9.627848993667674771e-01 9.085133706707215762e-02
9.626486538743997956e-01 9.369024231138758929e-02
9.625209018655430659e-01 9.648482095186058927e-02
9.624405542894572951e-01 9.831472329046661573e-02
9.624012607723073653e-01 9.923146253431446018e-02
9.622893436523564104e-01 1.019269681723656840e-01
9.621847627957830218e-01 1.045685457381013428e-01
9.621345277516223371e-01 1.058835828428951187e-01
9.620871329151465812e-01 1.071538006601714527e-01
9.619960739205327682e-01 1.096807229533153932e-01
9.619112132902838397e-01 1.121476711082485811e-01
9.618684935903620836e-01 1.134344114106208001e-01
9.618321880551398140e-01 1.145533534574728202e-01
9.617586464189791240e-01 1.168968076043424703e-01
9.616902490432661654e-01 1.191773784629881344e-01
9.616419127137506573e-01 1.208539841174538221e-01
9.616266700248395916e-01 1.213946954087309626e-01
9.615675975980100265e-01 1.235486489853885039e-01
9.615127345922347413e-01 1.256393675599720705e-01
9.614617986761236912e-01 1.276671942589066022e-01
9.614528314691489497e-01 1.280335574309145186e-01
9.614145224173518134e-01 1.296326644648627402e-01
9.613706531863963622e-01 1.315364841009560026e-01
9.613299529300212143e-01 1.333795088804310414e-01
9.612981666548082726e-01 1.348757744507396439e-01
9.612921978382157340e-01 1.351627246557056405e-01
9.612571779259835303e-01 1.368872289611539617e-01
9.612246965490328643e-01 1.385542138094370546e-01
9.611945698701324092e-01 1.401649497714532178e-01
9.611740679733491444e-01 1.413002576611191996e-01
9.611666262906829461e-01 1.417207713450301665e-01
9.611407058600536235e-01 1.432230635965155430e-01
9.611166596731828271e-01 1.446732500434632640e-01
9.610943492654039355e-01 1.460727817326662736e-01
9.610762975809753472e-01 1.472472193021673037e-01
9.610736460117078606e-01 1.474231274588179985e-01
9.610544305363736273e-01 1.487257650615863847e-01
9.610365921376359255e-01 1.499821737344026185e-01
9.610200282310016329e-01 1.511938272756081780e-01
9.610046438139174807e-01 1.523621882116303061e-01
9.610005730695284631e-01 1.526788233855463084e-01
9.609903509537036648e-01 1.534887027222258671e-01
9.609770683000214975e-01 1.545747962992626845e-01
9.609647206225891969e-01 1.556218700727710902e-01
9.609532383744178174e-01 1.566312977408602369e-01
9.609428375052438964e-01 1.575784440300822542e-01
9.609425572804669580e-01 1.576044230434053006e-01
9.609326179513371091e-01 1.585425577229984673e-01
9.609233655213856862e-01 1.594469799204097094e-01
9.609147493104768234e-01 1.603189329556275744e-01
9.609067225084537700e-01 1.611596244493474495e-01
9.608994411233290345e-01 1.619482747588199822e-01
9.608992418813282477e-01 1.619702257435066128e-01
9.608922674981243972e-01 1.627518715830679197e-01
9.608857624772852990e-01 1.635056600246990732e-01
9.608796927515315112e-01 1.642326525412653171e-01
9.608740268500777226e-01 1.649338742941126035e-01
9.608687356971185034e-01 1.656103145479965177e-01
9.608672376343748711e-01 1.658058974361804050e-01
9.608637924255363227e-01 1.662629272061556807e-01
9.608591722048084316e-01 1.668926314454915183e-01
9.608548520821404981e-01 1.675003124340587179e-01
9.608508108358949640e-01 1.680868221151298192e-01
9.608470288404302728e-01 1.686529800439724724e-01
9.608436101896683512e-01 1.691804210874832126e-01
9.608434879415180818e-01 1.691995742651672407e-01
9.608401713415487544e-01 1.697273622198368082e-01
9.608370634937938304e-01 1.702370716735274181e-01
9.608341500050293638e-01 1.707294016567328654e-01
9.608314175458800843e-01 1.712050234111505420e-01
9.608288537682844188e-01 1.716645813357552952e-01
9.608264472295195979e-01 1.721086939276552930e-01
9.608264472295195979e-01 1.721086939276552097e-01
