# n_s, r predictions of a polynomial alpha attractor model with k=3 and N_\star=65.
9.753693649896975071e-01 7.506606487819725889e-05
9.753693649897161588e-01 7.506606487824799955e-05
9.753678513598427191e-01 8.094835643403929133e-05
9.753662047463130813e-01 8.729245523044775628e-05
9.753644141016842850e-01 9.413476081528696819e-05
9.753624674841827602e-01 1.015145656034466916e-04
9.753603519857132476e-01 1.094742887162606997e-04
9.753580536538627443e-01 1.180597293661147482e-04
9.753555574076453460e-01 1.273203415212156798e-04
9.753528469461519856e-01 1.373095317592288363e-04
9.753499046496829639e-01 1.480849824070367565e-04
9.753467114726604992e-01 1.597090022763882912e-04
9.753432468275787803e-01 1.722489075408294959e-04
9.753394884591715108e-01 1.857774355646466945e-04
9.753354123080052451e-01 2.003731947894909072e-04
9.753309923624484679e-01 2.161211541182867630e-04
9.753262004979783573e-01 2.331131756090150029e-04
9.753210063027504262e-01 2.514485947123335603e-04
9.753153768880454821e-01 2.712348527631241926e-04
9.753092766821978010e-01 2.925881869733896090e-04
9.753026672065782110e-01 3.156343837835021236e-04
9.752955068316865317e-01 3.405096021232831608e-04
9.752877505118662249e-01 3.673612739130672719e-04
9.752793494960089182e-01 3.963490900509942182e-04
9.752702510124937607e-01 4.276460811349076623e-04
9.752603979255681788e-01 4.614398033584356132e-04
9.752497283603920319e-01 4.979336413594125099e-04
9.752381752938332760e-01 5.373482413444105946e-04
9.752256661075364708e-01 5.799230895932652990e-04
9.752121220996863293e-01 6.259182534979436038e-04
9.752027232159348191e-01 6.577828976093996619e-04
9.751974579514192110e-01 6.756163046585540038e-04
9.751815811435774473e-01 7.293244462992978100e-04
9.751643913190539692e-01 7.873768704380035809e-04
9.751457795857437771e-01 8.501373739262081891e-04
9.751256277546647144e-01 9.180022667468120410e-04
9.751038075076547962e-01 9.914036109221217776e-04
9.750801794887506979e-01 1.070812834159029590e-03
9.750545923133732140e-01 1.156744769070735396e-03
9.750268814894748060e-01 1.249762176623242255e-03
9.749968682452648805e-01 1.350480821526963250e-03
9.749868883791300567e-01 1.383969457319965618e-03
9.749643582587305124e-01 1.459575177834181907e-03
9.749291402857401811e-01 1.577784855185380888e-03
9.748909846848127225e-01 1.705921850304431249e-03
9.748496418400682817e-01 1.844878744537168345e-03
9.748048404871048067e-01 1.995637986927187302e-03
9.747562859518285050e-01 2.159282423580721061e-03
9.747415541133864769e-01 2.208992981135279258e-03
9.747036583187603798e-01 2.337007258219458289e-03
9.746466105534483670e-01 2.530133655998764372e-03
9.745847666134795917e-01 2.740124233024852918e-03
9.745177195939183079e-01 2.968600707608085032e-03
9.744731989193176069e-01 3.120825390738221974e-03
9.744450299653495406e-01 3.217364026177750407e-03
9.743662239752346466e-01 3.488417316953972783e-03
9.742807922945411203e-01 3.783992067983157643e-03
9.741881889997857646e-01 4.106577973164002651e-03
9.741857331093098926e-01 4.115165824744071270e-03
9.740878309836934479e-01 4.458956940807523063e-03
9.739790978837510327e-01 4.844241814685405073e-03
9.738822341265505056e-01 5.190732801326407991e-03
9.738613326068020770e-01 5.265920417922316001e-03
9.737338425103191364e-01 5.727905595718024538e-03
9.735959012836875592e-01 6.234592001598542217e-03
9.735654091550052236e-01 6.347595796436286859e-03
9.734467515627762690e-01 6.790920439017123639e-03
9.732856083218164311e-01 7.402450624224263080e-03
9.732377038499193667e-01 7.586429085366420966e-03
9.731116631294425279e-01 8.075443258554687934e-03
9.729240894404230788e-01 8.816952258851576754e-03
9.729013144626578180e-01 8.908140730805036434e-03
9.727220492225248094e-01 9.634927852161882453e-03
9.725581932747195957e-01 1.031367379068909643e-02
9.725047013814120955e-01 1.053833093999368385e-02
9.722712126287812451e-01 1.153725860792883910e-02
9.722100697682118930e-01 1.180388777552520384e-02
9.720207716183235647e-01 1.264307980883694338e-02
9.718584835576974390e-01 1.337947686655299208e-02
9.717526073287636734e-01 1.386857896828508005e-02
9.715048198373705812e-01 1.504090550580819592e-02
9.714660127839446213e-01 1.522810340359426716e-02
9.711603752496268394e-01 1.673770783172737892e-02
9.711503408643945567e-01 1.678835359484322914e-02
9.708352140150454668e-01 1.841528564956143935e-02
9.707962107699814602e-01 1.862166864840536853e-02
9.704902267238100233e-01 2.028067186698942481e-02
9.704435134759393788e-01 2.054032427886083936e-02
9.701253449154333408e-01 2.235569634001618317e-02
9.700932646450356467e-01 2.254338512179485804e-02
9.697464189221548514e-01 2.462947855273714057e-02
9.697407989062257760e-01 2.466415815863827812e-02
9.694038736679556623e-01 2.679677360043738674e-02
9.693371912868896656e-01 2.723168277791690461e-02
9.690664701996712926e-01 2.904296743922656771e-02
9.689155770439789039e-01 3.008541323301951870e-02
9.687349933509458166e-01 3.136527977300697378e-02
9.684775465353661072e-01 3.325347672538692123e-02
9.684101699862073254e-01 3.376045531561989305e-02
9.680926669634165593e-01 3.622477443220919330e-02
9.680253052296674543e-01 3.676416020957963549e-02
9.677830889282471594e-01 3.875407183984624221e-02
9.675617413331942807e-01 4.064472692840936235e-02
9.674819762352475649e-01 4.134376308218760954e-02
9.671898032211263541e-01 4.398887830140205818e-02
9.670904694479046659e-01 4.491981529700555392e-02
9.669069769965179528e-01 4.668410264223692846e-02
9.666338368722446894e-01 4.942382244801150903e-02
9.666158357861762696e-01 4.960938863166049206e-02
9.663706544920215302e-01 5.220217625630749897e-02
9.661428691102968980e-01 5.472625572599350285e-02
9.661176347046557256e-01 5.501310948139508800e-02
9.658749171746939810e-01 5.785043158714030936e-02
9.656771626656088792e-01 6.027326283859086448e-02
9.656425787009961237e-01 6.070787451241323185e-02
9.654206361881034759e-01 6.357915111210800385e-02
9.652246772172149436e-01 6.624036590854821827e-02
9.652090501955904456e-01 6.645801241994400699e-02
9.650077289759469990e-01 6.933830262085395602e-02
9.648165329018834058e-01 7.221401073577536633e-02
9.647914647769959551e-01 7.260191559384890359e-02
9.646352791790414605e-01 7.507931816332925890e-02
9.644637467395794639e-01 7.792864138353446102e-02
9.643833265502534946e-01 7.931460028095627113e-02
9.643016812154384665e-01 8.075666930035473035e-02
9.641487998966746797e-01 8.355839487460141324e-02
9.640054351243037001e-01 8.631655279527798708e-02
9.640047965893651094e-01 8.632914086924248220e-02
9.638693462985519211e-01 8.906457968918383983e-02
9.637421096737823767e-01 9.176074744198890742e-02
9.636619660559022638e-01 9.352808907433750318e-02
9.636227371673835584e-01 9.441405247105415233e-02
9.635108728681253121e-01 9.702127871608988430e-02
9.634061579848871570e-01 9.957958433631849959e-02
9.633557925588043247e-01 1.008543781288997604e-01
9.633082339659926330e-01 1.020864960897176904e-01
9.632167452497526483e-01 1.045398999979772342e-01
9.631313416502818026e-01 1.069380288434881032e-01
9.630882941769524086e-01 1.081900440969958271e-01
9.630516803897587463e-01 1.092794470439978211e-01
9.629774277939894267e-01 1.115630334352585851e-01
9.629082606724407301e-01 1.137879624649308780e-01
9.628593142415382555e-01 1.154253259708177409e-01
9.628438674069662584e-01 1.159536842649378369e-01
9.627839487753646619e-01 1.180599040270844391e-01
9.627282185368389866e-01 1.201065610604520606e-01
9.626764038065429574e-01 1.220938078609333510e-01
9.626672742745200351e-01 1.224530674190804219e-01
9.626282452458264638e-01 1.240219894750669155e-01
9.625834970937172663e-01 1.258916233934706252e-01
9.625419270636917934e-01 1.277033801647604327e-01
9.625094234787844316e-01 1.291755909706830130e-01
9.625033161280517335e-01 1.294580648796511690e-01
9.624674582103051046e-01 1.311565996375120002e-01
9.624341598039659607e-01 1.328000070742547389e-01
9.624032395341722834e-01 1.343893950012348404e-01
9.623821770665593744e-01 1.355105072081651818e-01
9.623745276765983681e-01 1.359259421795196987e-01
9.623478656461723624e-01 1.374108852331128450e-01
9.623231054664859174e-01 1.388455066865142418e-01
9.623001092290153213e-01 1.402311240985099905e-01
9.622814854781063243e-01 1.413947282815575524e-01
9.622787485498678350e-01 1.415690802525885195e-01
9.622589040304015962e-01 1.428607343561153487e-01
9.622404647268716360e-01 1.441074541943377640e-01
9.622233276332119445e-01 1.453106091812574607e-01
9.622073971801360370e-01 1.464715642470863777e-01
9.622031796831449491e-01 1.467863261839712219e-01
9.621925847529601006e-01 1.475916745010908138e-01
9.621788082298643463e-01 1.486722806088662530e-01
9.621659915417476450e-01 1.497147048242461753e-01
9.621540642543455757e-01 1.507202476179115569e-01
9.621432525697768412e-01 1.516642838245006175e-01
9.621429611728941067e-01 1.516901848471782499e-01
9.621326219692922788e-01 1.526257654142275655e-01
9.621229908314685719e-01 1.535282093630914446e-01
9.621140161344429176e-01 1.543987063689070127e-01
9.621056501324285470e-01 1.552384145762221723e-01
9.620980565188058664e-01 1.560265187436923051e-01
9.620978486711957434e-01 1.560484597464023848e-01
9.620905709198371847e-01 1.568299346773980585e-01
9.620837791210240519e-01 1.575838988622511594e-01
9.620774383588002188e-01 1.583113783557070220e-01
9.620715163429574002e-01 1.590133658211358991e-01
9.620659832090281416e-01 1.596908207326490359e-01
9.620644161298030905e-01 1.598867475860230036e-01
9.620608113329519595e-01 1.603446697097974105e-01
9.620559751594854880e-01 1.609758069645752243e-01
9.620514510434632349e-01 1.615850948426044431e-01
9.620472171030460817e-01 1.621733644423657694e-01
9.620432530841307450e-01 1.627414162981564993e-01
9.620396684449947777e-01 1.632707944553428991e-01
9.620395402351398229e-01 1.632900211141203872e-01
9.620360611914456905e-01 1.638199205382056267e-01
9.620327998687295823e-01 1.643318279662709658e-01
9.620297413646157203e-01 1.648264293677985659e-01
9.620268718679617637e-01 1.653043841257875179e-01
9.620241785752281505e-01 1.657663258843913856e-01
9.620216496133868755e-01 1.662128633987684234e-01
9.620216496133868755e-01 1.662128633987685622e-01
