# n_s, r predictions of a polynomial alpha attractor model with k=3 and N_\star=58.
9.723962147926514810e-01 9.008214818864769568e-05
9.723962147926514810e-01 9.008214818864769568e-05
9.723944370200260368e-01 9.714169053150041263e-05
9.723925018843677659e-01 1.047555678657503765e-04
9.723903962680923163e-01 1.129674911307252316e-04
9.723881059899774915e-01 1.218246483655243599e-04
9.723856157193964123e-01 1.313779863056736483e-04
9.723829088834754497e-01 1.416825156027068139e-04
9.723799675666495723e-01 1.527976417788893171e-04
9.723767724019557468e-01 1.647875242419952798e-04
9.723733024531799884e-01 1.777214659155254139e-04
9.723695350873146070e-01 1.916743363030379028e-04
9.723654458362155362e-01 2.067270310962288104e-04
9.723610082466741522e-01 2.229669717622026134e-04
9.723561937177204184e-01 2.404886489134405790e-04
9.723509713241728081e-01 2.593942136741584758e-04
9.723453076249705118e-01 2.797941217229520149e-04
9.723391664550498081e-01 3.018078352123293299e-04
9.723325086991685406e-01 3.255645883595284442e-04
9.723252920459558579e-01 3.512042231738515038e-04
9.723174707203825484e-01 3.788781025435857919e-04
9.723089951925834029e-01 4.087501087749060083e-04
9.722998118607741880e-01 4.409977366547210482e-04
9.722898627055465148e-01 4.758132912489998045e-04
9.722790849132897373e-01 5.134052019093792796e-04
9.722674104651635174e-01 5.539994654680881246e-04
9.722547656885429657e-01 5.978412332729610579e-04
9.722410707672539676e-01 6.451965586719119079e-04
9.722262392064793257e-01 6.963543238033935434e-04
9.722101772479747606e-01 7.516283671429054404e-04
9.721990290909162669e-01 7.899251854021883089e-04
9.721927832307529771e-01 8.113598362547330993e-04
9.721739468919652349e-01 8.759197936740005042e-04
9.721535486023621386e-01 9.457121078738251353e-04
9.721314585302053279e-01 1.021176665953023571e-03
9.721075357272180861e-01 1.102792950119584362e-03
9.720816271297434419e-01 1.191084026375952227e-03
9.720535664681713151e-01 1.286621001178779892e-03
9.720231730775756862e-01 1.390028010421809216e-03
9.719902506026018019e-01 1.501987815084477977e-03
9.719545855906485121e-01 1.623248089456932842e-03
9.719427248834597854e-01 1.663573864449719060e-03
9.719159459674028279e-01 1.754628501418707383e-03
9.718740793917172160e-01 1.897028699767900565e-03
9.718287114880592714e-01 2.051437341770700421e-03
9.717795439592994411e-01 2.218942314817781009e-03
9.717262525867980116e-01 2.400742329990436432e-03
9.716684851316265137e-01 2.598160092491127570e-03
9.716509557691612731e-01 2.658146338740840619e-03
9.716058591592097171e-01 2.812657284650714982e-03
9.715379598201518974e-01 3.045851631766667220e-03
9.714643376328471192e-01 3.299536359406471647e-03
9.713845063283309544e-01 3.575702393050077341e-03
9.713314888127616564e-01 3.759785816580608116e-03
9.712979408340838283e-01 3.876563696921641027e-03
9.712040754901938300e-01 4.204586198371915856e-03
9.711023026066477604e-01 4.562520797009831861e-03
9.709919714823004311e-01 4.953441013800140118e-03
9.709890452642936376e-01 4.963851922864706556e-03
9.708723880117009486e-01 5.380785894552644541e-03
9.707428150032439973e-01 5.848408844739716797e-03
9.706273819164112915e-01 6.269268535119018257e-03
9.706024733202768262e-01 6.360633138284466429e-03
9.704505439379039755e-01 6.922314910717433482e-03
9.702861709886971830e-01 7.538914512979827745e-03
9.702498385962604610e-01 7.676510141182215329e-03
9.701084658610937828e-01 8.216577157269698214e-03
9.699165124301150076e-01 8.962223813108365425e-03
9.698594590832423368e-01 9.186696063999993944e-03
9.697093735562676287e-01 9.783653281027156201e-03
9.694860990963248826e-01 1.068965623849216749e-02
9.694589969293703202e-01 1.080113816116073412e-02
9.692457358307190463e-01 1.169014175600284478e-02
9.690509155605595559e-01 1.252109734693005252e-02
9.689873399156051503e-01 1.279627623949744497e-02
9.687099926905157199e-01 1.402063386523057405e-02
9.686374096402902145e-01 1.434763690999443092e-02
9.684128208848614694e-01 1.537735620633589630e-02
9.682204422071915006e-01 1.628151957319783072e-02
9.680950224366146051e-01 1.688231674594259032e-02
9.678017856766985005e-01 1.832312505757114837e-02
9.677558992345146605e-01 1.855328313249788447e-02
9.673948980918418705e-01 2.041006612414950072e-02
9.673830583585101284e-01 2.047237938086285056e-02
9.670116611204220280e-01 2.247463893155740230e-02
9.669657529463842049e-01 2.272869341664678425e-02
9.666060863491422461e-01 2.477120385585829948e-02
9.665512566200130662e-01 2.509091064645342997e-02
9.661783988517272936e-01 2.732617457225644184e-02
9.661408638918824732e-01 2.755726481320230903e-02
9.657357837786189059e-01 3.012534834285667332e-02
9.657292317207607502e-01 3.016803219182168094e-02
9.653371428282224720e-01 3.279209233236542176e-02
9.652597148417458861e-01 3.332700183468881999e-02
9.649459853103338203e-01 3.555375873546307020e-02
9.647715674822637810e-01 3.683448508578200664e-02
9.645632716253303984e-01 3.840594514987499125e-02
9.642671881690072500e-01 4.072217470371249787e-02
9.641898757628407646e-01 4.134360233450116301e-02
9.638265824546496940e-01 4.436106427188900997e-02
9.637497322475260253e-01 4.502077514589882673e-02
9.634740845159035505e-01 4.745209025547994508e-02
9.632231641829430702e-01 4.975826144908068044e-02
9.631329807451375347e-01 5.060991813852418197e-02
9.628037746500639482e-01 5.382732755252281343e-02
9.626922686493220027e-01 5.495763692594114042e-02
9.624868741774627035e-01 5.709671160606781537e-02
9.621825925485291142e-01 6.041015532770127594e-02
9.621626027337646381e-01 6.063420464726367032e-02
9.618911502340320441e-01 6.375951893309904361e-02
9.616403724628092009e-01 6.679245439117047212e-02
9.616126780459931522e-01 6.713652388750851463e-02
9.613472212742704137e-01 7.053283970405591075e-02
9.611322217860738260e-01 7.342278506820848483e-02
9.610947447575755032e-01 7.394016946724102368e-02
9.608551387492066942e-01 7.735033219374931601e-02
9.606449322048801198e-01 8.049842045069995067e-02
9.606282254180265046e-01 8.075534033044177995e-02
9.604137658145583956e-01 8.414747092950911056e-02
9.602114671297912185e-01 8.751932931861870768e-02
9.601850463830278182e-01 8.797300518572701011e-02
9.600209900793764684e-01 9.086390438361736932e-02
9.598419562570869035e-01 9.417461488773958000e-02
9.597584474073386218e-01 9.577944430304234646e-02
9.596739553173915249e-01 9.744534654963657450e-02
9.595165518663184567e-01 1.006704798808956969e-01
9.593699427196449303e-01 1.038305210227320613e-01
9.593692919610784520e-01 1.038449090321377360e-01
9.592317091409662266e-01 1.069640521083895235e-01
9.591033299337575757e-01 1.100238535851176258e-01
9.590229123449541815e-01 1.120216545894110460e-01
9.589836788022942926e-01 1.130207795846644436e-01
9.588722825145595818e-01 1.159518068597022028e-01
9.587686739368201927e-01 1.188144063785023102e-01
9.587190793793589627e-01 1.202358390540336219e-01
9.586723952631222012e-01 1.216065224204067041e-01
9.585830007054901847e-01 1.243265480739405293e-01
9.585000586776465381e-01 1.269732979900175251e-01
9.584584441883881034e-01 1.283503884328084654e-01
9.584231535111429334e-01 1.295459791840819774e-01
9.583518867466130908e-01 1.320441606096184883e-01
9.582858780449365899e-01 1.344677421449676225e-01
9.582393948765397518e-01 1.362447098885891938e-01
9.582247657634070936e-01 1.368169235517344151e-01
9.581682072411701334e-01 1.390921738781646655e-01
9.581158788363065559e-01 1.412942016986442895e-01
9.580674757543471420e-01 1.434239265026551746e-01
9.580589729154935785e-01 1.438080616105499865e-01
9.580227117049097130e-01 1.454824514747556918e-01
9.579813184197828457e-01 1.474710378424102519e-01
9.579430450622617998e-01 1.493910809113108695e-01
9.579132444348822384e-01 1.509462212144668247e-01
9.579076575540507177e-01 1.512440878583264092e-01
9.578749378426383299e-01 1.530316573102577515e-01
9.578446831288310870e-01 1.547554607017559147e-01
9.578167050711319241e-01 1.564172253775749921e-01
9.577977128973544918e-01 1.575862117788402184e-01
9.577908289809067277e-01 1.580187193821451785e-01
9.577668930198047770e-01 1.595617378626187910e-01
9.577447474087318335e-01 1.610480909991728604e-01
9.577242536556579422e-01 1.624795933685428961e-01
9.577077107510587606e-01 1.636786359040934002e-01
9.577052838080077901e-01 1.638580546411654570e-01
9.576877197337982928e-01 1.651852715108899639e-01
9.576714524345624202e-01 1.664630207558623620e-01
9.576563813920369039e-01 1.676930533312064320e-01
9.576424139497566879e-01 1.688770893973146059e-01
9.576387231767178321e-01 1.691976264639674377e-01
9.576294647300016560e-01 1.700168141917779152e-01
9.576174550859853918e-01 1.711138746579095871e-01
9.576063125887369631e-01 1.721698767482008618e-01
9.575959705477813388e-01 1.731863833266955310e-01
9.575866192844458835e-01 1.741388074339506875e-01
9.575863675644697981e-01 1.741649126000104353e-01
9.575774471166252910e-01 1.751069370124436753e-01
9.575691571730364782e-01 1.760138825461944057e-01
9.575614498362566840e-01 1.768871283731011657e-01
9.575542810121235870e-01 1.777280068094329313e-01
9.575477876506245378e-01 1.785158870687208743e-01
9.575476101043991495e-01 1.785378035301044830e-01
9.575413997329530469e-01 1.793177580032120355e-01
9.575356154739367298e-01 1.800690641099898515e-01
9.575302256204495377e-01 1.807928709191623240e-01
9.575252009622525762e-01 1.814902835882293841e-01
9.575205145831529041e-01 1.821623643674677995e-01
9.575191888158783859e-01 1.823565614301138615e-01
9.575161416747497434e-01 1.828101336853814596e-01
9.575120593653076995e-01 1.834345712970036624e-01
9.575082465625938122e-01 1.840366174788629905e-01
9.575046838095921942e-01 1.846171742565752560e-01
9.575013531520758514e-01 1.851771066529655230e-01
9.574983455133243559e-01 1.856983244408521028e-01
9.574982380170918850e-01 1.857172439463388447e-01
9.574953231014775579e-01 1.862383809300512116e-01
9.574925942695938774e-01 1.867412791658908389e-01
9.574900384595197433e-01 1.872266682249710545e-01
9.574876435970102184e-01 1.876952469108957022e-01
9.574853985165776571e-01 1.881476844608795385e-01
9.574832928890999462e-01 1.885846217213202336e-01
9.574832928890999462e-01 1.885846217213202336e-01
