# n_s, r predictions of a polynomial alpha attractor model with k=2 and N_\star=61.
9.676867656583670874e-01 1.005540208902233057e-01
9.676964377103507431e-01 9.991236346217130526e-02
9.677066484203011854e-01 9.925216959550876850e-02
9.677163102900965264e-01 9.864267937810092257e-02
9.677174318531910346e-01 9.857284436180033249e-02
9.677288244187585153e-01 9.787377675317417147e-02
9.677408650391771117e-01 9.715433984177379578e-02
9.677535953282981884e-01 9.641389103529683646e-02
9.677670597831852239e-01 9.565177244129287326e-02
9.677711480807711375e-01 9.542441740274962281e-02
9.677813059884888824e-01 9.486731135477478871e-02
9.677963848343992259e-01 9.405982088432567056e-02
9.678123507487584876e-01 9.322860073383301693e-02
9.678292619439471389e-01 9.237293815821354115e-02
9.678361437654323662e-01 9.203161353707763059e-02
9.678471806791062448e-01 9.149210911310001748e-02
9.678661735381943743e-01 9.058537962004102606e-02
9.678863117242979541e-01 8.965200737038045431e-02
9.679076713705088153e-01 8.869124359259686341e-02
9.679123839831150766e-01 8.848309802199308405e-02
9.679303338675467883e-01 8.770233520948005068e-02
9.679543862081337879e-01 8.668452731304999992e-02
9.679799213479222120e-01 8.563706598654857727e-02
9.680008557675218173e-01 8.480197247327826704e-02
9.680070385825169099e-01 8.455920150409626523e-02
9.680358439398332182e-01 8.345019193964051119e-02
9.680664505866628522e-01 8.230930721755341795e-02
9.680989792478859046e-01 8.113583363757388700e-02
9.681023889958431106e-01 8.101502983751328324e-02
9.681335586362672663e-01 7.992907890662141746e-02
9.681703258901852571e-01 7.868837770921480179e-02
9.682094270159331550e-01 7.741309784680068529e-02
9.682176005997700230e-01 7.715193553996568809e-02
9.682510173305594048e-01 7.610264697351133700e-02
9.682952619001445882e-01 7.475647995296794135e-02
9.683423359676301967e-01 7.337410685530544596e-02
9.683468456963544302e-01 7.324422139133043852e-02
9.683924253630555867e-01 7.195510160788233522e-02
9.684457268878987612e-01 7.049911130508415558e-02
9.684901805751907622e-01 6.932416585795757313e-02
9.685024486638577068e-01 6.900586617301686376e-02
9.685628104349575107e-01 6.747519017319478229e-02
9.686270438103034008e-01 6.590701221542817623e-02
9.686473415119429831e-01 6.542364719063782641e-02
9.686953924331617172e-01 6.430137793389055501e-02
9.687681120603285345e-01 6.265846196165325566e-02
9.688177417859852314e-01 6.157305732869414183e-02
9.688454705340030504e-01 6.097858061780191824e-02
9.689277476266248135e-01 5.926220489761713922e-02
9.690004873211075509e-01 5.780035442721927902e-02
9.690152347374311192e-01 5.750997363035426774e-02
9.691082344178746366e-01 5.572270664116928812e-02
9.691944093807514093e-01 5.413031252987159786e-02
9.692070597015847166e-01 5.390141772411689847e-02
9.693120332133042805e-01 5.204732720249640593e-02
9.693981110650978783e-01 5.058400216257009224e-02
9.694234860302509693e-01 5.016187382192101307e-02
9.695417562686654556e-01 4.824672569135440153e-02
9.696100232247012451e-01 4.717850986620486520e-02
9.696671873679830744e-01 4.630378995908195766e-02
9.698001260448646521e-01 4.433522088604005540e-02
9.698284649403213775e-01 4.392688186691634522e-02
9.699409198896186135e-01 4.234342595859013486e-02
9.700517038978926365e-01 4.083825993382886321e-02
9.700899145772869936e-01 4.033106967024976258e-02
9.702474506653564479e-01 3.830107459676451026e-02
9.702780126778745018e-01 3.791816720791869183e-02
9.704138599482239336e-01 3.625661939459250138e-02
9.705057179855837157e-01 3.516889821137558769e-02
9.705894613344628885e-01 3.420113336993688136e-02
9.707332409714245491e-01 3.258996917200305404e-02
9.707745562046969923e-01 3.213828729517865385e-02
9.709591278568590056e-01 3.017859052905609574e-02
9.709694231927570307e-01 3.007198019212753773e-02
9.711743123066958194e-01 2.800632185569073770e-02
9.711820709767514659e-01 2.793013127950790334e-02
9.713894382629009172e-01 2.594561095427901087e-02
9.714009210125976734e-01 2.583855318674655246e-02
9.716146916142682777e-01 2.389680072492486942e-02
9.716149728367522442e-01 2.389430860808054724e-02
9.718225578151223898e-01 2.209713931892123492e-02
9.718510359234544538e-01 2.185700740170424400e-02
9.720238496802885431e-01 2.043143967819576953e-02
9.720976848336568832e-01 1.983839581378545047e-02
9.722180425402794368e-01 1.889140979886827845e-02
9.723549010946276328e-01 1.784321800965327567e-02
9.724047449986041869e-01 1.746877867651828661e-02
9.725836857016200154e-01 1.615543716947048791e-02
9.726225736590828896e-01 1.587622878938963963e-02
9.727546996506953869e-01 1.494354203649806388e-02
9.729004769150756404e-01 1.394214312632964525e-02
9.729177146406933208e-01 1.382558918381635200e-02
9.730727382367955203e-01 1.279446179620248591e-02
9.731882412472164789e-01 1.204557904381673220e-02
9.732198455589723407e-01 1.184345845474229879e-02
9.733591680314286343e-01 1.096630567474459091e-02
9.734853132029833711e-01 1.019099140819552073e-02
9.734908831707022037e-01 1.015715861176233643e-02
9.736152054272118050e-01 9.410593031692646854e-03
9.737323780559282715e-01 8.721591051434182326e-03
9.737909017476141793e-01 8.382592464422447889e-03
9.738426659682749564e-01 8.085522642297350224e-03
9.739463495038981344e-01 7.498124452555422932e-03
9.740437190550994551e-01 6.955477143755285294e-03
9.741039065771609495e-01 6.624252806459924627e-03
9.741350704746486455e-01 6.453982140958164880e-03
9.742207011980597020e-01 5.990338460774635027e-03
9.743009070128224591e-01 5.561520093983597299e-03
9.743759794089875692e-01 5.164754273142801479e-03
9.744228212337350259e-01 4.919374863034081495e-03
9.744462034477420209e-01 4.797500842365330816e-03
9.745118560871437463e-01 4.457432859902882294e-03
9.745732049071152980e-01 4.142418498957004327e-03
9.746305071791658836e-01 3.850504263808257610e-03
9.746840092300890213e-01 3.579899503333782741e-03
9.747339460530586308e-01 3.328962179364669798e-03
9.747455778567586382e-01 3.270731258356251135e-03
9.747805411239763851e-01 3.096185830777559590e-03
9.748240063854094473e-01 2.880187663868072692e-03
9.748645423650557085e-01 2.679697693864903016e-03
9.749023383998572934e-01 2.493548860290308988e-03
9.749375729413641833e-01 2.320668039168037426e-03
9.749704139211952114e-01 2.160067877311882753e-03
9.750010191595236408e-01 2.010839377179669384e-03
9.750295368019968878e-01 1.872145164985118855e-03
9.750561057735541715e-01 1.743213379246684154e-03
9.750690982967051834e-01 1.680257099250997282e-03
9.750808562397194068e-01 1.623332121709661346e-03
9.751039100679842475e-01 1.511844417295181084e-03
9.751253812835118939e-01 1.408143634338649254e-03
9.751453765147862773e-01 1.311669320776267644e-03
9.751639954259559984e-01 1.221903416075069242e-03
9.751813311335508772e-01 1.138366802552875966e-03
9.751974706059883813e-01 1.060616163281268834e-03
9.752124950448622931e-01 9.882411170173206923e-04
9.752264802475785199e-01 9.208616035581593208e-04
9.752394969510704836e-01 8.581254956076550143e-04
9.752516111568223511e-01 7.997064156482316163e-04
9.752628844375387240e-01 7.453017384997080805e-04
9.752733742259048766e-01 6.946307622039751828e-04
9.752831340861941589e-01 6.474330316228394311e-04
9.752922139691158065e-01 6.034668007272805815e-04
9.753006604511352817e-01 5.625076209325187947e-04
9.753085169585199443e-01 5.243470441315696952e-04
9.753158239772435900e-01 4.887914301739436970e-04
9.753226192493534841e-01 4.556608495612562352e-04
9.753289379566473238e-01 4.247880730238270020e-04
9.753348128923424731e-01 3.960176404531465981e-04
9.753402746215058539e-01 3.692050023819054907e-04
9.753453516308888682e-01 3.442157278518452384e-04
9.753500704688756739e-01 3.209247730879802893e-04
9.753544558760680605e-01 2.992158059154721890e-04
9.753585309072524412e-01 2.789805813221393131e-04
9.753623170451921620e-01 2.601183639879567377e-04
9.753658343068362102e-01 2.425353939799210288e-04
9.753691013423871903e-01 2.261443921491780476e-04
9.753721355276949723e-01 2.108641020729931030e-04
9.753749530505674281e-01 1.966188656563452105e-04
9.753775689910929581e-01 1.833382297649991939e-04
9.753799973967697268e-01 1.709565814753847635e-04
9.753822513524316173e-01 1.594128097420689674e-04
9.753843430455499952e-01 1.486499914584999272e-04
