# n_s, r predictions of a polynomial alpha attractor model with k=4 and N_\star=63.
9.735408702358041566e-01 2.983918247328510871e-05
9.735408702357792876e-01 2.983918247328510871e-05
9.735402454259113325e-01 3.222329806013066037e-05
9.735395574051147749e-01 3.479806626407192855e-05
9.735388005552647606e-01 3.757876184414875949e-05
9.735379687854373021e-01 4.058188827421261099e-05
9.735370554941771282e-01 4.382527741788447609e-05
9.735360535269612647e-01 4.732819743292410647e-05
9.735349551305780835e-01 5.111146960438306853e-05
9.735337519042212007e-01 5.519759487408284798e-05
9.735324347459535232e-01 5.961089090413078238e-05
9.735309937949232495e-01 6.437764058666960295e-05
9.735294183685613278e-01 6.952625300389388857e-05
9.735276968951106502e-01 7.508743792593556719e-05
9.735258168395111156e-01 8.109439505488196193e-05
9.735237646234703446e-01 8.758301932332900682e-05
9.735215255393302458e-01 9.459212369002103983e-05
9.735190836552248816e-01 1.021636810289763267e-04
9.735164217131403452e-01 1.103430868486943980e-04
9.735135210177486842e-01 1.191794447692693932e-04
9.735103613154719726e-01 1.287258768838545617e-04
9.735069206629788363e-01 1.390398613462414377e-04
9.735031752840773711e-01 1.501835997830725411e-04
9.734990994136192288e-01 1.622244174096031219e-04
9.734946651277329721e-01 1.752351990367269721e-04
9.734898421581160699e-01 1.892948645323237213e-04
9.734890871797803324e-01 1.914879053711247012e-04
9.734845976897057440e-01 2.044888876838458743e-04
9.734788961393054940e-01 2.209098628850975304e-04
9.734726989137298947e-01 2.386581245834071122e-04
9.734659641449323608e-01 2.578424250236993295e-04
9.734586463997997319e-01 2.785806765031959703e-04
9.734506963619022901e-01 3.010007651327761997e-04
9.734420604821406586e-01 3.252414439899143175e-04
9.734326805946754702e-01 3.514533145887988562e-04
9.734224934944051277e-01 3.797999067669497754e-04
9.734128652262828973e-01 4.064894972771656298e-04
9.734114304715003607e-01 4.104588684783287418e-04
9.733994167980863921e-01 4.436232785642701525e-04
9.733863711614265668e-01 4.795030974405508468e-04
9.733722050372812795e-01 5.183267727957524638e-04
9.733568219964412460e-01 5.603430199223568805e-04
9.733401169360473837e-01 6.058227992847372472e-04
9.733219752271841108e-01 6.550615173780758964e-04
9.733206365081971123e-01 6.586892133507241944e-04
9.733022717677151103e-01 7.083814810866109844e-04
9.732808699299625443e-01 7.661346405218714571e-04
9.732576203894482969e-01 8.287056611333494570e-04
9.732323598211024551e-01 8.965153726063961135e-04
9.732154128080668931e-01 9.419181521428861021e-04
9.732049094470459627e-01 9.700246501655190737e-04
9.731750734189299479e-01 1.049738793467075611e-03
9.731426370164094619e-01 1.136212479676354135e-03
9.731073646424202028e-01 1.230055380887037269e-03
9.730987196820772844e-01 1.253028389440656587e-03
9.730689975954880389e-01 1.331938552187427252e-03
9.730272515995803673e-01 1.442601715862173745e-03
9.729818140743001775e-01 1.562861589922426905e-03
9.729714472677200021e-01 1.590275834065320000e-03
9.729323411311099346e-01 1.693621436086333249e-03
9.728784542889866715e-01 1.835882033817400755e-03
9.728341651936267542e-01 1.952709062810233532e-03
9.728197369124357285e-01 1.990754323974777522e-03
9.727557303905640662e-01 2.159474008301776136e-03
9.726872728078707064e-01 2.339879990939544400e-03
9.726859300973201838e-01 2.343418439931054583e-03
9.726097812007383769e-01 2.544126195638307490e-03
9.725310833926914533e-01 2.751685495485220369e-03
9.725266744246235939e-01 2.763319782650400409e-03
9.724359419049677378e-01 3.002932001909009666e-03
9.723658762282205714e-01 3.188270600579139798e-03
9.723368533232047417e-01 3.265136566056862054e-03
9.722286125291881298e-01 3.552383655876125649e-03
9.721919296822463252e-01 3.649963748833568930e-03
9.721103548743816880e-01 3.867441197715733216e-03
9.720095408369876511e-01 4.137230477095949106e-03
9.719811454439004628e-01 4.213442764516049828e-03
9.718399782869296955e-01 4.593943158059899876e-03
9.718190343947566978e-01 4.650638893990858246e-03
9.716857765915657419e-01 5.012982938869742396e-03
9.716207629872568585e-01 5.190833702924012132e-03
9.715173935460622578e-01 5.475163454156752908e-03
9.714151012593909007e-01 5.758517009817597579e-03
9.713336134191007387e-01 5.985734290600546598e-03
9.712024364081208727e-01 6.354434680479647407e-03
9.711331522563929619e-01 6.550695549821103185e-03
9.709831577826117943e-01 6.979367095517960071e-03
9.709146576189016109e-01 7.176917890220024972e-03
9.707576476060529869e-01 7.634123131854217252e-03
9.706767070445803114e-01 7.872283854760263322e-03
9.705262740502359486e-01 8.319536257279509101e-03
9.704178053974512608e-01 8.645854551953375058e-03
9.702893870645403762e-01 9.036461796432236973e-03
9.701363818914126025e-01 9.508066220256976633e-03
9.700473167431125088e-01 9.785774667706968397e-03
9.698307882109388212e-01 1.047096153599298869e-02
9.698003736795451912e-01 1.056836713497729188e-02
9.695488506672402806e-01 1.138514631865324839e-02
9.694992996808702301e-01 1.154846066872440569e-02
9.692930251665221597e-01 1.223703135042906835e-02
9.691401218221590286e-01 1.275667694757421679e-02
9.690331620908531063e-01 1.312495013973397594e-02
9.687695166047104456e-01 1.404983576232801505e-02
9.687514049134976490e-01 1.411428138260318980e-02
9.685023367452962884e-01 1.501262249768153118e-02
9.683312694555231692e-01 1.564291884048824022e-02
9.682318657687050134e-01 1.601424154441487974e-02
9.679583441806596245e-01 1.705561643971493721e-02
9.678778457960276471e-01 1.736767585075298451e-02
9.676820114481899937e-01 1.813765820400928611e-02
9.674031074084296078e-01 1.926126022844195859e-02
9.673893316612494075e-01 1.931759500034227472e-02
9.671218733999071837e-01 2.042729292056330928e-02
9.668640719132353123e-01 2.152622250859778999e-02
9.668385531443770553e-01 2.163659812336699712e-02
9.665533934064080013e-01 2.288998332404492200e-02
9.663006653880874541e-01 2.403216230711030521e-02
9.662666444552868716e-01 2.418821567151065513e-02
9.659785603508127538e-01 2.553201582505438411e-02
9.656981039267447109e-01 2.687958979334574908e-02
9.656893990711770126e-01 2.692205166099216618e-02
9.653994224983947214e-01 2.835893186879231281e-02
9.651088962744847066e-01 2.984319947303583007e-02
9.650559483128332561e-01 3.011864905874302167e-02
9.648180895395045420e-01 3.137532532296344323e-02
9.645272745613253651e-01 3.295570159621646206e-02
9.643745442253940370e-01 3.380561652265620665e-02
9.642367262659731209e-01 3.458463536837677599e-02
9.639467216767461100e-01 3.626234230449624368e-02
9.636575392700111875e-01 3.798894053291775041e-02
9.636552777399236547e-01 3.800266017382417094e-02
9.633694582555082375e-01 3.976444476524875621e-02
9.630827577891007962e-01 4.158876072917975369e-02
9.629008634326409188e-01 4.277695838249241655e-02
9.627977161261735972e-01 4.346167998283181205e-02
9.625146097242314180e-01 4.538287518035474810e-02
9.622337123036610596e-01 4.735189585846093230e-02
9.621156478104531118e-01 4.819887259504281735e-02
9.619552938760455030e-01 4.936816481240340060e-02
9.616796197498345133e-01 5.143097512748005806e-02
9.614069495235333385e-01 5.353948792846258825e-02
9.613058960413742859e-01 5.433881145330087675e-02
9.611375360768720233e-01 5.569273090434792572e-02
9.608716245706052650e-01 5.788959765954792419e-02
9.606094514656683403e-01 6.012884793509277320e-02
9.604800113835531006e-01 6.126241265833962113e-02
9.603512435723615681e-01 6.240910873470918718e-02
9.600972171400251609e-01 6.472887638085365880e-02
9.598475769973121574e-01 6.708651951507134392e-02
9.596486171711836599e-01 6.902375455796708192e-02
9.596025157526480998e-01 6.948028304560401047e-02
9.593622130637994294e-01 7.190829303316642607e-02
9.591268349846500119e-01 7.436856249350734527e-02
9.588965333963305193e-01 7.685899808298600477e-02
9.588244170762083574e-01 7.765655769582571755e-02
9.586714455287671521e-01 7.937740762120984450e-02
9.584516935775277968e-01 8.192150839305679944e-02
9.582373844196150348e-01 8.448893616128379247e-02
9.580286094304358846e-01 8.707725481117017940e-02
9.580217509445333457e-01 8.716380681006405395e-02
9.578254444030133152e-01 8.968396653918450645e-02
9.576279495689515864e-01 9.230652249081554295e-02
9.574361697194863075e-01 9.494233374630516031e-02
9.572557932556082783e-01 9.750692399860108606e-02
9.572501344236221676e-01 9.758878254892573711e-02
9.570698583391799019e-01 1.002432336678933111e-01
9.568953416114827082e-01 1.029030457872902315e-01
9.567265703534393317e-01 1.055655828134361568e-01
9.565635171999414821e-01 1.082282249959593823e-01
9.565414080806333708e-01 1.085964452413051978e-01
9.564061419288151233e-01 1.108883797622480377e-01
9.562543921399995206e-01 1.135434921710197359e-01
9.561082039843384894e-01 1.161910548977242857e-01
9.559675029330042539e-01 1.188286176735547650e-01
9.558917743156759572e-01 1.202868167147357614e-01
9.558322045786843413e-01 1.214537961085074419e-01
9.557022154596237495e-01 1.240642798395474311e-01
9.555774338978907378e-01 1.266578399552827638e-01
9.554577508435665445e-01 1.292323356594070605e-01
9.553430507170092012e-01 1.317857201460162220e-01
9.553170023841753844e-01 1.323780120072780564e-01
9.552332122418887295e-01 1.343160456705325967e-01
9.551281092622906366e-01 1.368214678102927240e-01
9.550276115378755204e-01 1.393002489185012349e-01
9.549315855117654905e-01 1.417507607843861428e-01
9.548398950465727397e-01 1.441714865205485641e-01
9.548230324742393860e-01 1.446257812058378001e-01
9.547524021247094650e-01 1.465610217058869458e-01
9.546689675098460892e-01 1.489180748188392855e-01
9.545894513670885040e-01 1.512414670010968354e-01
9.545137138401152965e-01 1.535301311963427895e-01
9.544416155841487504e-01 1.557831107119836134e-01
9.544110867270836351e-01 1.567604064180467549e-01
9.543730182542188301e-01 1.579995572543080040e-01
9.543077849487104913e-01 1.601787284890709706e-01
9.542457806086619421e-01 1.623199851802211158e-01
9.541868723737015889e-01 1.644227879594429842e-01
9.541309298958742247e-01 1.664866937784550138e-01
9.540778256129094359e-01 1.685113520946654453e-01
9.540778256129093249e-01 1.685113520946656951e-01
