# n_s, r predictions of a polynomial alpha attractor model with k=2 and N_\star=49.
9.596462208972923458e-01 1.448405033601328495e-01
9.596480880067136399e-01 1.445406572858464744e-01
9.596500403431619253e-01 1.442330963205838146e-01
9.596520824961365381e-01 1.439175685992407916e-01
9.596542193380939167e-01 1.435938126245251412e-01
9.596564560439546643e-01 1.432615568650855986e-01
9.596587981120838773e-01 1.429205193371098914e-01
9.596604512655004804e-01 1.426838188756038850e-01
9.596612513868643113e-01 1.425704071688934094e-01
9.596638220829939447e-01 1.422109161478976036e-01
9.596665168116474964e-01 1.418417302498412025e-01
9.596693426086547740e-01 1.414625211493939216e-01
9.596723069648640525e-01 1.410729477120863384e-01
9.596754178588691175e-01 1.406726554670922891e-01
9.596783758030340561e-01 1.402996974120500340e-01
9.596786837922977043e-01 1.402612760606037901e-01
9.596821138278742724e-01 1.398384266895881523e-01
9.596857176304874892e-01 1.394037095158044415e-01
9.596895055115166606e-01 1.389567110600601063e-01
9.596934884766865625e-01 1.384970015768127449e-01
9.596976782777525417e-01 1.380241344093611211e-01
9.597008155970426779e-01 1.376768466902297539e-01
9.597020874683315217e-01 1.375376453260460652e-01
9.597067294642360746e-01 1.370370518380718272e-01
9.597116186086860345e-01 1.365218524997913463e-01
9.597167702428106573e-01 1.359915261925625507e-01
9.597222007818906331e-01 1.354455313935854499e-01
9.597279277978225664e-01 1.348833054314840796e-01
9.597287203142842449e-01 1.348065509120365268e-01
9.597339701083298369e-01 1.343042637307957088e-01
9.597403478734916060e-01 1.337077990479894618e-01
9.597470827002022586e-01 1.330932807021628361e-01
9.597541977552268566e-01 1.324600538041559861e-01
9.597617178875730293e-01 1.318074384885030426e-01
9.597631684525469442e-01 1.316834283138286765e-01
9.597696697609504612e-01 1.311347291534026849e-01
9.597780819971564181e-01 1.304411937147600120e-01
9.597869853312849253e-01 1.297260728813181829e-01
9.597964127797221634e-01 1.289885794590050760e-01
9.598053596365615503e-01 1.283061812648167432e-01
9.598063998219652504e-01 1.282278976938451831e-01
9.598169845973697489e-01 1.274431826641641285e-01
9.598282081180071756e-01 1.266335597343562491e-01
9.598401144988870648e-01 1.257981240841968551e-01
9.598527512068765200e-01 1.249359403295826343e-01
9.598565968965938611e-01 1.246782818990571640e-01
9.598661693297255715e-01 1.240460422526939305e-01
9.598804238666749367e-01 1.231274326618969350e-01
9.598955740421964977e-01 1.221790834042620760e-01
9.599116836444739898e-01 1.211999355563766340e-01
9.599182572963084192e-01 1.208085275040791384e-01
9.599288213902854583e-01 1.201888998221882776e-01
9.599470613179863498e-01 1.191448571699315617e-01
9.599664832103079748e-01 1.180666597437751431e-01
9.599871730486917443e-01 1.169531320896678578e-01
9.599917501123004238e-01 1.167113973150470801e-01
9.600092235008322872e-01 1.158030727389633557e-01
9.600327344430441556e-01 1.146152561977243911e-01
9.600578135189385964e-01 1.133884353941406326e-01
9.600784630109345796e-01 1.124071483286866319e-01
9.600845767357262250e-01 1.121213446411751802e-01
9.601131490992127482e-01 1.108127031763286585e-01
9.601436652882274769e-01 1.094612193451865723e-01
9.601762703687920508e-01 1.080655955000863894e-01
9.601796982248012036e-01 1.079216035717693173e-01
9.602111205477863454e-01 1.066245336896603363e-01
9.602483839651830833e-01 1.051367422189985190e-01
9.602882415230665769e-01 1.036009431635211975e-01
9.602966024015094915e-01 1.032856115415267534e-01
9.603308877486138595e-01 1.020158809220695073e-01
9.603765316869562474e-01 1.003803318959182039e-01
9.604253978183459051e-01 9.869311537998799733e-02
9.604300952946168701e-01 9.853418778904442232e-02
9.604777269922694094e-01 9.695310575006901854e-02
9.605337773690776348e-01 9.515924602484590600e-02
9.605808034684459873e-01 9.370538438625057587e-02
9.605938253572837704e-01 9.331056287338396205e-02
9.606581665319114949e-01 9.140618312687343039e-02
9.607271165161209714e-01 8.944535183715014715e-02
9.607490054181765382e-01 8.883896463634907703e-02
9.608010118047869419e-01 8.742745190312405101e-02
9.608802105047609121e-01 8.535202525900155435e-02
9.609345938147316746e-01 8.397498322876406629e-02
9.609650929621978976e-01 8.321879558440342661e-02
9.610560622426308486e-01 8.102769245549652777e-02
9.611370590078487375e-01 7.915238191245367594e-02
9.611535444244927451e-01 7.877887680737974407e-02
9.612579886613873414e-01 7.647276752153946144e-02
9.613554956924830197e-01 7.440770600478677221e-02
9.613698669632628757e-01 7.411006888639586065e-02
9.614896736409344058e-01 7.169179860678853711e-02
9.615886321406422743e-01 6.977402894276857337e-02
9.616179243533348187e-01 6.921931595741470655e-02
9.617551546918096106e-01 6.669434958929652824e-02
9.618348790529284154e-01 6.528014441590807015e-02
9.619019182313058858e-01 6.411902440805879178e-02
9.620587839744424441e-01 6.149588685127065080e-02
9.620923932676157531e-01 6.095005364777476148e-02
9.622263331112791418e-01 5.882792780278382067e-02
9.623591505200125296e-01 5.680274448533589871e-02
9.624051550150689582e-01 5.611860229928616189e-02
9.625958423920378815e-01 5.337184511332467018e-02
9.626330212362654848e-01 5.285223342967230314e-02
9.627989855005903985e-01 5.059208124363394343e-02
9.629118438774129096e-01 4.910782416631215286e-02
9.630151653508797205e-01 4.778423031384142206e-02
9.631934914138358117e-01 4.557452721439252119e-02
9.632449457870723153e-01 4.495370388044435395e-02
9.634759278543759686e-01 4.225358414672192309e-02
9.634888643379829753e-01 4.210639468538781433e-02
9.637474216909632796e-01 3.924865696059614412e-02
9.637572531397051723e-01 3.914304460333495328e-02
9.640210695895266024e-01 3.638727700074999988e-02
9.640357359521380953e-01 3.623835283674478602e-02
9.643098349812690984e-01 3.353291072456228428e-02
9.643101968630937160e-01 3.352943335941883235e-02
9.645782098728561404e-01 3.101859442539695380e-02
9.646151131461752071e-01 3.068264617608830458e-02
9.648397234865241368e-01 2.868621103436026429e-02
9.649360296054123598e-01 2.785471527390566762e-02
9.650934372400548078e-01 2.652588912080694125e-02
9.652730356260087463e-01 2.505364672389226444e-02
9.653386012839633157e-01 2.452740271574254186e-02
9.655746410911928423e-01 2.268043225040390978e-02
9.656260698698049261e-01 2.228756745322310259e-02
9.658011418177802065e-01 2.097476837999915147e-02
9.659948833687641567e-01 1.956462703188471472e-02
9.660178315349243761e-01 1.940046587116921531e-02
9.662245641817985842e-01 1.794795510401423280e-02
9.663789913726812397e-01 1.689288478391182124e-02
9.664213028617554269e-01 1.660811851883469553e-02
9.666081039126046548e-01 1.537233875198424499e-02
9.667776096618206916e-01 1.428017857513036622e-02
9.667851020275007867e-01 1.423252442745996833e-02
9.669524965857769772e-01 1.318111872347758548e-02
9.671105392670293899e-01 1.221109499848314038e-02
9.671895702455477473e-01 1.173396887432715321e-02
9.672595229623658364e-01 1.131594298678796802e-02
9.673997719565577968e-01 1.048964838656189953e-02
9.675316333290303605e-01 9.726668070952676839e-03
9.676132106836399238e-01 9.261148342164331887e-03
9.676554695052936861e-01 9.021902655668280133e-03
9.677716518803862744e-01 8.370667746231765655e-03
9.678805554298979263e-01 7.768664855247944291e-03
9.679825542208403411e-01 7.211952713464514671e-03
9.680462263563899272e-01 6.867804874273661202e-03
9.680780177335643888e-01 6.696919487454128239e-03
9.681673079062137477e-01 6.220256251922567405e-03
9.682507768156609629e-01 5.778931937170482883e-03
9.683287649119751705e-01 5.370169875398039805e-03
9.684015997286572475e-01 4.991425996789759095e-03
9.684695949961139583e-01 4.640368673225594813e-03
9.684854348414991820e-01 4.558927061674949814e-03
9.685330500925506403e-01 4.314860169423615117e-03
9.685922497730475866e-01 4.012939635357502810e-03
9.686474641243719708e-01 3.732807556986129406e-03
9.686989487001668175e-01 3.472811572445866444e-03
9.687469447967455016e-01 3.231433556411042810e-03
9.687916798366386084e-01 3.007277874360876711e-03
9.688333678316133346e-01 2.799060710572476643e-03
9.688722099020812273e-01 2.605600377364610497e-03
9.689083948338937935e-01 2.425808518108914496e-03
9.689260883321243467e-01 2.338035795635661114e-03
9.689420996571878053e-01 2.258682122195257522e-03
9.689734902350179979e-01 2.103296276136211278e-03
9.690027218521617414e-01 1.958797581067868269e-03
9.690299397966403161e-01 1.824398172855475238e-03
9.690552799283184138e-01 1.699370286725353490e-03
9.690788692304226348e-01 1.583041313736766476e-03
9.691008263409999213e-01 1.474789301435937847e-03
9.691212620623583796e-01 1.374038855674914556e-03
9.691402798471314695e-01 1.280257404846338667e-03
9.691579762605313508e-01 1.192951791637247546e-03
9.691744414184055856e-01 1.111665160955016204e-03
9.691897594015117523e-01 1.035974115820755166e-03
9.692040086461101156e-01 9.654861159238925473e-04
9.692172623120915986e-01 8.998370960500248240e-04
9.692295886288495588e-01 8.386892839633700632e-04
9.692410512201860007e-01 7.817291993363388808e-04
9.692517094090200569e-01 7.286658171991515325e-04
9.692616185029658826e-01 6.792288810228315488e-04
9.692708300617277617e-01 6.331673520324950779e-04
9.692793921473297214e-01 5.902479826670722950e-04
9.692873495581484367e-01 5.502540032852992454e-04
9.692947440476821219e-01 5.129839122735649088e-04
9.693016145289830021e-01 4.782503606588935888e-04
9.693079972656180043e-01 4.458791231754421678e-04
9.693139260500300836e-01 4.157081484919972745e-04
9.693194323700388138e-01 3.875866819904792118e-04
9.693245455642915953e-01 3.613744550922913523e-04
9.693292929672960856e-01 3.369409356811887621e-04
9.693337000449250285e-01 3.141646346588891051e-04
9.693377905205334821e-01 2.929324641253319510e-04
9.693415864930251535e-01 2.731391430542028033e-04
9.693451085467271744e-01 2.546866467182996342e-04
9.693483758539626072e-01 2.374836964291975440e-04
9.693514062706979351e-01 2.214452864544248691e-04
9.693542164259646432e-01 2.064922452389079445e-04
9.693542164259666416e-01 2.064922452389712077e-04
