# n_s, r predictions of a polynomial alpha attractor model with k=2 and N_\star=58.
9.741168857047322049e-01 1.282220292680734722e-04
9.741168857047285412e-01 1.282220292680402956e-04
9.741150658987062227e-01 1.378130444092505859e-04
9.741130986782434720e-01 1.481227301225903053e-04
9.741109725325735047e-01 1.592051373780531789e-04
9.741086750718657150e-01 1.711184136755343629e-04
9.741061929613846759e-01 1.839251184006708984e-04
9.741035118500259715e-01 1.976925632146407685e-04
9.741006162940842872e-01 2.124931795664621633e-04
9.740974896750499434e-01 2.284049156272477453e-04
9.740941141114562996e-01 2.455116651459691881e-04
9.740904703637519590e-01 2.639037309748186629e-04
9.740865377327445618e-01 2.836783262478050744e-04
9.740822939500997091e-01 3.049401165138204738e-04
9.740777150603909806e-01 3.278018064305835669e-04
9.740727752950445462e-01 3.523847749631129614e-04
9.740674469365624422e-01 3.788197634565025184e-04
9.740617001727410740e-01 4.072476213666259169e-04
9.740555029402011566e-01 4.378201149285897631e-04
9.740488207562990608e-01 4.707008045867344258e-04
9.740416165388416925e-01 5.060659976136619139e-04
9.740338504124802510e-01 5.441057830305916698e-04
9.740254795012665001e-01 5.850251566894784259e-04
9.740164577057986994e-01 6.290452452510056532e-04
9.740067354648778153e-01 6.764046387026595789e-04
9.739962594998476941e-01 7.273608421797409049e-04
9.739849725410729686e-01 7.821918590091416022e-04
9.739728130353501045e-01 8.411979182621549160e-04
9.739597148332969079e-01 9.047033616007580997e-04
9.739456068556954227e-01 9.730587058995473181e-04
9.739304127378383136e-01 1.046642900025629083e-03
9.739140504511091256e-01 1.125865796285137853e-03
9.738964319010483539e-01 1.211170859436092300e-03
9.738774625014747777e-01 1.303038138836541725e-03
9.738570407244477867e-01 1.401987532280481999e-03
9.738350576262888580e-01 1.508582373397603701e-03
9.738113963503522985e-01 1.623433378187990987e-03
9.737859316079063854e-01 1.747202990347093829e-03
9.737791948990043300e-01 1.779978083065591717e-03
9.737585291393251463e-01 1.880610169538092773e-03
9.737290451588108686e-01 2.024435671692605826e-03
9.736973257872310050e-01 2.179527875764556474e-03
9.736632064792033470e-01 2.346809217111417434e-03
9.736265114526074793e-01 2.527283293764609820e-03
9.735870531310074627e-01 2.722042718214192150e-03
9.735446316123812505e-01 2.932277793798296686e-03
9.734990341808711367e-01 3.159286101171757035e-03
9.734500348820979143e-01 3.404483086332824385e-03
9.734317016955128521e-01 3.496569436274927795e-03
9.733973941873094171e-01 3.669413746814668975e-03
9.733408587761226416e-01 3.955765516547493123e-03
9.732801614737863760e-01 4.265382451456448468e-03
9.732150213844602549e-01 4.600280816493569798e-03
9.731451442683125563e-01 4.962666168990477987e-03
9.730850083501142445e-01 5.277223579968945422e-03
9.730702232169236021e-01 5.354952021344635757e-03
9.729899396875948403e-01 5.779780146255477334e-03
9.729039649633790532e-01 6.240042557222449937e-03
9.728119621111740445e-01 6.738905152729840822e-03
9.727425532165955291e-01 7.119739523946304674e-03
9.727135885151175776e-01 7.279832950407603281e-03
9.726084990666450381e-01 7.866616752500454196e-03
9.724963500958668794e-01 8.503400970068544090e-03
9.724066367341341888e-01 9.020956888361577122e-03
9.723768041315955513e-01 9.194712182870936126e-03
9.722495355790766736e-01 9.945487815892837050e-03
9.721142374055902202e-01 1.076110406101705476e-02
9.720789320947373913e-01 1.097699429697152063e-02
9.719706289229732565e-01 1.164740185168138334e-02
9.718184647524745756e-01 1.261070929594992028e-02
9.717606585625112592e-01 1.298343578232612552e-02
9.716575450472154651e-01 1.365785847722676694e-02
9.714877270279966837e-01 1.479619393108252794e-02
9.714526890065434683e-01 1.503547763435134944e-02
9.713089378533221740e-01 1.603356939693019109e-02
9.711556295752103996e-01 1.712804404660757049e-02
9.711211887881459059e-01 1.737832862992041635e-02
9.709245905507080110e-01 1.883926516364540019e-02
9.708698796302718259e-01 1.925588034867735041e-02
9.707193695964554392e-01 2.042555498470956243e-02
9.705956763500778184e-01 2.141363087225662751e-02
9.705058849367830254e-01 2.214665519807187954e-02
9.703331278504161439e-01 2.359590611824480960e-02
9.702846448863878814e-01 2.401216105505869780e-02
9.700822380584438465e-01 2.579734192558844411e-02
9.700563228891642131e-01 2.603161336943939086e-02
9.698429258149204868e-01 2.801265203080750832e-02
9.698217712996966000e-01 2.821424861041450793e-02
9.696150399726346514e-01 3.023667464367285271e-02
9.695820317159751234e-01 3.056868514873978607e-02
9.693983716983028964e-01 3.246441327577907765e-02
9.693383402040220975e-01 3.310254160247601968e-02
9.691926647786186511e-01 3.469107190089185111e-02
9.690921255730533534e-01 3.582198735103827442e-02
9.689976244515355885e-01 3.691208449977580186e-02
9.688449988148853942e-01 3.873123135580524429e-02
9.688129250985832996e-01 3.912313908406683111e-02
9.686382170140246384e-01 4.132019636621598463e-02
9.685987319819902019e-01 4.183196356391039733e-02
9.684731323911065504e-01 4.349950332212415560e-02
9.683552252152785034e-01 4.512277316936069010e-02
9.683172906191944707e-01 4.565760196712796704e-02
9.681703029579589170e-01 4.779133372742278008e-02
9.681164613947855768e-01 4.859857917183892789e-02
9.680317766390776901e-01 4.989783983463748351e-02
9.679013184374977152e-01 5.197455820042649888e-02
9.678844489831005538e-01 5.225011970695216112e-02
9.677785377503138609e-01 5.401921724102129452e-02
9.676630492194566724e-01 5.602982712116467284e-02
9.676611550064557754e-01 5.606355558543837936e-02
9.675544749340038164e-01 5.800466887351268808e-02
9.674524462476329356e-01 5.994228182728281173e-02
9.674484316331795064e-01 6.002024795140040170e-02
9.673566052465594201e-01 6.184144974987718091e-02
9.672666059028072194e-01 6.370118607017291601e-02
9.672479412407568589e-01 6.409676743515145547e-02
9.671821149467789702e-01 6.552071851398147406e-02
9.671028124918586988e-01 6.729947344256780040e-02
9.670610859289671124e-01 6.826518064957959320e-02
9.670283924421722022e-01 6.903706014551901082e-02
9.669585627127683658e-01 7.073325530078543311e-02
9.668930452894001215e-01 7.238798777825047881e-02
9.668889478493108980e-01 7.249363866830388359e-02
9.668315761528760710e-01 7.400132392932894099e-02
9.667739050906837273e-01 7.557345347423841120e-02
9.667322462635427049e-01 7.674726250239344294e-02
9.667197954163125884e-01 7.710467607095354559e-02
9.666690236144817039e-01 7.859538862550689842e-02
9.666213789283386593e-01 8.004607338218543144e-02
9.665913158494402468e-01 8.098928609462437145e-02
9.665766629026806278e-01 8.145728681416677941e-02
9.665346888953630922e-01 8.282964932003736291e-02
9.664952815673306663e-01 8.416383571920424411e-02
9.664661085749416403e-01 8.518238343107002730e-02
9.664582763601269333e-01 8.546056652919689633e-02
9.664235189683189065e-01 8.672059999998077418e-02
9.663908648130024037e-01 8.794472487441871988e-02
9.663601785214364082e-01 8.913375383964415588e-02
9.663562187977948748e-01 8.929007935472571544e-02
9.663313334168632807e-01 9.028851763113521223e-02
9.663042110217253677e-01 9.140985974945914361e-02
9.662787005767421444e-01 9.249863174880548766e-02
9.662609285865140230e-01 9.327812919808281533e-02
9.662546985776846453e-01 9.355568905635879007e-02
9.662321083311466996e-01 9.458188728212194030e-02
9.662108395301663988e-01 9.557807897983364165e-02
9.661908078501612041e-01 9.654511082110452114e-02
9.661792680873825256e-01 9.711575380860719420e-02
9.661719345653589919e-01 9.748382114648453112e-02
9.661541461856241186e-01 9.839503785917240453e-02
9.661373741133976178e-01 9.927957662900704916e-02
9.661215543203024447e-01 1.001382393764697620e-01
9.661100844585859271e-01 1.007766339893458457e-01
9.661066270428441127e-01 1.009718130085084514e-01
9.660925364965435858e-01 1.017810683800557947e-01
9.660792306077738978e-01 1.025667594571287033e-01
9.660666607625256752e-01 1.033296226593455602e-01
9.660547815713015352e-01 1.040703763615609678e-01
9.660521126271086612e-01 1.042395984788461738e-01
9.660435506493253444e-01 1.047897205360868306e-01
9.660329284112495474e-01 1.054883365186370936e-01
9.660228778795585391e-01 1.061668868826988049e-01
9.660133645058720520e-01 1.068260154084886421e-01
9.660043560043850563e-01 1.074663471340057408e-01
9.660040418319398858e-01 1.074889765243881440e-01
9.659958221966969960e-01 1.080884884769468118e-01
9.659877348673185926e-01 1.086930274173936034e-01
9.659800676291717680e-01 1.092805337322478032e-01
9.659727957984319824e-01 1.098515592733429747e-01
9.659658962780961478e-01 1.104066382820572817e-01
9.659645733399113698e-01 1.105146231337611612e-01
9.659593474496891430e-01 1.109462877340408049e-01
9.659531290725585917e-01 1.114710077084055256e-01
9.659472221902386524e-01 1.119812817763804202e-01
9.659416090433913249e-01 1.124775774050321003e-01
9.659362729888708587e-01 1.129603463721818718e-01
9.659324664978774511e-01 1.133116562839830421e-01
9.659311984244796090e-01 1.134300251891384448e-01
9.659263707190151038e-01 1.138870355282936980e-01
9.659217761472340680e-01 1.143317846530175069e-01
9.659174018293823494e-01 1.147646658476356579e-01
9.659132356749672299e-01 1.151860588455828754e-01
9.659092663304658100e-01 1.155963302540982951e-01
9.659065720584357750e-01 1.158799668093833390e-01
9.659054831306914668e-01 1.159958339740782413e-01
9.659018760535520443e-01 1.163849116139154954e-01
9.658984356779568570e-01 1.167638928963486145e-01
9.658951531446497984e-01 1.171330960575155261e-01
9.658920201197520594e-01 1.174928282375541505e-01
9.658890287608247194e-01 1.178433858622256608e-01
9.658861716852679136e-01 1.181850550151521961e-01
9.658858532103282712e-01 1.182235719939685181e-01
9.658834419408892646e-01 1.185181118003608008e-01
9.658808329784859259e-01 1.188428226949155286e-01
9.658783386262965731e-01 1.191594448914935211e-01
9.658759530661863435e-01 1.194682266308405988e-01
9.658736708114489256e-01 1.197694075240612333e-01
9.658714866860964587e-01 1.200632188648244753e-01
9.658693958055664108e-01 1.203498839314263713e-01
9.658693958055664108e-01 1.203498839314263713e-01
