# n_s, r predictions of a polynomial alpha attractor model with k=2 and N_\star=40.
9.624671727019493694e-01 2.239002914383422848e-04
9.624671727019493694e-01 2.239002914383422848e-04
9.624641996095839591e-01 2.406512504622491499e-04
9.624609803390975493e-01 2.586579586731915857e-04
9.624574954577532759e-01 2.780149580951092017e-04
9.624537240422781359e-01 2.988239721774715364e-04
9.624496435658659310e-01 3.211944612167646107e-04
9.624452297780764498e-01 3.452442222417482012e-04
9.624404565748629903e-01 3.711000371768553656e-04
9.624352958592724550e-01 3.988983734157773727e-04
9.624297173917154558e-01 4.287861413501344618e-04
9.624236886291624993e-01 4.609215138266841501e-04
9.624171745524086052e-01 4.954748129930204321e-04
9.624101374804602260e-01 5.326294705306498832e-04
9.624025368712967321e-01 5.725830678626568897e-04
9.623943291078352891e-01 6.155484635989768574e-04
9.623854672681741995e-01 6.617550162120778862e-04
9.623759008789105618e-01 7.114499107672223391e-04
9.623655756504361225e-01 7.648995994517162212e-04
9.623544331928645112e-01 8.223913666750414658e-04
9.623424107113307535e-01 8.842350306681592354e-04
9.623294406793166944e-01 9.507647947969333387e-04
9.623154504884064986e-01 1.022341263255001744e-03
9.623003620732402119e-01 1.099353637414204280e-03
9.622840915098513914e-01 1.182222110944171085e-03
9.622665485861526813e-01 1.271400483832988652e-03
9.622476363426643031e-01 1.367379017759830662e-03
9.622272505822622168e-01 1.470687557817590765e-03
9.622052793473900856e-01 1.581898948484007032e-03
9.621816023633543713e-01 1.701632774979190427e-03
9.621560904466510689e-01 1.830559464771669984e-03
9.621286048773970423e-01 1.969404788060422160e-03
9.620989967354246497e-01 2.118954800598922376e-03
9.620671062000480944e-01 2.280061277287994109e-03
9.620327618142362480e-01 2.453647690586134491e-03
9.619957797148248613e-01 2.640715794012213694e-03
9.619559628315507149e-01 2.842352877871914731e-03
9.619131000591808478e-01 3.059739771844012437e-03
9.619017590641955051e-01 3.117321259168247347e-03
9.618669654088807253e-01 3.294159677215016766e-03
9.618173171473012317e-01 3.547007920301323454e-03
9.617638969347510614e-01 3.819802727886594060e-03
9.617064289773762376e-01 4.114197135153953994e-03
9.616446192125445158e-01 4.431992146411864453e-03
9.615781545518674589e-01 4.775151278499095361e-03
9.615067022123171547e-01 5.145816625675472475e-03
9.614299091733060632e-01 5.546326592240915024e-03
9.613474018056191728e-01 5.979235444277141397e-03
9.613165364923305090e-01 6.141899924167296652e-03
9.612587857279388803e-01 6.447334833240679457e-03
9.611636459570129798e-01 6.953677440184294518e-03
9.610615474292403260e-01 7.501602877721441111e-03
9.609520359837545600e-01 8.094765964721669163e-03
9.608346399097434931e-01 8.737167452501285250e-03
9.607336825923081802e-01 9.295227386013769216e-03
9.607088721734353687e-01 9.433187226401148692e-03
9.605742334518810877e-01 1.018761992763598037e-02
9.604302161110815916e-01 1.100571283022962719e-02
9.602763092738306749e-01 1.189320565860124169e-02
9.601603528974405055e-01 1.257122727208352664e-02
9.601120051277065581e-01 1.285637183280767884e-02
9.599368066237893293e-01 1.390206036940446616e-02
9.597502367133790013e-01 1.503773733175860217e-02
9.596013075018189342e-01 1.596134861429461191e-02
9.595518492593756443e-01 1.627152530021439003e-02
9.593412417433051509e-01 1.761223880124071842e-02
9.591180698630940027e-01 1.906941297982513855e-02
9.590599634803834705e-01 1.945520143350796052e-02
9.588820640812409923e-01 2.065332200325463788e-02
9.586330481308948936e-01 2.237498273768536577e-02
9.585387467502449743e-01 2.304107787635290699e-02
9.583709594139644405e-01 2.424613814033443546e-02
9.580958711218587887e-01 2.627921357835467236e-02
9.580393127956648991e-01 2.670638182446900474e-02
9.578080157661003069e-01 2.848723796841148154e-02
9.575627144162202065e-01 3.043798105746240920e-02
9.575078096133358141e-01 3.088372031983608462e-02
9.571958772693043294e-01 3.348247111034683560e-02
9.571095319168582138e-01 3.422249894038402462e-02
9.568730753471018646e-01 3.629735715417911623e-02
9.566799735925674009e-01 3.804655975374119509e-02
9.565405137936079383e-01 3.934197855623773610e-02
9.562739534934785457e-01 4.189699699732199467e-02
9.561995730551265948e-01 4.262925739612912629e-02
9.558911524417345040e-01 4.576103002890783561e-02
9.558519148780927344e-01 4.617093044909748728e-02
9.555310668891732195e-01 4.962641192672580942e-02
9.554994842233287544e-01 4.997694306406848946e-02
9.551930488843576317e-01 5.348155025453898287e-02
9.551444996043563229e-01 5.405474877596856687e-02
9.548763393711438008e-01 5.731560202493025252e-02
9.547894292412216766e-01 5.840852964155597571e-02
9.545800962941207723e-01 6.111854423024266209e-02
9.544369508548972147e-01 6.303836559631174896e-02
9.543034184888120608e-01 6.488122158428286101e-02
9.540898938039689137e-01 6.793939667460034693e-02
9.540453660187704354e-01 6.859537343476018734e-02
9.538049774295755956e-01 7.225364207790936633e-02
9.537511636292584916e-01 7.310103824802435812e-02
9.535812842770390318e-01 7.584956489087611720e-02
9.534236508892164341e-01 7.850632412127721282e-02
9.533733232228011056e-01 7.937755278088821920e-02
9.531801459544734234e-01 8.283285743696440495e-02
9.531101282946198294e-01 8.413146214893346686e-02
9.530008271664438535e-01 8.621152977341974000e-02
9.528344708234375293e-01 8.951037179264614840e-02
9.528131423160145497e-01 8.994568833428093213e-02
9.526802149173277945e-01 9.272688388654885816e-02
9.525372349161470575e-01 9.585920935943958998e-02
9.525349072649420545e-01 9.591149480220972912e-02
9.524047460915703311e-01 9.890607770623929818e-02
9.522820048975108032e-01 1.018667479301884754e-01
9.522772109156363296e-01 1.019852826294117693e-01
9.521683095573824085e-01 1.047409529457547367e-01
9.520630000022510808e-01 1.075288458898360916e-01
9.520413406633814191e-01 1.081184527390521843e-01
9.519654572863597286e-01 1.102309489639894530e-01
9.518751025911219577e-01 1.128481052537847334e-01
9.518280378025137933e-01 1.142589005652636241e-01
9.517913959138949442e-01 1.153814338195836287e-01
9.517138345239634090e-01 1.178322882255087162e-01
9.516419512553846438e-01 1.202022185687436212e-01
9.516374848099419248e-01 1.203528297303098210e-01
9.515753126947595897e-01 1.224929369876385787e-01
9.515135173116617828e-01 1.247062865620918587e-01
9.514693269000396025e-01 1.263467553723270909e-01
9.514561935703710338e-01 1.268442134709446834e-01
9.514029980536566899e-01 1.289087422362656388e-01
9.513536136225798634e-01 1.309019538611318478e-01
9.513227251823466180e-01 1.321895379054887076e-01
9.513077476305413782e-01 1.328259666537429662e-01
9.512651302049758284e-01 1.346829195245565491e-01
9.512255126061025523e-01 1.364749575429485828e-01
9.511964352207620266e-01 1.378342794817570272e-01
9.511886656688731678e-01 1.382042195442787502e-01
9.511543783315975498e-01 1.398728275860166848e-01
9.511224562526442439e-01 1.414828780616220194e-01
9.510927205149838359e-01 1.430364342924438092e-01
9.510889022992721209e-01 1.432399305990584570e-01
9.510650064168992834e-01 1.445355204311262742e-01
9.510391623465568323e-01 1.459821165218441741e-01
9.510150487371079597e-01 1.473781545769037582e-01
9.509983636365769710e-01 1.483724904637545028e-01
9.509925370987094562e-01 1.487255155412931518e-01
9.509715091234748341e-01 1.500260270292777254e-01
9.509518558592056081e-01 1.512814617287450980e-01
9.509334769476883720e-01 1.524935363799440335e-01
9.509229482170786785e-01 1.532057348193953672e-01
9.509162799233650265e-01 1.536639112453727363e-01
9.509001795682247016e-01 1.547941899970972923e-01
9.508850973190295930e-01 1.558859199558237929e-01
9.508709607228607030e-01 1.569405926249139716e-01
9.508607665578081569e-01 1.577214595513837803e-01
9.508577029375390177e-01 1.579596444681284628e-01
9.508452622733325477e-01 1.589444578875074676e-01
9.508335817727533446e-01 1.598963623627777386e-01
9.508226088253947106e-01 1.608166357189791673e-01
9.508122948149684284e-01 1.617065054934979373e-01
9.508099851360686250e-01 1.619092781080459786e-01
9.508025947959054536e-01 1.625671503776948412e-01
9.507934671970693641e-01 1.633997017118667128e-01
9.507848735503239279e-01 1.642052450153967669e-01
9.507767782418633518e-01 1.649848215366964133e-01
9.507691482843835251e-01 1.657394298099432173e-01
9.507688828250308033e-01 1.657660485237419656e-01
9.507619531083245645e-01 1.664700272077247745e-01
9.507551643705596245e-01 1.671775314805267476e-01
9.507487557790419430e-01 1.678628222755953470e-01
9.507427029320412171e-01 1.685267426290859294e-01
9.507369831707230823e-01 1.691701004265993569e-01
9.507358890617533254e-01 1.692950279347093245e-01
9.507315754439246147e-01 1.697936698282369317e-01
9.507264601840819118e-01 1.703981926551816906e-01
9.507216191933544058e-01 1.709843797355756201e-01
9.507170355390707206e-01 1.715529122080969859e-01
9.507126934577019295e-01 1.721044427821935008e-01
9.507096052999792768e-01 1.725048588451678910e-01
9.507085782666322427e-01 1.726395969543827180e-01
9.507046762830639874e-01 1.731589741804221705e-01
9.507009747494498120e-01 1.736631490034701575e-01
9.506974617648989989e-01 1.741526721386280618e-01
9.506941262220546252e-01 1.746280715144705453e-01
9.506909577489779384e-01 1.750898532723521583e-01
9.506888124568787513e-01 1.754084846737384851e-01
9.506879466556218405e-01 1.755385027244170393e-01
9.506850838845076757e-01 1.759744852713507335e-01
9.506823609652577112e-01 1.763982472810008695e-01
9.506797699726587947e-01 1.768102169290520775e-01
9.506773034879711926e-01 1.772108050029913284e-01
9.506749545632086074e-01 1.776004056706216028e-01
9.506727166881525637e-01 1.779793972144013137e-01
9.506724675785429568e-01 1.780220764369484787e-01
9.506705837598716791e-01 1.783481427328907076e-01
9.506685500545483114e-01 1.787069908105779481e-01
9.506666102014207365e-01 1.790562761573471773e-01
9.506647591586740997e-01 1.793963202188320061e-01
9.506629921911229353e-01 1.797274317588719861e-01
9.506613048495421436e-01 1.800499074152587808e-01
9.506596929515167549e-01 1.803640322299366328e-01
9.506596929515167549e-01 1.803640322299366328e-01
