# n_s, r predictions of a polynomial alpha attractor model with k=4 and N_\star=60.
9.722179641787681570e-01 3.236702558236741168e-05
9.722179641787350723e-01 3.236702558240070346e-05
9.722172965194160188e-01 3.495314804360541921e-05
9.722165608639525836e-01 3.774608460093483320e-05
9.722157511536020369e-01 4.076240627409271039e-05
9.722148608195773090e-01 4.402001733133031555e-05
9.722138827417476925e-01 4.753826349169184212e-05
9.722128092028881063e-01 5.133804906685129893e-05
9.722116318394453671e-01 5.544196380715135051e-05
9.722103415885993138e-01 5.987442028459511351e-05
9.722089286305309885e-01 6.466180272640098515e-05
9.722073823258416958e-01 6.983262829428891517e-05
9.722056911480604358e-01 7.541772189907293585e-05
9.722038426101909936e-01 8.145040574373749176e-05
9.722018231850905190e-01 8.796670490256930299e-05
9.721996182190982827e-01 9.500557037117809283e-05
9.721972118384201167e-01 1.026091211628414851e-04
9.721945868473069741e-01 1.108229071839029534e-04
9.721917246174590632e-01 1.196961947962607738e-04
9.721886049680026343e-01 1.292822771679802039e-04
9.721852060345920199e-01 1.396388117378690949e-04
9.721815041274637359e-01 1.508281873545605088e-04
9.721774735764020514e-01 1.629179239362924360e-04
9.721730865624196305e-01 1.759811077980049461e-04
9.721683129332606699e-01 1.900968661552928382e-04
9.721631200033389320e-01 2.053508846824480714e-04
9.721623070370111197e-01 2.077302498598250144e-04
9.721574723344406088e-01 2.218359724833453772e-04
9.721513314960924523e-01 2.396526793175964801e-04
9.721446558039286145e-01 2.589099705018492242e-04
9.721374000328006915e-01 2.797259655809904719e-04
9.721295151025821646e-01 3.022287476000763348e-04
9.721209477334505911e-01 3.265572506798426040e-04
9.721116400672979996e-01 3.528622345889041939e-04
9.721015292517151130e-01 3.813073561434609138e-04
9.720905469816805144e-01 4.120703486016582856e-04
9.720801660048337123e-01 4.410363010877850856e-04
9.720786189951370337e-01 4.453443217154726456e-04
9.720656645160780096e-01 4.813391969198696865e-04
9.720515956395884283e-01 5.202832941684623408e-04
9.720363166517963505e-01 5.624250893561626293e-04
9.720197232767865403e-01 6.080351640870548585e-04
9.720017018420948895e-01 6.574083728410954047e-04
9.719821283522704913e-01 7.108662565142127507e-04
9.719806838929707649e-01 7.148049648106852109e-04
9.719608674596291742e-01 7.687597358739044987e-04
9.719377713200394453e-01 8.314721238759123327e-04
9.719126783189546703e-01 8.994225022642845071e-04
9.718854116527996245e-01 9.730695154258353846e-04
9.718671170154135064e-01 1.022385135301389020e-03
9.718557777481372506e-01 1.052915643565743419e-03
9.718235645001913614e-01 1.139512028004298827e-03
9.717885393103405933e-01 1.233463934238117387e-03
9.717504469014808244e-01 1.335436953655094955e-03
9.717411100239954358e-01 1.360402558380959014e-03
9.717090068895813948e-01 1.446164062979665753e-03
9.716639110901019727e-01 1.566453682141599919e-03
9.716148205402584948e-01 1.697198896885816939e-03
9.716036192893083845e-01 1.727006874101695002e-03
9.715613622219574363e-01 1.839388042779238879e-03
9.715031254778043746e-01 1.994116882908734175e-03
9.714552545429302466e-01 2.121209311398818392e-03
9.714396581240098971e-01 2.162602653245083040e-03
9.713704622810485079e-01 2.346200297924294284e-03
9.712964419101318692e-01 2.542569168870260389e-03
9.712949899666034614e-01 2.546421272078486578e-03
9.712126385268865514e-01 2.764955352577158371e-03
9.711275153987476427e-01 2.991022108921273775e-03
9.711227460204493456e-01 3.003695967454406320e-03
9.710245867141631404e-01 3.264769632567477396e-03
9.709487735499876537e-01 3.466775033954360655e-03
9.709173668937159940e-01 3.550570170518655040e-03
9.708002212273464382e-01 3.863798482943307626e-03
9.707605155043448342e-01 3.970235605191679666e-03
9.706722099307460994e-01 4.207508758419736296e-03
9.705630624182600696e-01 4.501961608091300041e-03
9.705323169482236167e-01 4.585162132805638280e-03
9.703794492688829765e-01 5.000688992391691054e-03
9.703567671718789089e-01 5.062623059752187175e-03
9.702124373302608573e-01 5.458561343671812158e-03
9.701420146571513303e-01 5.652973587274311151e-03
9.700300362392836329e-01 5.963876991028222059e-03
9.699192152243556464e-01 6.273829218388589195e-03
9.698309273128737917e-01 6.522457683798055239e-03
9.696887942208761713e-01 6.926053273527451280e-03
9.696137192941097771e-01 7.140963919132240975e-03
9.694511804858320092e-01 7.610546111628886841e-03
9.693769486349576026e-01 7.827029691907698775e-03
9.692067960708600216e-01 8.328238439170137716e-03
9.691190785249095274e-01 8.589421114406666294e-03
9.689560485478112550e-01 9.080086942124105526e-03
9.688384968841549094e-01 9.438223415566212443e-03
9.686993263511701757e-01 9.867071185784828322e-03
9.685335142389637220e-01 1.038506130089401902e-02
9.684369969212315299e-01 1.069019099500755597e-02
9.682023631113482187e-01 1.144335794500849629e-02
9.681694070432230737e-01 1.155046380174384012e-02
9.678968846755887645e-01 1.244892167290366849e-02
9.678432011574138460e-01 1.262863792400447695e-02
9.676197416284965103e-01 1.338660788985326054e-02
9.674541207319705682e-01 1.395887904270440988e-02
9.673382765975642172e-01 1.436457304576392244e-02
9.670527782120674765e-01 1.538387067529964347e-02
9.670331678871797454e-01 1.545491702195287732e-02
9.667635278887262151e-01 1.644555244972897845e-02
9.665783741308533461e-01 1.714090494972382236e-02
9.664708023797730085e-01 1.755066297384923896e-02
9.661748759699158029e-01 1.870023421755085194e-02
9.660878046692078502e-01 1.904482558569855002e-02
9.658760223168580961e-01 1.989527961012694038e-02
9.655745159522658438e-01 2.113678782155220537e-02
9.655596273714004418e-01 2.119904804755706404e-02
9.652706334703125002e-01 2.242571625319738846e-02
9.649922072593183353e-01 2.364090971740879718e-02
9.649646544341279331e-01 2.376298426072324943e-02
9.646568620297040209e-01 2.514946613404989151e-02
9.643842317746053050e-01 2.641328756276291670e-02
9.643475434941771729e-01 2.658598386292543650e-02
9.640369903420465958e-01 2.807329972142116187e-02
9.637348721010217112e-01 2.956509820900877702e-02
9.637254984096481625e-01 2.961210871016268023e-02
9.634133677352086922e-01 3.120303090123140166e-02
9.631009022893634031e-01 3.284660373701895481e-02
9.630439849529157659e-01 3.315163053256684617e-02
9.627884095692740285e-01 3.454327434047033824e-02
9.624762000679359941e-01 3.629339190059241438e-02
9.623123568057171395e-01 3.723456611255448329e-02
9.621645866295533978e-01 3.809720020263970830e-02
9.618538837012021725e-01 3.995483037786399377e-02
9.615444064910161348e-01 4.186629395191986819e-02
9.615419876557604884e-01 4.188148104905743685e-02
9.612364700430078290e-01 4.383147627491800619e-02
9.609303882390726192e-01 4.585013041834764408e-02
9.607364030312383063e-01 4.716455088370634374e-02
9.606264727390453340e-01 4.792187162544947476e-02
9.603250318701914701e-01 5.004617240143512807e-02
9.600263694780091228e-01 5.222235832828118346e-02
9.599009702358146656e-01 5.315810990277277520e-02
9.597307837507154105e-01 5.444960468555404276e-02
9.594385660302131580e-01 5.672693395377824410e-02
9.591499996226676705e-01 5.905321427022395403e-02
9.590431774820317168e-01 5.993467119086489520e-02
9.588653586220232672e-01 6.142715889867849527e-02
9.585849067598347650e-01 6.384732676484175529e-02
9.583088962946619827e-01 6.631212409755996018e-02
9.581728141135805732e-01 6.755903672525639947e-02
9.580375669539504813e-01 6.881980720334170132e-02
9.577711449407998456e-01 7.136848638768802933e-02
9.575098420172989400e-01 7.395613102196095523e-02
9.573019709213902440e-01 7.608027900394197240e-02
9.572538546751773181e-01 7.658057573910097282e-02
9.570033634034190717e-01 7.923952772578674031e-02
9.567585320611937671e-01 8.193057506295199632e-02
9.565195073630363698e-01 8.465119605128706981e-02
9.564447700707928712e-01 8.552172735107042845e-02
9.562864184816313173e-01 8.739876944384687707e-02
9.560593767719889335e-01 9.017058549417771018e-02
9.558384756189320930e-01 9.296385771683098043e-02
9.556237904083403345e-01 9.577573524591673215e-02
9.556167465690267315e-01 9.586969029395826791e-02
9.554153786206593946e-01 9.860331566961670624e-02
9.552132800436816673e-01 1.014436582117398816e-01
9.550175170999882779e-01 1.042937971274310177e-01
9.548338500151150043e-01 1.070624564024189318e-01
9.548280952830096036e-01 1.071507551783134060e-01
9.546450036943724404e-01 1.100115570528844011e-01
9.544682156740693646e-01 1.128732426008025314e-01
9.542976895140591331e-01 1.157328797547085286e-01
9.541333692451412496e-01 1.185875770203622254e-01
9.541111216065147893e-01 1.189819553462369284e-01
9.539751854865092806e-01 1.214344954243306990e-01
9.538230563468901302e-01 1.242708598196276965e-01
9.536768883662651852e-01 1.270939694604896197e-01
9.535365774870877553e-01 1.299012077708182056e-01
9.534612141753208148e-01 1.314509626718088076e-01
9.534020100442307522e-01 1.326900512438904944e-01
9.532730637633122228e-01 1.354580774246435249e-01
9.531496087575720422e-01 1.382029719397880330e-01
9.530315085142008202e-01 1.409225345543265173e-01
9.529186208617261844e-01 1.436146842464889883e-01
9.528930255272495264e-01 1.442384331689533228e-01
9.528107989110027320e-01 1.462774633050435147e-01
9.527078919631430942e-01 1.489090404649674737e-01
9.526097463787347452e-01 1.515077131075210082e-01
9.525162064035774812e-01 1.540719085602740568e-01
9.524271149471085218e-01 1.566001845406352067e-01
9.524107549126474836e-01 1.570741347540310362e-01
9.523423143105691491e-01 1.590912287932164659e-01
9.522616468628228859e-01 1.615438579768297689e-01
9.521849556625233690e-01 1.639570158611172168e-01
9.521120850260713642e-01 1.663297708957751919e-01
9.520428810414588439e-01 1.686613132171280727e-01
9.520136275972163054e-01 1.696713828923738232e-01
9.519771920286981270e-01 1.709509511575282581e-01
9.519148689480321224e-01 1.731981073228759382e-01
9.518557657576254272e-01 1.754023143021035958e-01
9.517997397226671819e-01 1.775632100713429584e-01
9.517466516783169572e-01 1.796805331518741000e-01
9.516963662489640319e-01 1.817541175789300634e-01
9.516963662489641429e-01 1.817541175789301744e-01
