# n_s, r predictions of a polynomial alpha attractor model with k=3 and N_\star=57.
9.719118665453972961e-01 9.262463483578586810e-05
9.719118665453992945e-01 9.262463483581403025e-05
9.719100448224707867e-01 9.988351671292496222e-05
9.719080616532453920e-01 1.077124029494306868e-04
9.719059035724942897e-01 1.161562430133401000e-04
9.719035560228415083e-01 1.252635625025863358e-04
9.719010032667325660e-01 1.350867528477594213e-04
9.718982282909538473e-01 1.456823853320859334e-04
9.718952127038319455e-01 1.571115516021337954e-04
9.718919366231600909e-01 1.694402330720346038e-04
9.718883785554340848e-01 1.827397018482679661e-04
9.718845152647737073e-01 1.970869560845040099e-04
9.718803216308183890e-01 2.125651929715794797e-04
9.718757704947615927e-01 2.292643229058304304e-04
9.718708324922616937e-01 2.472815287583535280e-04
9.718654758721196885e-01 2.667218745917955070e-04
9.718596662994690716e-01 2.876989686541603776e-04
9.718533666419527650e-01 3.103356860158735728e-04
9.718465367373591013e-01 3.347649568311809464e-04
9.718391331409662603e-01 3.611306268987679569e-04
9.718311088507132212e-01 3.895883979804022797e-04
9.718224130079947676e-01 4.203068562343407100e-04
9.718129905717577399e-01 4.534685981428421167e-04
9.718027819636231301e-01 4.892714644643063153e-04
9.717917226805717901e-01 5.279298941021095225e-04
9.717797428726046016e-01 5.696764112787062670e-04
9.717667668819924831e-01 6.147632611706265165e-04
9.717527127396653475e-01 6.634642112016771349e-04
9.717374916153586062e-01 7.160765374776659501e-04
9.717210072165038959e-01 7.729232185731150237e-04
9.717095655421759126e-01 8.123102784218269416e-04
9.717031551310557624e-01 8.343553619702299973e-04
9.716838221088085481e-01 9.007548920610342286e-04
9.716628852754157775e-01 9.725375328014058485e-04
9.716402112728235174e-01 1.050156122962769096e-03
9.716156553194981171e-01 1.134104307570530821e-03
9.715890601834583640e-01 1.224920655689141005e-03
9.715602550609514498e-01 1.323193262359159206e-03
9.715290543535284318e-01 1.429564901395827476e-03
9.714952563365097937e-01 1.544738806123873960e-03
9.714586417123552975e-01 1.669485167174762164e-03
9.714464649571363797e-01 1.710971407494178958e-03
9.714189720435539854e-01 1.804648450475137503e-03
9.713759880612152786e-01 1.951155654794280419e-03
9.713294078485033012e-01 2.110025646940471861e-03
9.712789249010291837e-01 2.282379734376141674e-03
9.712242060722755532e-01 2.469453659691405595e-03
9.711648894183156910e-01 2.672611229651537454e-03
9.711468896003819795e-01 2.734344172269038108e-03
9.711005819650555537e-01 2.893359823436372335e-03
9.710308574323726072e-01 3.133368060474729915e-03
9.709552539626773449e-01 3.394485948074256725e-03
9.708732719169643754e-01 3.678767872759985697e-03
9.708188248386460106e-01 3.868274805514179335e-03
9.707843718183790660e-01 3.988498846755754966e-03
9.706879725407707715e-01 4.326224472118128488e-03
9.705834498557893708e-01 4.694785139397254087e-03
9.704701354645548506e-01 5.097355035130786763e-03
9.704671300979899051e-01 5.108076817994165915e-03
9.703473166460182542e-01 5.537486592916438487e-03
9.702142366516937066e-01 6.019161086242884665e-03
9.700956788221126725e-01 6.452718657961403759e-03
9.700700959645771615e-01 6.546846127434226628e-03
9.699140545208608799e-01 7.125560904606058864e-03
9.697452349733947097e-01 7.760950053010650523e-03
9.697079201970443263e-01 7.902751131713656868e-03
9.695627270663428332e-01 8.459367109049722999e-03
9.693655932073830250e-01 9.227968515591997503e-03
9.693070019354849132e-01 9.459374157948154116e-03
9.691528753822850062e-01 1.007481910497770063e-02
9.689236036684475417e-01 1.100900983397263590e-02
9.688957748321450625e-01 1.112397036169707372e-02
9.686768067705914254e-01 1.204078821722237742e-02
9.684767917989502983e-01 1.289785376955846635e-02
9.684115252118550288e-01 1.318170131626839915e-02
9.681268280425651129e-01 1.444475018124753013e-02
9.680523291396492258e-01 1.478211814682161077e-02
9.678218341465417707e-01 1.584455317532907151e-02
9.676244243087355201e-01 1.677753028643990188e-02
9.674957393958198981e-01 1.739751347008753474e-02
9.671949177799914477e-01 1.888444436759479164e-02
9.671478509985493854e-01 1.912198297640062272e-02
9.667776303693055295e-01 2.103841082772402865e-02
9.667654903500874086e-01 2.110272846491845905e-02
9.663847456888391418e-01 2.316945899652973415e-02
9.663376921880179049e-01 2.343170079028542019e-02
9.659691349591543741e-01 2.554006045690753943e-02
9.659129632464934501e-01 2.587007571714694878e-02
9.655310797258378486e-01 2.817738636715878819e-02
9.654926462049566727e-01 2.841592041489808887e-02
9.650779935815182453e-01 3.106662305888539463e-02
9.650712886361847431e-01 3.111067814396104025e-02
9.646701706043534497e-01 3.381887348411571209e-02
9.645909885199484002e-01 3.437088861398846645e-02
9.642702552024171592e-01 3.666865695146989679e-02
9.640920186221402233e-01 3.799006502918546996e-02
9.638792362147673431e-01 3.961126143253904108e-02
9.635769209471398700e-01 4.200039816913966884e-02
9.634980106837841562e-01 4.264129850743188233e-02
9.631273809031826172e-01 4.575273762065958788e-02
9.630490164828237054e-01 4.643286016102968206e-02
9.627680517330392540e-01 4.893895306948096990e-02
9.625124536807196929e-01 5.131536495754066007e-02
9.624206285633616353e-01 5.219278272599240515e-02
9.620856161976876209e-01 5.550659714012857321e-02
9.619722126181843302e-01 5.667041706999109002e-02
9.617634188337489398e-01 5.887237735623253310e-02
9.614543412361890029e-01 6.228179951964553374e-02
9.614340467941341339e-01 6.251227383877666632e-02
9.611585911251425696e-01 6.572632416668301725e-02
9.609043458848581798e-01 6.884373937376365993e-02
9.608762827436383436e-01 6.919728799128235797e-02
9.606074415162877411e-01 7.268599586891782982e-02
9.603899084640504791e-01 7.565283244081508207e-02
9.603520096717450549e-01 7.618381099169151127e-02
9.601098526720415194e-01 7.968224112116294167e-02
9.598976246644373989e-01 8.290971165777662188e-02
9.598807662729081924e-01 8.317301918623973278e-02
9.596644840300532220e-01 8.664817672769746515e-02
9.594606850661624442e-01 9.010010900188976379e-02
9.594340847784039727e-01 9.056436835516092076e-02
9.592690019209288987e-01 9.352163088650487788e-02
9.590890283202785360e-01 9.690602306388765297e-02
9.590051486058682739e-01 9.854566354036768672e-02
9.589203267195951508e-01 1.002470682772216432e-01
9.587624354976015395e-01 1.035390777489059583e-01
9.586155274393767245e-01 1.067622382175097834e-01
9.586148757011430099e-01 1.067769081089336713e-01
9.584771572651225036e-01 1.099559693972773922e-01
9.583487846550997613e-01 1.130722248747534908e-01
9.582684399510039697e-01 1.151056287335234934e-01
9.582292619017485080e-01 1.161221835007989478e-01
9.581180970157598953e-01 1.191028860158809127e-01
9.580148057885234936e-01 1.220118856044924149e-01
9.579653995462633631e-01 1.234555747299338757e-01
9.579189149977765938e-01 1.248472241168644137e-01
9.578299650483688144e-01 1.276074047994834593e-01
9.577475120864726854e-01 1.302913624323844555e-01
9.577061719529706973e-01 1.316870788850796337e-01
9.576711296311931632e-01 1.328984317010254435e-01
9.576004097708403773e-01 1.354283145483194950e-01
9.575349639725974082e-01 1.378810471625858403e-01
9.574889112057897167e-01 1.396783786640040659e-01
9.574744235540503245e-01 1.402569671651535121e-01
9.574184398636299553e-01 1.425566814697350471e-01
9.573666842145697187e-01 1.447810351979879340e-01
9.573188476139005143e-01 1.469310819536923107e-01
9.573104480548704220e-01 1.473187489646157478e-01
9.572746403244609681e-01 1.490080556831818170e-01
9.572337912941424332e-01 1.510133442829385275e-01
9.571960474827498899e-01 1.529484650569281345e-01
9.571666774367469932e-01 1.545150592463675476e-01
9.571611731130896805e-01 1.548150420763351465e-01
9.571289488692751313e-01 1.566147854525293537e-01
9.570991710618438342e-01 1.583494724998655567e-01
9.570716507761569680e-01 1.600209307376151968e-01
9.570529788850948849e-01 1.611962651746107755e-01
9.570462130177094240e-01 1.616310226592703736e-01
9.570226958654484140e-01 1.631816321818223836e-01
9.570009496419411565e-01 1.646746526768179120e-01
9.569808361073539604e-01 1.661119764777284902e-01
9.569646078647154885e-01 1.673154410007383353e-01
9.569622276823660512e-01 1.674954857553465071e-01
9.569450067039307894e-01 1.688270446509436973e-01
9.569290647163972707e-01 1.701084925591579144e-01
9.569143017996141198e-01 1.713416384549448779e-01
9.569006259347814236e-01 1.725282561633091072e-01
9.568970132040094390e-01 1.728494219522508646e-01
9.568879524081551624e-01 1.736700804755759164e-01
9.568762032521842542e-01 1.747688040216758276e-01
9.568653067232446574e-01 1.758260748139675034e-01
9.568551968148235609e-01 1.768434943843697760e-01
9.568460587416869334e-01 1.777964991098157643e-01
9.568458128047769851e-01 1.778226164428132194e-01
9.568370988351209139e-01 1.787649459911767325e-01
9.568290035227142720e-01 1.796719388328145706e-01
9.568214795991284438e-01 1.805450014234742662e-01
9.568144835779837098e-01 1.813854910147789934e-01
9.568081486366604160e-01 1.821728176070015748e-01
9.568079754480331989e-01 1.821947160464965909e-01
9.568019183903087033e-01 1.829739367485046786e-01
9.567962785176923335e-01 1.837243659176994448e-01
9.567910246353314996e-01 1.844471698390714176e-01
9.567861280203916463e-01 1.851434693238162288e-01
9.567815622197100023e-01 1.858143408406429387e-01
9.567802707714671007e-01 1.860081635194315852e-01
9.567773028639947608e-01 1.864608177194416738e-01
9.567733274972952673e-01 1.870838914091657035e-01
9.567696154205439507e-01 1.876845127741985364e-01
9.567661475480560007e-01 1.882635934156495217e-01
9.567629062759445135e-01 1.888220070059414279e-01
9.567599799412778161e-01 1.893417270125465901e-01
9.567598753614836582e-01 1.893605906267753769e-01
9.567570398125252451e-01 1.898801461020724612e-01
9.567543857861393608e-01 1.903814413188329169e-01
9.567519004957122375e-01 1.908652115300325525e-01
9.567495721257989194e-01 1.913321606347114234e-01
9.567473897540770267e-01 1.917829624313143189e-01
9.567453432798077584e-01 1.922182618411300004e-01
9.567453432798077584e-01 1.922182618411300836e-01
