# n_s, r predictions of a polynomial alpha attractor model with k=3 and N_\star=52.
9.692106966195648265e-01 1.072840304076776624e-04
9.692106966195648265e-01 1.072840304076776624e-04
9.692086254887589680e-01 1.156923102126202835e-04
9.692063695993666794e-01 1.247609545447562443e-04
9.692039134962180391e-01 1.345420569129406150e-04
9.692012404687739835e-01 1.450918585052972311e-04
9.691983324498619767e-01 1.564710847280313807e-04
9.691951699059541125e-01 1.687453100803019686e-04
9.691917317185876346e-01 1.819853539161951108e-04
9.691879950557055201e-01 1.962677099023542912e-04
9.691839352324788104e-01 2.116750122629684002e-04
9.691795255604891413e-01 2.282965422242560658e-04
9.691747371841061831e-01 2.462287784274246527e-04
9.691695389032004559e-01 2.655759954789984863e-04
9.691638969807510051e-01 2.864509152570168197e-04
9.691577749339552739e-01 3.089754160978883655e-04
9.691511333075479850e-01 3.332813055607574109e-04
9.691439294273598293e-01 3.595111631092824493e-04
9.691361171325838519e-01 3.878192597820384049e-04
9.691276464844621463e-01 4.183725627525485794e-04
9.691184634495431105e-01 4.513518336140132222e-04
9.691085095543267025e-01 4.869528303166466786e-04
9.690977215096693298e-01 5.253876238712491386e-04
9.690860308009773272e-01 5.668860423745587839e-04
9.690733632412661391e-01 6.116972564876033136e-04
9.690596384837906196e-01 6.600915223323427627e-04
9.690447694894017694e-01 7.123620999237270830e-04
9.690286619452632699e-01 7.688273676323722746e-04
9.690112136292142742e-01 8.298331560467407230e-04
9.689923137149867305e-01 8.957553278078978290e-04
9.689791935065252826e-01 9.414344436436256330e-04
9.689718420123347720e-01 9.670026337794736812e-04
9.689496681358398256e-01 1.044019880272625605e-03
9.689256505956065357e-01 1.127291447116412788e-03
9.688996358026022993e-01 1.217345202261643734e-03
9.688714569809578903e-01 1.314756865461973396e-03
9.688409329791448643e-01 1.420154881571143854e-03
9.688078669717832270e-01 1.534225873298752279e-03
9.687720450437814490e-01 1.657720754118443152e-03
9.687332346488038981e-01 1.791461594650796971e-03
9.686911829348352487e-01 1.936349350544617825e-03
9.686771964745437558e-01 1.984541107462578589e-03
9.686456149308232400e-01 2.093372576969348194e-03
9.685962315907267195e-01 2.263617274609573248e-03
9.685427076942769720e-01 2.448278034964586260e-03
9.684846896083951773e-01 2.648670679084425082e-03
9.684217929197380670e-01 2.866246614015668850e-03
9.683535999566895702e-01 3.102609165610040534e-03
9.683329044240194250e-01 3.174448531509105245e-03
9.682796572307303951e-01 3.359532184990090663e-03
9.681994728399537786e-01 3.638981269390917893e-03
9.681125138945654296e-01 3.943137985932269191e-03
9.680182040430799217e-01 4.274427539262958854e-03
9.679555623404367815e-01 4.495356653811704260e-03
9.679159211992808265e-01 4.635550380417421956e-03
9.678049955919364455e-01 5.029518314158062595e-03
9.676847082799241440e-01 5.459695724859479384e-03
9.675542902919617161e-01 5.929846605913408758e-03
9.675508311494895874e-01 5.942372200078146344e-03
9.674129225593944836e-01 6.444188144011055684e-03
9.672597368097437531e-01 7.007451676709835348e-03
9.671232656324453281e-01 7.514771041087491867e-03
9.670938175769200340e-01 7.624951908058223704e-03
9.669142054637025474e-01 8.302665329567414029e-03
9.667199017708589803e-01 9.047318845267696488e-03
9.666769574977643886e-01 9.213582971682052203e-03
9.665098745987433793e-01 9.866489625225443455e-03
9.662830665493582494e-01 1.076871718500121804e-02
9.662156678922756425e-01 1.104049748005983718e-02
9.660384042286035422e-01 1.176362856541803004e-02
9.657748098828367045e-01 1.286207720274144296e-02
9.657428236056686544e-01 1.299731399189314913e-02
9.654912157020049124e-01 1.407629554434063415e-02
9.652615090667844289e-01 1.508564389935672725e-02
9.651865815681811567e-01 1.542006056254793117e-02
9.648599172925212963e-01 1.690886990367095402e-02
9.647744864197043135e-01 1.730672894259736513e-02
9.645103106233484658e-01 1.856012430129837590e-02
9.642842363390652372e-01 1.966131174240142929e-02
9.641369624788680426e-01 2.039330886643955440e-02
9.637930044622479153e-01 2.214953093708257534e-02
9.637392309137464697e-01 2.243016168821606801e-02
9.633166852241999978e-01 2.469481255539977826e-02
9.633028428355360218e-01 2.477083127098931095e-02
9.628691712763232102e-01 2.721386726638842096e-02
9.628156418254972815e-01 2.752388668333185726e-02
9.623968885356176672e-01 3.001640373974120632e-02
9.623331519776017196e-01 3.040653725245933900e-02
9.619004782877884629e-01 3.313383499321744668e-02
9.618569972178291350e-01 3.341574160161726176e-02
9.613886813866738823e-01 3.654754634578882139e-02
9.613811210593381507e-01 3.659958148744402173e-02
9.609295900564371884e-01 3.979707384432995543e-02
9.608406391624856324e-01 4.044848254606999566e-02
9.604809893107837393e-01 4.315852908384264913e-02
9.602815975374440205e-01 4.471586595446974677e-02
9.600440228487088223e-01 4.662522599814841739e-02
9.597073927009633909e-01 4.943619040386218466e-02
9.596197084822530865e-01 5.018963296293783155e-02
9.592089348473198385e-01 5.384343660345455168e-02
9.591223158991760700e-01 5.464118313397862275e-02
9.588124589364317440e-01 5.757762245532888762e-02
9.585315731018368979e-01 6.035742270475406152e-02
9.584309048839880774e-01 6.138257045467412215e-02
9.580647642818724830e-01 6.524816273752938323e-02
9.579412422728766918e-01 6.660337285991714540e-02
9.577143981713074350e-01 6.916390083189377647e-02
9.573800407435598681e-01 7.311902905163190913e-02
9.573581488253626315e-01 7.338596474786650281e-02
9.570618046865180251e-01 7.710266076618170483e-02
9.567896449286060756e-01 8.069695201161597442e-02
9.567596880362768674e-01 8.110390422874620697e-02
9.564735823328536224e-01 8.511198479401625716e-02
9.562432886864298265e-01 8.850941513415395978e-02
9.562032818368817466e-01 8.911636063072279901e-02
9.559484935389898075e-01 9.310682941313869199e-02
9.557264353474886898e-01 9.677493927209503133e-02
9.557088476843389468e-01 9.707362393237320419e-02
9.554839085396200637e-01 1.010074950734095311e-01
9.552731851464401069e-01 1.048997811275131087e-01
9.552457728477785626e-01 1.054220865731053391e-01
9.550761418308302275e-01 1.087424629239851503e-01
9.548922082708970471e-01 1.125282047461275275e-01
9.548068538350963363e-01 1.143567721919911129e-01
9.547207889607712827e-01 1.162503814245619826e-01
9.545612719465795815e-01 1.199030923632007917e-01
9.544136896138243342e-01 1.234649847951918150e-01
9.544130367471097554e-01 1.234811635413820274e-01
9.542754614064985486e-01 1.269801387474840115e-01
9.541479286574360286e-01 1.303962614367967232e-01
9.540684718218123139e-01 1.326179563750232437e-01
9.540298312002529757e-01 1.337264486752888226e-01
9.539205761254466731e-01 1.369682586394692092e-01
9.538195885246232297e-01 1.401198531006987991e-01
9.537714715866080217e-01 1.416794323408685774e-01
9.537263143476829574e-01 1.431799562406201876e-01
9.536402225727296234e-01 1.461478110332775637e-01
9.535608067601442084e-01 1.490231342988205532e-01
9.535211352886334701e-01 1.505142326272970732e-01
9.534875860640923406e-01 1.518060713920693638e-01
9.534201057740246954e-01 1.544971513440975275e-01
9.533579374560441355e-01 1.570972431323029439e-01
9.533143586456239715e-01 1.589969695572854003e-01
9.533006787598786724e-01 1.596075136187583565e-01
9.532479529520693218e-01 1.620293875712560949e-01
9.531994082302664983e-01 1.643645100684700822e-01
9.531547168675368331e-01 1.666147114912011895e-01
9.531468877231673575e-01 1.670197132415179031e-01
9.531135742295800961e-01 1.687819752161130726e-01
9.530756977019279041e-01 1.708684080564156216e-01
9.530408255586977351e-01 1.728762134349002000e-01
9.530137764931151390e-01 1.744976045466647696e-01
9.530087157993767377e-01 1.748076672275810373e-01
9.529791449754921873e-01 1.766650961797155694e-01
9.529519070248821944e-01 1.784508587689067893e-01
9.529268121276529557e-01 1.801673283709998852e-01
9.529098300725092896e-01 1.813718437886814028e-01
9.529036855947339291e-01 1.818168785723554282e-01
9.528823667972383671e-01 1.834018704655894783e-01
9.528627081425387058e-01 1.849246417639796580e-01
9.528445741010473924e-01 1.863874975714567839e-01
9.528299783153033609e-01 1.876099943795985214e-01
9.528278402860900220e-01 1.877927026497301921e-01
9.528123925880552791e-01 1.891424750302813651e-01
9.527981263627847142e-01 1.904389808279383922e-01
9.527849456736225964e-01 1.916843301205050365e-01
9.527727625856819982e-01 1.928805737696426825e-01
9.527695486665231916e-01 1.932039879364052803e-01
9.527614965105581923e-01 1.940297010673877887e-01
9.527510735993376390e-01 1.951336381026875233e-01
9.527414261815356777e-01 1.961942467518963396e-01
9.527324922474543767e-01 1.972133242063896508e-01
9.527244317118650496e-01 1.981664997610118051e-01
9.527242149713844865e-01 1.981926029592132599e-01
9.527165422730633493e-01 1.991337511809247174e-01
9.527094264148295855e-01 2.000383734224379373e-01
9.527028236319767807e-01 2.009080115897770302e-01
9.526966937938978752e-01 2.017441461421268789e-01
9.526911514990115126e-01 2.025264516984701113e-01
9.526910000937143241e-01 2.025481974705014843e-01
9.526857087641965594e-01 2.033215274197119338e-01
9.526807888179097406e-01 2.040654409211646036e-01
9.526762118096387955e-01 2.047811877083609289e-01
9.526719516192764248e-01 2.054699640908672353e-01
9.526679842534798714e-01 2.061329147659773930e-01
9.526668629725910664e-01 2.063243261756415592e-01
9.526642876645222691e-01 2.067711346503654790e-01
9.526608415848837330e-01 2.073856707167381630e-01
9.526576273762373814e-01 2.079775238228896983e-01
9.526546278915879462e-01 2.085476505226574462e-01
9.526518273494247735e-01 2.090969648501142530e-01
9.526493014431287598e-01 2.096078061463730602e-01
9.526492112188416073e-01 2.096263400699300561e-01
9.526467661146611476e-01 2.101366103882291725e-01
9.526444797016877519e-01 2.106285726194667973e-01
9.526423406072807021e-01 2.111029878058882092e-01
9.526403383415141812e-01 2.115605827870228606e-01
9.526384632242533845e-01 2.120020517174252828e-01
9.526367063185322559e-01 2.124280575315198039e-01
9.526367063185321449e-01 2.124280575315199426e-01
