# n_s, r predictions of a polynomial alpha attractor model with k=3 and N_\star=42.
9.618790427865583359e-01 1.509979827931392062e-04
9.618790427865603343e-01 1.509979827932111972e-04
9.618762632285327019e-01 1.628341749962102512e-04
9.618732314336446709e-01 1.756003045958216954e-04
9.618699261421226332e-01 1.893697940764291459e-04
9.618663243614866687e-01 2.042219228284771089e-04
9.618624012259132661e-01 2.202423042410518901e-04
9.618581298447588246e-01 2.375234032644106975e-04
9.618534811385950345e-01 2.561650981424721607e-04
9.618484236607380833e-01 2.762752903946758963e-04
9.618429234047159992e-01 2.979705675257758807e-04
9.618369435952831559e-01 3.213769234414561222e-04
9.618304444618029914e-01 3.466305420631159715e-04
9.618233829924041078e-01 3.738786502367065609e-04
9.618157126672508550e-01 4.032804467041596120e-04
9.618073831688005448e-01 4.350081146600179912e-04
9.617983400671599181e-01 4.692479262801812481e-04
9.617885244780139953e-01 5.062014485761288929e-04
9.617778726906406339e-01 5.460868610355173970e-04
9.617663157631525239e-01 5.891403967616823606e-04
9.617537790818341259e-01 6.356179202586257010e-04
9.617401818810745739e-01 6.857966566387294115e-04
9.617254367200877008e-01 7.399770888994072109e-04
9.617094489122084422e-01 7.984850420615617356e-04
9.616921159020699328e-01 8.616739754177097938e-04
9.616733265855389456e-01 9.299275069746331616e-04
9.616529605666980229e-01 1.003662197442009140e-03
9.616308873457227735e-01 1.083330624886677963e-03
9.616069654307398684e-01 1.169424785539381444e-03
9.615810413661104450e-01 1.262479861308916495e-03
9.615630383392573810e-01 1.326973892470275805e-03
9.615529486691871686e-01 1.363078400410494681e-03
9.615225066664659925e-01 1.471854964370318064e-03
9.614895192196867280e-01 1.589501302594156437e-03
9.614537733316722568e-01 1.716772124959287582e-03
9.614150376211478832e-01 1.854491553685084105e-03
9.613730606552980396e-01 2.003560348339548762e-03
9.613275691287049840e-01 2.164964012546387664e-03
9.612782658773583178e-01 2.339781908118091988e-03
9.612248277171320243e-01 2.529197522353168054e-03
9.611669030974261396e-01 2.734510057539890713e-03
9.611476322093195357e-01 2.802825194851155718e-03
9.611041095629964115e-01 2.957147538799830520e-03
9.610360310205935397e-01 3.198681667801356408e-03
9.609622148123593277e-01 3.460844686129409178e-03
9.608821686054520583e-01 3.745548553752854355e-03
9.607953571176978125e-01 4.054906795588384717e-03
9.607011987127518360e-01 4.391259423022493558e-03
9.606726160055346631e-01 4.493547466611702915e-03
9.605990619160508226e-01 4.757201397635805323e-03
9.604882619250261211e-01 5.155615171289314007e-03
9.603680572144244199e-01 5.589707909682145766e-03
9.602376463690128761e-01 6.063054084797187514e-03
9.601510033574316427e-01 6.379019748469099728e-03
9.600961653120707595e-01 6.579644203603219298e-03
9.599426851352886869e-01 7.143940524287206197e-03
9.597762107724879810e-01 7.760940694224199854e-03
9.595956807908386788e-01 8.436250322813136637e-03
9.595908921331349761e-01 8.454255347956100494e-03
9.593999685945646672e-01 9.176165573264798495e-03
9.591878853430804153e-01 9.987766915564048539e-03
9.589989510781559146e-01 1.071988509244056580e-02
9.589581848762562810e-01 1.087902522109716191e-02
9.587095709174248137e-01 1.185892138627409921e-02
9.584407068007688713e-01 1.293758062742762435e-02
9.583812991199784914e-01 1.317869064600910370e-02
9.581502279633088426e-01 1.412642245666973981e-02
9.578367574797048700e-01 1.543832706847435982e-02
9.577436574241260381e-01 1.583400278281843140e-02
9.574989250262400109e-01 1.688781834775807469e-02
9.571353898567089846e-01 1.849126281896629892e-02
9.570913107752547777e-01 1.868888152325360805e-02
9.567448686544538505e-01 2.026708241338341307e-02
9.564290699320704414e-01 2.174566278464246452e-02
9.563261694593763185e-01 2.223597671351198318e-02
9.558782332001573012e-01 2.442114706553246556e-02
9.557612812188784890e-01 2.500567515210188815e-02
9.554001846086235261e-01 2.684851032145132294e-02
9.550918709474874868e-01 2.846903374627348174e-02
9.548913943656941461e-01 2.954688363862137748e-02
9.544244008338744756e-01 3.213447341786541955e-02
9.543515541314165906e-01 3.254811338526086839e-02
9.537807655451467914e-01 3.588711050692779125e-02
9.537621177076824885e-01 3.599921077742949949e-02
9.531796432378557560e-01 3.960174163345925313e-02
9.531079902962392714e-01 4.005883592806540328e-02
9.525494302537886870e-01 4.373251011680558825e-02
9.524647322401228466e-01 4.430723828384389162e-02
9.518921219110492160e-01 4.832194523649548795e-02
9.518348135802883192e-01 4.873657101791147028e-02
9.512204639518759830e-01 5.333725754976896549e-02
9.512105909507879709e-01 5.341360340240708382e-02
9.506236706826476368e-01 5.809804186001017029e-02
9.505087028515634140e-01 5.905057654944113887e-02
9.500461745463910646e-01 6.300608261268478283e-02
9.497914056523968362e-01 6.527340658489440284e-02
9.494894653639798232e-01 6.804708920408239492e-02
9.490647741251245773e-01 7.211732963591717394e-02
9.489547790974071084e-01 7.320549604670249788e-02
9.484430975857238710e-01 7.846466974225244084e-02
9.483359847330780079e-01 7.960883043718801344e-02
9.479551516345897655e-01 8.380714240420561456e-02
9.476131971036810819e-01 8.776158509013812226e-02
9.474914277938268903e-01 8.921486335044197247e-02
9.470521788387812334e-01 9.466946076915139230e-02
9.469053216825621400e-01 9.657201364772334540e-02
9.466374377121037353e-01 1.001525048000657669e-01
9.462470344828273205e-01 1.056457637662245180e-01
9.462216636501044054e-01 1.060148442199988911e-01
9.458806157394794578e-01 1.111314459976184138e-01
9.455714508796063678e-01 1.160392796909097690e-01
9.455376657503988813e-01 1.165924207386033473e-01
9.452175286933233167e-01 1.220124129321611406e-01
9.449632773942002739e-01 1.265665055921259829e-01
9.449194312705417875e-01 1.273761681229714227e-01
9.446425050770365095e-01 1.326695852133872588e-01
9.444045191553623875e-01 1.374893145160215047e-01
9.443858081675429172e-01 1.378798162464578703e-01
9.441483453646909441e-01 1.429953336989499280e-01
9.439290869552593444e-01 1.480059668863077937e-01
9.439007989774389484e-01 1.486744820496627706e-01
9.437269855271654961e-01 1.529029099744140530e-01
9.435409907997431844e-01 1.576787047450362578e-01
9.434555837449608573e-01 1.599681793101571103e-01
9.433700623894548665e-01 1.623272016768992354e-01
9.432131805294641236e-01 1.668435031011285263e-01
9.430699840137332091e-01 1.712041827559447060e-01
9.430693548230031364e-01 1.712238921974219563e-01
9.429376311570319968e-01 1.754657514507927951e-01
9.428170969351103992e-01 1.795674739252025587e-01
9.427427934222887274e-01 1.822140580165582391e-01
9.427068848081505692e-01 1.835283703660113841e-01
9.426061750906739034e-01 1.873485747506960786e-01
9.425141970503878586e-01 1.910289504948510797e-01
9.424707605037166980e-01 1.928380203600088827e-01
9.424302292523510927e-01 1.945709991107529568e-01
9.423535991275792112e-01 1.979767727259575671e-01
9.422836819213202819e-01 2.012487915115215575e-01
9.422490413725940206e-01 2.029349709064941221e-01
9.422198991597661166e-01 2.043899667510104545e-01
9.421617167568046014e-01 2.074035300061684017e-01
9.421086428653735467e-01 2.102929686037722234e-01
9.420717516644772083e-01 2.123903546901114991e-01
9.420602255617226417e-01 2.130619674791165707e-01
9.420160504357629749e-01 2.157143572620743854e-01
9.419757381470211799e-01 2.182540683774103207e-01
9.419389419935745300e-01 2.206850908478478479e-01
9.419325280043062687e-01 2.211209424104289833e-01
9.419053455307744294e-01 2.230114394315480808e-01
9.418746602675168722e-01 2.252371236907789454e-01
9.418466234601956533e-01 2.273661225714617151e-01
9.418250227965637711e-01 2.290762558451237274e-01
9.418209960181445073e-01 2.294023630702391459e-01
9.417975605292147057e-01 2.313497025734430057e-01
9.417761194099852906e-01 2.332119144680278866e-01
9.417564931818336316e-01 2.349926766458300120e-01
9.417432837133271617e-01 2.362369519658108763e-01
9.417385188715754474e-01 2.366955625474794767e-01
9.417220485334781843e-01 2.383240344193805205e-01
9.417069478880792932e-01 2.398814384851775672e-01
9.416930950722725013e-01 2.413710017611055136e-01
9.416820004315117343e-01 2.426109039633204401e-01
9.416803794945112216e-01 2.427958302718968009e-01
9.416687007886220817e-01 2.441589084499992679e-01
9.416579678595832226e-01 2.454630995254148407e-01
9.416480980146361146e-01 2.467111467362868016e-01
9.416390161732415276e-01 2.479056752113784623e-01
9.416366271030444102e-01 2.482279028692142286e-01
9.416306541496018978e-01 2.490491943947550357e-01
9.416229500018319376e-01 2.501441008999392146e-01
9.416158474419842328e-01 2.511926816973136800e-01
9.416092953017933809e-01 2.521971175508923579e-01
9.416034051431420027e-01 2.531338702095055626e-01
9.416032470490689477e-01 2.531594866343077066e-01
9.415976603501923226e-01 2.540817682658799703e-01
9.415924966744736446e-01 2.549658467124307770e-01
9.415877209364689193e-01 2.558135150197974328e-01
9.415833011726819635e-01 2.566264788352404236e-01
9.415793169297258514e-01 2.573852924233024364e-01
9.415792082493897874e-01 2.574063601932214951e-01
9.415754155986052476e-01 2.581547012414499020e-01
9.415718989794735760e-01 2.588729678887376484e-01
9.415686362626350947e-01 2.595625533601961799e-01
9.415656072353275619e-01 2.602247816486842336e-01
9.415627934251993292e-01 2.608609108543042399e-01
9.415619994253099367e-01 2.610443470140416666e-01
9.415601779410128769e-01 2.614721364061459719e-01
9.415577453285781662e-01 2.620595941625217251e-01
9.415554814404286654e-01 2.626243633876211847e-01
9.415533733178924614e-01 2.631674696039039141e-01
9.415514090843434269e-01 2.636898873207086380e-01
9.415496409436451275e-01 2.641749574487192165e-01
9.415495778485366563e-01 2.641925426404760358e-01
9.415478696170465067e-01 2.646763157447289960e-01
9.415462752149131864e-01 2.651420432625495316e-01
9.415447862137017454e-01 2.655905205247423573e-01
9.415433948662511598e-01 2.660225037072182497e-01
9.415420940474643619e-01 2.664387118673844923e-01
9.415408772005563476e-01 2.668398288774943006e-01
9.415408772005563476e-01 2.668398288774943006e-01
