# n_s, r predictions of a polynomial alpha attractor model with k=1 and N_\star=59.
9.773934836281926719e-01 8.048782538388262343e-05
9.773934836281926719e-01 8.048782538388262343e-05
9.773926796428250574e-01 8.833435774360280592e-05
9.773917932626364768e-01 9.694574880322709388e-05
9.773908162122455501e-01 1.063965403093018324e-04
9.773897394014740003e-01 1.167685358545422476e-04
9.773885528472117112e-01 1.281515077324213057e-04
9.773872455881735810e-01 1.406439724629329898e-04
9.773858055919460996e-01 1.543540416281545297e-04
9.773842196535442728e-01 1.694003552908103602e-04
9.773824732853049202e-01 1.859131059555032487e-04
9.773805505966635110e-01 2.040351617963808795e-04
9.773784341638704909e-01 2.239232986824165586e-04
9.773761048884475056e-01 2.457495514354601958e-04
9.773735418438092015e-01 2.697026957203155326e-04
9.773707221092694519e-01 2.959898730180272560e-04
9.773676205907033676e-01 3.248383722696695001e-04
9.773642098272095069e-01 3.564975829990423245e-04
9.773604597829136376e-01 3.912411360434129887e-04
9.773563376236974465e-01 4.293692494109716679e-04
9.773518074780467302e-01 4.712112982904524227e-04
9.773468301819210335e-01 5.171286297962924281e-04
9.773413630075074021e-01 5.675176446789140065e-04
9.773353593760804037e-01 6.228131699172871107e-04
9.773287685556260040e-01 6.834921478196526309e-04
9.773215353440688480e-01 7.500776689620978826e-04
9.773135997401968256e-01 8.231433778842527820e-04
9.773048966042786612e-01 9.033182819504507934e-04
9.772953553120642400e-01 9.912919949452536194e-04
9.772848994065986838e-01 1.087820447759594352e-03
9.772734462538661404e-01 1.193732098675731514e-03
9.772609067099820024e-01 1.309934675036495896e-03
9.772471848097398217e-01 1.437422476138487410e-03
9.772321774888901302e-01 1.577284263553989374e-03
9.772157743552982723e-01 1.730711759209723529e-03
9.771978575280158008e-01 1.899008762592227636e-03
9.771783015669066597e-01 2.083600885572406327e-03
9.771569735204858054e-01 2.286045885165641309e-03
9.771337331247584856e-01 2.508044549644614617e-03
9.771084331917834209e-01 2.751452059815997792e-03
9.770809202329090448e-01 3.018289702660356070e-03
9.770510353686241434e-01 3.310756756000868013e-03
9.770186155831720454e-01 3.631242287257273327e-03
9.769834953888489881e-01 3.982336512554186109e-03
9.769455089697579586e-01 4.366841240522790699e-03
9.769044928781628334e-01 4.787778773396650887e-03
9.768602893566230572e-01 5.248398452250653198e-03
9.768127503545167567e-01 5.752179809908908661e-03
9.767617422965133578e-01 6.302831032346669672e-03
9.767071516409039367e-01 6.904281128676774924e-03
9.766488912351689589e-01 7.560663877435459812e-03
9.765869074322022225e-01 8.276291267032871365e-03
9.765211878716781868e-01 9.055613805645677458e-03
9.764517697547925312e-01 9.903164780417798851e-03
9.763787483481070062e-01 1.082348535502807192e-02
9.763022853442909765e-01 1.182102738838436938e-02
9.762226165900536046e-01 1.290003113706838025e-02
9.761400585722761480e-01 1.406437569280026730e-02
9.760550129467783220e-01 1.531740123599988589e-02
9.759679683182005405e-01 1.666170408312776796e-02
9.758794984579102216e-01 1.809890815593741265e-02
9.757902562057597651e-01 1.962941991165702629e-02
9.757009624661414637e-01 2.125217781820578147e-02
9.756123899973625502e-01 2.296441182634611361e-02
9.755253421093738053e-01 2.476143244829786053e-02
9.754406269088167214e-01 2.663647224854212917e-02
9.753590283136972516e-01 2.858060388507374996e-02
9.752812756244996217e-01 3.058275740335789430e-02
9.752757893576717851e-01 3.073027943027615075e-02
9.752080138841243695e-01 3.262985459797457244e-02
9.751397774813505004e-01 3.470706972028959197e-02
9.750769693684014916e-01 3.679821413667281466e-02
9.750198478374170197e-01 3.888622904664710417e-02
9.749685220656526541e-01 4.095375705194878591e-02
9.749666203185991531e-01 4.103448019358018478e-02
9.749229566973475203e-01 4.298375254822042746e-02
9.748829847368835066e-01 4.496008470404963542e-02
9.748501091945673824e-01 4.676467670045022368e-02
9.748483271548241680e-01 4.686808654897006710e-02
9.748186170020454178e-01 4.869500961026108216e-02
9.747934255722873198e-01 5.043035457974984898e-02
9.747932829986792891e-01 5.044077511629867921e-02
9.747722882567813052e-01 5.206606264537870510e-02
9.747612645887204774e-01 5.300508357173377982e-02
9.747547281312317624e-01 5.359656692340451778e-02
9.747414395682195698e-01 5.489743838544318411e-02
9.747402758938172873e-01 5.501871655405706635e-02
9.747284854081944561e-01 5.633159578382416349e-02
9.747283136508235746e-01 5.635200754138198348e-02
9.747191753039631257e-01 5.750523968005696873e-02
9.747189446898339993e-01 5.753626593778035647e-02
9.747125591013432455e-01 5.844212152619134709e-02
9.747112826345318837e-01 5.863545964184849191e-02
9.747076161380349157e-01 5.921838529201413348e-02
9.747051720931028118e-01 5.963325470139749229e-02
9.747038268728859256e-01 5.987211409428466052e-02
9.747008588131080842e-01 6.043022265057091530e-02
9.747003300489875954e-01 6.053475075014687345e-02
9.746984911340469404e-01 6.091227510465267031e-02
9.746965725128343694e-01 6.133283576081659944e-02
9.746965156823639287e-01 6.134576628485691879e-02
9.746949964385988041e-01 6.170297133438638892e-02
9.746936861829678111e-01 6.203124196068943164e-02
9.746935270423521258e-01 6.207256797686302313e-02
9.746925853396078976e-01 6.232437315677864104e-02
9.746916516929954311e-01 6.258772252289013238e-02
9.746911969354132843e-01 6.272163891333591701e-02
9.746908531415914290e-01 6.282561081958991378e-02
9.746901649246925148e-01 6.304156129469670744e-02
9.746895676973765799e-01 6.323847562420878421e-02
9.746893885042616779e-01 6.329948808929949933e-02
9.746890461695677521e-01 6.341876523083436745e-02
9.746885881279149233e-01 6.358445065157822262e-02
9.746881837221961220e-01 6.373723767274180885e-02
9.746879908399778136e-01 6.381250021140051631e-02
9.746878249375479086e-01 6.387857633326184115e-02
9.746875051992118788e-01 6.400970713213800789e-02
9.746872190730999641e-01 6.413169756514433550e-02
9.746869620365247178e-01 6.424547127295178461e-02
9.746869148540293626e-01 6.426682266461347659e-02
9.746867303009207895e-01 6.435183148727935398e-02
9.746865206735084719e-01 6.445148003550894844e-02
9.746863304484257862e-01 6.454503285547233404e-02
9.746861573203680074e-01 6.463303274595282033e-02
9.746860895429011462e-01 6.466828519720790869e-02
9.746859993155723156e-01 6.471595991100127787e-02
9.746858547362770020e-01 6.479424073098859205e-02
9.746857221157345652e-01 6.486825509886148811e-02
9.746856001815449311e-01 6.493834258818956262e-02
9.746854878255991617e-01 6.500480766444019509e-02
9.746854587070900022e-01 6.502234730820989628e-02
9.746853840793051615e-01 6.506792410828113327e-02
9.746852880930597651e-01 6.512793878650872947e-02
9.746851991191594067e-01 6.518507488016998808e-02
9.746851164975026682e-01 6.523953465890693082e-02
9.746850396435779995e-01 6.529150187424273555e-02
9.746849781363394749e-01 6.533406827784597748e-02
9.746849680383292691e-01 6.534114383151108651e-02
9.746849012195683004e-01 6.538861318966986136e-02
9.746848387746746001e-01 6.543404952980447220e-02
9.746847803343622330e-01 6.547758072627761494e-02
9.746847255673420918e-01 6.551932414890235257e-02
9.746846741757360100e-01 6.555938771994573866e-02
9.746846258911209260e-01 6.559787084601276241e-02
9.746846132405974084e-01 6.560809508686565872e-02
9.746845804711105066e-01 6.563486524175533854e-02
9.746845376963882979e-01 6.567045565978070487e-02
9.746844973681284552e-01 6.570472053898741838e-02
9.746844593057467643e-01 6.573773258177273426e-02
9.746844233449326600e-01 6.576955926905082850e-02
9.746843893359252720e-01 6.580026332076231721e-02
9.746843571419983032e-01 6.582990310848886584e-02
9.746843370873310430e-01 6.584866397948059558e-02
9.746843266381258752e-01 6.585853302588537406e-02
9.746842977098039151e-01 6.588620382187765356e-02
9.746842702520084334e-01 6.591296290091908094e-02
9.746842441682712632e-01 6.593885459404499882e-02
9.746842193698600498e-01 6.596392040398585399e-02
9.746841957750475016e-01 6.598819922718890396e-02
9.746841733084600223e-01 6.601172755524910285e-02
9.746841519004955101e-01 6.603453965794130187e-02
9.746841314868035511e-01 6.605666774978685707e-02
9.746841287967876744e-01 6.605961202703786173e-02
9.746841120078176823e-01 6.607814214185603330e-02
9.746840934083363939e-01 6.609899138031125054e-02
9.746840756371465408e-01 6.611924237302281571e-02
9.746840586466830603e-01 6.613892050543891676e-02
9.746840423927227715e-01 6.615804974675765227e-02
9.746840268341077085e-01 6.617665274733666725e-02
9.746840119324943208e-01 6.619475092817121709e-02
9.746839976521264326e-01 6.621236456318536912e-02
9.746839839596295185e-01 6.622951285499965868e-02
9.746839722444265997e-01 6.624439566875890695e-02
9.746839708238229649e-01 6.624621400477191668e-02
9.746839582155508719e-01 6.626248527664380106e-02
9.746839461075261779e-01 6.627834305727463293e-02
9.746839344741891065e-01 6.629380291089223554e-02
9.746839232915790463e-01 6.630887963025114407e-02
9.746839125372154244e-01 6.632358728384805946e-02
9.746839021899904587e-01 6.633793925971148697e-02
9.746838922300696817e-01 6.635194830605214977e-02
9.746838826388019017e-01 6.636562656903401136e-02
9.746838733986350478e-01 6.637898562790006673e-02
9.746838644930404527e-01 6.639203652766828556e-02
9.746838559064419094e-01 6.640478980958917921e-02
9.746838550215868313e-01 6.640611379285435434e-02
9.746838476241507232e-01 6.641725553954408445e-02
9.746838396323065368e-01 6.642944333454352257e-02
9.746838319178218191e-01 6.644136238747229417e-02
9.746838244683309060e-01 6.645302149021574400e-02
9.746838172721427052e-01 6.646442905528918144e-02
9.746838103181982849e-01 6.647559313608171483e-02
9.746838035960291302e-01 6.648652144581825019e-02
9.746837970957208386e-01 6.649722137533185806e-02
9.746837908078778145e-01 6.650770000973370288e-02
9.746837847235920727e-01 6.651796414405933278e-02
9.746837788344122622e-01 6.652802029796368866e-02
9.746837731323169107e-01 6.653787472953137661e-02
9.746837676096878900e-01 6.654753344826487560e-02
9.746837676096878900e-01 6.654753344826487560e-02
