# n_s, r predictions of a polynomial alpha attractor model with k=4 and N_\star=56.
9.702336303197250933e-01 3.631128443625858881e-05
9.702336303197085510e-01 3.631128443629384571e-05
9.702328976101645130e-01 3.921260883175752102e-05
9.702320895402353207e-01 4.234596620889264078e-05
9.702311993703303106e-01 4.572995057435494295e-05
9.702302197926429006e-01 4.938465237268689081e-05
9.702291428852541921e-01 5.333178000662845480e-05
9.702279600604546417e-01 5.759479141425207611e-05
9.702266620110026052e-01 6.219903655563582953e-05
9.702252386500167525e-01 6.717191176030630408e-05
9.702236790471446826e-01 7.254302695542834065e-05
9.702219713586571759e-01 7.834438690363331164e-05
9.702201027521160093e-01 8.461058768077411223e-05
9.702180593244695839e-01 9.137902973907007333e-05
9.702158260131885648e-01 9.869014903876072197e-05
9.702133865001968394e-01 1.065876678620695904e-04
9.702107231068519688e-01 1.151188671067424377e-04
9.702078166808202342e-01 1.243348820039811415e-04
9.702046464724800590e-01 1.342910234367606487e-04
9.702011900007664336e-01 1.450471272365682414e-04
9.701974229074680212e-01 1.566679340910450281e-04
9.701933187982416662e-01 1.692235029823128121e-04
9.701888490698061807e-01 1.827896613802221151e-04
9.701839827216740542e-01 1.974484957740184614e-04
9.701786861503147730e-01 2.132888865346929143e-04
9.701729229253814868e-01 2.304070915285713888e-04
9.701720205557397003e-01 2.330772833638142564e-04
9.701666535444728456e-01 2.489073834519788626e-04
9.701598351656071095e-01 2.689027464068055118e-04
9.701524213141569097e-01 2.905156379240651137e-04
9.701443615622225014e-01 3.138788233911517754e-04
9.701356011768540455e-01 3.391362907122432054e-04
9.701260807342457770e-01 3.664442540285991036e-04
9.701157356958223232e-01 3.959722564694777313e-04
9.701044959419319325e-01 4.279043832392576043e-04
9.700922852586542078e-01 4.624405978584921481e-04
9.700807412471915692e-01 4.949613378995083206e-04
9.700790207719703906e-01 4.997982161724540432e-04
9.700646123231331241e-01 5.402135347955343541e-04
9.700489617787473318e-01 5.839436330552490260e-04
9.700319622672229913e-01 6.312683703312090997e-04
9.700134973330407639e-01 6.824926039595728211e-04
9.699934399987268918e-01 7.379486567523668890e-04
9.699716517236555147e-01 7.979990677134705468e-04
9.699700436818879945e-01 8.024237706615330954e-04
9.699479812459296246e-01 8.630396649708769888e-04
9.699222632947411826e-01 9.335030061907364238e-04
9.698943171556964060e-01 1.009862239413760344e-03
9.698639450725410338e-01 1.092635446091189165e-03
9.698435640176473749e-01 1.148069376878281447e-03
9.698309304648996543e-01 1.182390538843054555e-03
9.697950359416025456e-01 1.279750799061385056e-03
9.697560010858660151e-01 1.385401154702202518e-03
9.697135399886311902e-01 1.500095316578286923e-03
9.697031310900369183e-01 1.528179185115035666e-03
9.696673385052311245e-01 1.624663913003617302e-03
9.696170512112918249e-01 1.760023788232328249e-03
9.695622980360563137e-01 1.907188660531841011e-03
9.695498031274858430e-01 1.940745838104626728e-03
9.695026605561923860e-01 2.067281371717913634e-03
9.694376779416232770e-01 2.241548002333245467e-03
9.693842511201592460e-01 2.384731630717108058e-03
9.693668425581948300e-01 2.431374176200415838e-03
9.692895952517381897e-01 2.638303935518701831e-03
9.692069418514862589e-01 2.859717318461213898e-03
9.692053203655563998e-01 2.864061633581644825e-03
9.691133405796829026e-01 3.110577366907201456e-03
9.690182407698237910e-01 3.365709631860871066e-03
9.690129117054785413e-01 3.380016552215488624e-03
9.689032176207258429e-01 3.674814346382419047e-03
9.688184758383766582e-01 3.903023157573899064e-03
9.687833655827549073e-01 3.997715709763322543e-03
9.686523821990752348e-01 4.351822027183035319e-03
9.686079782876281241e-01 4.472200808487745462e-03
9.685092103493823101e-01 4.740645331604040162e-03
9.683871068610974131e-01 5.073956356551800363e-03
9.683527073173450184e-01 5.168171333577636049e-03
9.681816442848427684e-01 5.638932662483478811e-03
9.681562587974541501e-01 5.709131152950140502e-03
9.679947071541430414e-01 6.158093998342012258e-03
9.679158700902285029e-01 6.378661244133475468e-03
9.677904984131269206e-01 6.731551143348664216e-03
9.676664079268406660e-01 7.083552885004017891e-03
9.675675395025086223e-01 7.366046571658452571e-03
9.674083586397809187e-01 7.824865028217537974e-03
9.673242729813316121e-01 8.069304604895227023e-03
9.671422144413202027e-01 8.603697394225806941e-03
9.670590638345427648e-01 8.850190056162918900e-03
9.668684615459961496e-01 9.421182640826881310e-03
9.667701996065756198e-01 9.718894897983536979e-03
9.665875712490947791e-01 1.027848118655975453e-02
9.664558896777896146e-01 1.068715814550917978e-02
9.662999944838844835e-01 1.117677744751077555e-02
9.661142648221677787e-01 1.176852460702598226e-02
9.660061595959889003e-01 1.211727655759572107e-02
9.657433790288715292e-01 1.297864834306997756e-02
9.657064726451651815e-01 1.310120096515838238e-02
9.654013194241976015e-01 1.412978656730190692e-02
9.653412162906331861e-01 1.433564647596779172e-02
9.650910684603910550e-01 1.520427823205800291e-02
9.649057055999297194e-01 1.586050820836135133e-02
9.647760744290356794e-01 1.632592467219876053e-02
9.644566815845412311e-01 1.749597269286625595e-02
9.644347477983572503e-01 1.757756218921201902e-02
9.641332269664405485e-01 1.871566085792534737e-02
9.639262583016023900e-01 1.951500211857070191e-02
9.638060432494881535e-01 1.998621262484178568e-02
9.634754611834155380e-01 2.130882899422736551e-02
9.633782301656644842e-01 2.170546479994937134e-02
9.631418116139541796e-01 2.268468071581017029e-02
9.628054271029733435e-01 2.411490008880094391e-02
9.627888224827105823e-01 2.418664543200927525e-02
9.624666431775263931e-01 2.560057239392898171e-02
9.621564795913489787e-01 2.700192001913355455e-02
9.621257992417421301e-01 2.714272699601022118e-02
9.617832391849365781e-01 2.874232815992566054e-02
9.614800868055005667e-01 3.020092212710679541e-02
9.614393117166479819e-01 3.040026562867697429e-02
9.610943704558477796e-01 3.211734501928741742e-02
9.607591678822640091e-01 3.383998819742220499e-02
9.607487737980980880e-01 3.389427810037734523e-02
9.604028845815245630e-01 3.573167302355594738e-02
9.600570695699306434e-01 3.763002458950572005e-02
9.599941276294446935e-01 3.798233968888042184e-02
9.597116987697154045e-01 3.958970463780808746e-02
9.593671445959863764e-01 4.161095265744192695e-02
9.591865390332844354e-01 4.269780992251305529e-02
9.590237809026938010e-01 4.369386672167537011e-02
9.586819818912394320e-01 4.583839485709411549e-02
9.583421209122900963e-01 4.804432696063402203e-02
9.583394670063548615e-01 4.806185020721048112e-02
9.580045691757809179e-01 5.031128738139532819e-02
9.576696943846270127e-01 5.263872828487051875e-02
9.574578092439475219e-01 5.415347163296622274e-02
9.573378593084054256e-01 5.502592391570999830e-02
9.570094203137248234e-01 5.747196587197359041e-02
9.566847258687449784e-01 5.997575949760041575e-02
9.565486181050575354e-01 6.105171533235272119e-02
9.563641150397027557e-01 6.253602149162483526e-02
9.560479159976401631e-01 6.515127882180865582e-02
9.557364445536407072e-01 6.781986901717881877e-02
9.556213465693345066e-01 6.883023180948147357e-02
9.554300027407378604e-01 7.053994189853715624e-02
9.551288774602704201e-01 7.330946278856136089e-02
9.548333392097634320e-01 7.612621722393711488e-02
9.546879393980082229e-01 7.754964686821537445e-02
9.545436409084427920e-01 7.898781717140231085e-02
9.542600168352229906e-01 8.189170872806830759e-02
9.539826816924754649e-01 8.483518126435508899e-02
9.537626748145864308e-01 8.724767156884755126e-02
9.537118298070925704e-01 8.781537794586452561e-02
9.534476344783436863e-01 9.082930754907200810e-02
9.531902474799135438e-01 9.387385746503722206e-02
9.529397987210206367e-01 9.694580776701124114e-02
9.528616639267797339e-01 9.792744304718505044e-02
9.526963960693886069e-01 1.000418462001062825e-01
9.524601253361766329e-01 1.031585839376140956e-01
9.522310504207399662e-01 1.062925719364768845e-01
9.520092136107425329e-01 1.094403177160943041e-01
9.520019487157304061e-01 1.095453704261717676e-01
9.517946360309825771e-01 1.125983023794330934e-01
9.515873182323172363e-01 1.157629976935859173e-01
9.513872409103033556e-01 1.189308830485054230e-01
9.512002146761413535e-01 1.220006824693022351e-01
9.511943657416774833e-01 1.220984621174866225e-01
9.510086363255449982e-01 1.252622790510427853e-01
9.508299792152947738e-01 1.284189340462959794e-01
9.506583050264759693e-01 1.315650981479483950e-01
9.504935096057243182e-01 1.346975271515478689e-01
9.504712465028226642e-01 1.351296173604217277e-01
9.503354752456427690e-01 1.378130744974389310e-01
9.501840719308422001e-01 1.409087030617959813e-01
9.500391586008033462e-01 1.439814957702944265e-01
9.499005844158963097e-01 1.470286649794169953e-01
9.498263757518381478e-01 1.487072853354089452e-01
9.497681900138931210e-01 1.500475605890863873e-01
9.496418087451198309e-01 1.530356768700345538e-01
9.495212678758285785e-01 1.559906580057820180e-01
9.494063897503978167e-01 1.589103023666630088e-01
9.492969929043573174e-01 1.617925655479300062e-01
9.492722463522145215e-01 1.624592290333773670e-01
9.491928931215207754e-01 1.646355622175521005e-01
9.490939044297971305e-01 1.674375668309610876e-01
9.489998400315217131e-01 1.701970132797909208e-01
9.489105131653396974e-01 1.729124935495767179e-01
9.488257378978043333e-01 1.755827554674201652e-01
9.488102034214265235e-01 1.760825269447049979e-01
9.487453298438841554e-01 1.782066996248964641e-01
9.486691068165130636e-01 1.807833755640307627e-01
9.485968894061419521e-01 1.833119773151800358e-01
9.485285014919767610e-01 1.857918383752277525e-01
9.484637706871954510e-01 1.882224262128485981e-01
9.484364730886543082e-01 1.892734932010524396e-01
9.484025287209504329e-01 1.906033363848229356e-01
9.483446117603574477e-01 1.929342863437474020e-01
9.482898606759826432e-01 1.952151090131300226e-01
9.482381212545963889e-01 1.974457462006540265e-01
9.481892443629906797e-01 1.996262419156530632e-01
9.481430860669093352e-01 2.017567356501758224e-01
9.481430860669092242e-01 2.017567356501761000e-01
