# n_s, r predictions of a polynomial alpha attractor model with k=1 and N_\star=50.
9.733241496187202690e-01 1.003602475520180772e-04
9.733241496187181596e-01 1.003602475520180501e-04
9.733231725994493377e-01 1.101438799006691777e-04
9.733220947141965063e-01 1.208811571165709168e-04
9.733209057858733804e-01 1.326650129758229625e-04
9.733195946328934145e-01 1.455974336046232307e-04
9.733181489728078839e-01 1.597903383809642940e-04
9.733165553171804207e-01 1.753665463681514471e-04
9.733147988569690323e-01 1.924608365395606962e-04
9.733128633376482153e-01 2.112211108385247894e-04
9.733107309235369264e-01 2.318096699715562088e-04
9.733083820495783689e-01 2.544046127789176270e-04
9.733057952613830555e-01 2.792013710149205807e-04
9.733029470409212403e-01 3.064143925096338150e-04
9.732998116180912040e-01 3.362789868497862637e-04
9.732963607668849715e-01 3.690533490271399723e-04
9.732925635853553192e-01 4.050207778939080017e-04
9.732883862585698376e-01 4.444921077669344812e-04
9.732837918040107006e-01 4.878083731225944558e-04
9.732787397981931266e-01 5.353437280542547696e-04
9.732731860850764027e-01 5.875086439337193212e-04
9.732670824650639929e-01 6.447534106569736750e-04
9.732603763652094564e-01 7.075719687837273312e-04
9.732530104909530300e-01 7.765061018967099778e-04
9.732449224603597626e-01 8.521500205039074689e-04
9.732360444225442997e-01 9.351553707411198926e-04
9.732263026624733415e-01 1.026236702939707559e-03
9.732156171960092417e-01 1.126177436629697149e-03
9.732039013593676291e-01 1.235836359710046394e-03
9.731910613995575776e-01 1.356154699981435268e-03
9.731769960737178815e-01 1.488163806862389648e-03
9.731615962677218068e-01 1.632993479443210294e-03
9.731447446470982143e-01 1.791880973636744831e-03
9.731263153565778978e-01 1.966180715426045326e-03
9.731061737882980012e-01 2.157374738296081920e-03
9.730841764435522734e-01 2.367083849784543809e-03
9.730601709173921643e-01 2.597079513539220664e-03
9.730339960423327605e-01 2.849296407384081624e-03
9.730054822331679620e-01 3.125845582977661297e-03
9.729744520826992815e-01 3.429028105822315518e-03
9.729407212658951476e-01 3.761348992753602710e-03
9.729040998178318800e-01 4.125531183900922258e-03
9.728643938590868512e-01 4.524529183026600176e-03
9.728214078486823180e-01 4.961541869580754494e-03
9.727749474503178950e-01 5.440023822200940572e-03
9.727248230996839995e-01 5.963694291745647892e-03
9.726708543582274213e-01 6.536542717471935382e-03
9.726128751296775343e-01 7.162829389476901149e-03
9.725507397974771928e-01 7.847079523785986666e-03
9.724843303112912229e-01 8.594068638189941711e-03
9.724135642061069174e-01 9.408796709532797620e-03
9.723384034753371763e-01 1.029644818026746907e-02
9.722588641376415097e-01 1.126233450276322920e-02
9.721750262349790894e-01 1.231181562301535831e-02
9.720870438778576039e-01 1.345019669415531763e-02
9.719951548170728817e-01 1.468259648422658332e-02
9.718996888781386012e-01 1.601378453732774446e-02
9.718010744583354121e-01 1.744798531642086092e-02
9.716998421776624761e-01 1.898864945424878076e-02
9.715966247184838478e-01 2.063819499315773520e-02
9.714921519154637863e-01 2.239772515811114945e-02
9.713872402979014664e-01 2.426673370298110602e-02
9.712827765667795266e-01 2.624281392691794543e-02
9.711796949208876262e-01 2.832139255646560702e-02
9.710789487191151537e-01 3.049551404496110563e-02
9.709814776364545930e-01 3.275570344719883065e-02
9.708881721607668380e-01 3.508993579131885338e-02
9.707998378764595149e-01 3.748373584278170967e-02
9.707936273565702656e-01 3.765970296669775980e-02
9.707171623657020465e-01 3.992042383248028958e-02
9.706406876154931584e-01 4.238151033860980410e-02
9.705707904817341136e-01 4.484722823426365995e-02
9.705076730334122326e-01 4.729717350184163560e-02
9.704513635691971452e-01 4.971101241997558789e-02
9.704492850321880804e-01 4.980501096300431890e-02
9.704017279272371121e-01 5.206920282334227823e-02
9.703584895968303536e-01 5.435367385450402128e-02
9.703231645068648437e-01 5.642973431498272269e-02
9.703212562794338858e-01 5.654841269419231403e-02
9.702895500692256814e-01 5.863991753115992828e-02
9.702628383767641918e-01 6.061749155267754513e-02
9.702626876875747319e-01 6.062933979598682244e-02
9.702405630585958507e-01 6.247337023030830744e-02
9.702290015297894143e-01 6.353519846370270230e-02
9.702221658274295946e-01 6.420269075518972302e-02
9.702083180532585782e-01 6.566706220938743621e-02
9.702071087562351703e-01 6.580332578952433065e-02
9.701948894162126802e-01 6.727561234742145124e-02
9.701947118856026897e-01 6.729846173948449140e-02
9.701852880386205857e-01 6.858738840225153677e-02
9.701850507988033501e-01 6.862201026314983243e-02
9.701784942087522401e-01 6.963157094979036121e-02
9.701771866082974372e-01 6.984672391325326413e-02
9.701734368589559621e-01 7.049474269860177278e-02
9.701709427631267646e-01 7.095531676386059028e-02
9.701695719984249067e-01 7.122025559406018613e-02
9.701665530270282556e-01 7.183863102597010108e-02
9.701660160314206083e-01 7.195434226101674047e-02
9.701641506242441038e-01 7.237198279079121166e-02
9.701622081640538520e-01 7.283672726731134361e-02
9.701621506909408055e-01 7.285100782064281300e-02
9.701606157232678385e-01 7.324530816900164110e-02
9.701592943200495478e-01 7.360733021896574690e-02
9.701591339896534771e-01 7.365288218503696083e-02
9.701581860261813128e-01 7.393032540737698444e-02
9.701572475781740090e-01 7.422028368981280211e-02
9.701567910315473942e-01 7.436765082851926056e-02
9.701564461405596251e-01 7.448202852125643258e-02
9.701557564310069326e-01 7.471948771026729053e-02
9.701551587290617729e-01 7.493589213393987702e-02
9.701549795536372756e-01 7.500291972579141431e-02
9.701546374712584075e-01 7.513392378222392975e-02
9.701541802432860351e-01 7.531582759448364472e-02
9.701537770459811583e-01 7.548349701714499038e-02
9.701535849145093149e-01 7.556606469723363417e-02
9.701534197533250303e-01 7.563854021634296154e-02
9.701531017071354235e-01 7.578233186412314248e-02
9.701528174104383506e-01 7.591605403739240532e-02
9.701525622929985104e-01 7.604072880996472217e-02
9.701525154929032668e-01 7.606412160068244666e-02
9.701523325302395806e-01 7.615724444191807052e-02
9.701521249021071158e-01 7.626637658736135084e-02
9.701519366821154122e-01 7.636880559227070264e-02
9.701517655494258374e-01 7.646513069840435439e-02
9.701516986001929022e-01 7.650371164415252501e-02
9.701516095186526467e-01 7.655588178028845114e-02
9.701514668834264610e-01 7.664152910112491390e-02
9.701513361707220229e-01 7.672249146709728129e-02
9.701512161036670578e-01 7.679914307868455914e-02
9.701511055710784204e-01 7.687181931560983783e-02
9.701510769421018976e-01 7.689099581470951184e-02
9.701510036023726080e-01 7.694082164417834213e-02
9.701509093467950429e-01 7.700642179851346913e-02
9.701508220561363416e-01 7.706886535802552618e-02
9.701507410702869816e-01 7.712837482044269943e-02
9.701506658051068932e-01 7.718515225148743497e-02
9.701506056189260763e-01 7.723165263315011353e-02
9.701505957421975301e-01 7.723938157771767510e-02
9.701505304202434621e-01 7.729123057737082025e-02
9.701504694276524843e-01 7.734085261462247951e-02
9.701504123962789716e-01 7.738838815503139290e-02
9.701503589960501772e-01 7.743396609371801242e-02
9.701503089303518124e-01 7.747770492273144127e-02
9.701502619320517828e-01 7.751971375987115609e-02
9.701502496253343599e-01 7.753087396378013918e-02
9.701502177600626053e-01 7.756009325777715735e-02
9.701501761963640114e-01 7.759893640923384850e-02
9.701501370434115756e-01 7.763632926225605413e-02
9.701501001218805209e-01 7.767235155653154366e-02
9.701500652686922965e-01 7.770707729113020268e-02
9.701500323352866273e-01 7.774057523198611708e-02
9.701500011861030615e-01 7.777290936647904274e-02
9.701499817959194916e-01 7.779337428659180431e-02
9.701499716972442622e-01 7.780413931143780049e-02
9.701499437552973948e-01 7.783432068004067506e-02
9.701499172562908502e-01 7.786350541236455869e-02
9.701498921047706503e-01 7.789174207371596381e-02
9.701498682129801043e-01 7.791907612434929853e-02
9.701498455001295040e-01 7.794555016372378686e-02
9.701498238917457551e-01 7.797120415205964494e-02
9.701498033190917303e-01 7.799607561161758795e-02
9.701497837186459083e-01 7.802019980983396219e-02
9.701497811370557445e-01 7.802340956971508257e-02
9.701497650316373011e-01 7.804360992619198412e-02
9.701497472036271219e-01 7.806633720448881431e-02
9.701497301841326415e-01 7.808841109196969221e-02
9.701497139262893477e-01 7.810985936662968865e-02
9.701496983865451895e-01 7.813070825384299534e-02
9.701496835243852424e-01 7.815098253334765155e-02
9.701496693020821294e-01 7.817070563750426471e-02
9.701496556844702024e-01 7.818989974164787526e-02
9.701496426387403726e-01 7.820858584726514406e-02
9.701496314860567072e-01 7.822480259284604609e-02
9.701496301342552586e-01 7.822678385865325379e-02
9.701496181423779896e-01 7.824451265364854025e-02
9.701496066363202164e-01 7.826179014895356945e-02
9.701495955910003355e-01 7.827863336053726695e-02
9.701495849829155915e-01 7.829505845953738108e-02
9.701495747900253930e-01 7.831108082404993065e-02
9.701495649916437314e-01 7.832671508715481623e-02
9.701495555683412597e-01 7.834197518149421668e-02
9.701495465018549202e-01 7.835687438068664190e-02
9.701495377750063431e-01 7.837142533783759968e-02
9.701495293716249080e-01 7.838564012138087012e-02
9.701495212764785769e-01 7.839953024846389729e-02
9.701495204426825447e-01 7.840097222528064069e-02
9.701495134752098348e-01 7.841310671607085170e-02
9.701495059542761812e-01 7.842638003006155434e-02
9.701494987008955073e-01 7.843936023228602339e-02
9.701494917029963583e-01 7.845205692592185920e-02
9.701494849491705263e-01 7.846447929917033104e-02
9.701494784286308626e-01 7.847663614743181915e-02
9.701494721311709757e-01 7.848853589407482623e-02
9.701494660471282616e-01 7.850018660990069896e-02
9.701494601673502638e-01 7.851159603139935828e-02
9.701494544831625877e-01 7.852277157788165041e-02
9.701494489863393689e-01 7.853372036756961494e-02
9.701494436690761836e-01 7.854444923271605705e-02
9.701494385239642915e-01 7.855496473382336808e-02
9.701494385239642915e-01 7.855496473382343747e-02
