# n_s, r predictions of a polynomial alpha attractor model with k=1 and N_\star=40.
9.666550254051191615e-01 1.351315679214455797e-04
9.666550254051191615e-01 1.351315679214455797e-04
9.666537625021480729e-01 1.483044316035630377e-04
9.666523676500138329e-01 1.627612187400555917e-04
9.666508274366568676e-01 1.786270343443707134e-04
9.666491271213016878e-01 1.960391667370777694e-04
9.666472505060907938e-01 2.151482726138871334e-04
9.666451797973855120e-01 2.361196770685065329e-04
9.666428954540040586e-01 2.591347996592697394e-04
9.666403760220914076e-01 2.843927186432540196e-04
9.666375979554917564e-01 3.121118866475533450e-04
9.666345354206147267e-01 3.425320122901105995e-04
9.666311600844763596e-01 3.759161236162382957e-04
9.666274408854554911e-01 4.125528306691528236e-04
9.666233437846543097e-01 4.527588061216971630e-04
9.666188314977488538e-01 4.968815045764504073e-04
9.666138632057780233e-01 5.453021430032439082e-04
9.666083942440510945e-01 5.984389667399437045e-04
9.666023757683679385e-01 6.567508275835095329e-04
9.665957543978893618e-01 7.207411027171952127e-04
9.665884718345061355e-01 7.909619855415253066e-04
9.665804644580046068e-01 8.680191819184693682e-04
9.665716628985437930e-01 9.525770477626025997e-04
9.665619915864077649e-01 1.045364206449636481e-03
9.665513682813567931e-01 1.147179686887794597e-03
9.665397035841635232e-01 1.258899625371174506e-03
9.665269004340019121e-01 1.381484576307369762e-03
9.665128535973914747e-01 1.515987478379199858e-03
9.664974491553786073e-01 1.663562323511192601e-03
9.664805639986441266e-01 1.825473575711264451e-03
9.664620653422391072e-01 2.003106385157537098e-03
9.664418102753176143e-01 2.197977639114743597e-03
9.664196453648123963e-01 2.411747884760547488e-03
9.663954063366752001e-01 2.646234148765318553e-03
9.663689178636172272e-01 2.903423663325354741e-03
9.663399934945453573e-01 3.185488486723917888e-03
9.663084357679276870e-01 3.494800976455799194e-03
9.662740365597749514e-01 3.833950031973905759e-03
9.662365777251030741e-01 4.205757969364017079e-03
9.661958321025193586e-01 4.613297817660306360e-03
9.661515649607627099e-01 5.059910732133355606e-03
9.661035359766939612e-01 5.549223098077572802e-03
9.660515018435078538e-01 6.085162743753317477e-03
9.659952196154180104e-01 6.671973486680957133e-03
9.659344508996325906e-01 7.314226996728685759e-03
9.658689670054431131e-01 8.016830666377833953e-03
9.657985551519688849e-01 8.785029828462721790e-03
9.657230258170833581e-01 9.624402253276461219e-03
9.656422212770368052e-01 1.054084239439333215e-02
9.655560253355170985e-01 1.154053234892713289e-02
9.654643741686447234e-01 1.262989597932312989e-02
9.653672681155709423e-01 1.381553215442640585e-02
9.652647841211658974e-01 1.510412267557176280e-02
9.651570883884739160e-01 1.650231025613284677e-02
9.650444486285110202e-01 1.801654205080185575e-02
9.649272451132061557e-01 1.965287484715039570e-02
9.648059795599491784e-01 2.141673932572799727e-02
9.646812807270429557e-01 2.331266296214975012e-02
9.645539055095130321e-01 2.534395435493071516e-02
9.644247343319775068e-01 2.751235610687969430e-02
9.642947597782152158e-01 2.981767880957224628e-02
9.641650677110158441e-01 3.225743489578142276e-02
9.640368106394742176e-01 3.482649755328903751e-02
9.639111737771270949e-01 3.751681562079658278e-02
9.637893350572533935e-01 4.031721920326456626e-02
9.636724212421904356e-01 4.321335128682254195e-02
9.635614630500521915e-01 4.618775665402388708e-02
9.634573527720052821e-01 4.922015012181783084e-02
9.634500693648052616e-01 4.944233412637830116e-02
9.633608080193397649e-01 5.228787162727509957e-02
9.632723449223207224e-01 5.536651717896705349e-02
9.631922632877786272e-01 5.843071453769610457e-02
9.631206449976715822e-01 6.145499389487320274e-02
9.630573654829913677e-01 6.441469017914704109e-02
9.630550415338240411e-01 6.452954095577424776e-02
9.630021166815143641e-01 6.728680771060535637e-02
9.629544387301642860e-01 7.005078111898062343e-02
9.629158328157226832e-01 7.254684503161587528e-02
9.629137569388773743e-01 7.268907832415828774e-02
9.628794204241413190e-01 7.518760979487121299e-02
9.628507391137611782e-01 7.753592993405569733e-02
9.628505780094392952e-01 7.754995803285009981e-02
9.628270165419897664e-01 7.972723764099995392e-02
9.628147824118077347e-01 8.097552715063986717e-02
9.628075767586173894e-01 8.175820074165648932e-02
9.627930486060680693e-01 8.346976040586298606e-02
9.627917845980927813e-01 8.362864104449495295e-02
9.627790593540959119e-01 8.534112258610034030e-02
9.627788751404589007e-01 8.536763948589026763e-02
9.627691270806301160e-01 8.686046762405888466e-02
9.627688824974902637e-01 8.690048568101584048e-02
9.627621406420295846e-01 8.806553876558095850e-02
9.627608004357822713e-01 8.831336499208418400e-02
9.627569660280819175e-01 8.905880628465207005e-02
9.627544234603586659e-01 8.958772264745781810e-02
9.627530289588893675e-01 8.989163568926840375e-02
9.627499656594409316e-01 9.060001569627701423e-02
9.627494220103034461e-01 9.073241906044608729e-02
9.627475366497476594e-01 9.120991470525918743e-02
9.627455790804305691e-01 9.174054289242032645e-02
9.627455212557058939e-01 9.175683585852235924e-02
9.627439791034492211e-01 9.220641730023133864e-02
9.627426552006720373e-01 9.261871303109096842e-02
9.627424948200599131e-01 9.267055808227231406e-02
9.627415477711660508e-01 9.298617288274416137e-02
9.627406124294398682e-01 9.331573512784810398e-02
9.627401582629390164e-01 9.348311703516325177e-02
9.627398155769305577e-01 9.361297635194279487e-02
9.627391314065693040e-01 9.388242995379157685e-02
9.627385398340826406e-01 9.412781922539086021e-02
9.627383627576981961e-01 9.420379097732688167e-02
9.627380250423789310e-01 9.435223060080938362e-02
9.627375744399114810e-01 9.455824426015968509e-02
9.627371779037942057e-01 9.474803385450468463e-02
9.627369892402606322e-01 9.484145815159740478e-02
9.627368272221030754e-01 9.492344354766117653e-02
9.627365156776662714e-01 9.508604817518929997e-02
9.627362377337824739e-01 9.523720068529945015e-02
9.627359887943245376e-01 9.537806989209587916e-02
9.627359431799983325e-01 9.540449516802405883e-02
9.627357650187799987e-01 9.550967077341862566e-02
9.627355631783208745e-01 9.563288897637262087e-02
9.627353805428254807e-01 9.574850078270169540e-02
9.627352147914819414e-01 9.585718948604775302e-02
9.627351500318444000e-01 9.590071326458471379e-02
9.627350639415149791e-01 9.595955891159588247e-02
9.627349262909583594e-01 9.605614464343187331e-02
9.627348003724019998e-01 9.614742340061939452e-02
9.627346849153722852e-01 9.623382090863397131e-02
9.627345788155561301e-01 9.631571854053370962e-02
9.627345513660116039e-01 9.633732512370490886e-02
9.627344811094821209e-01 9.639345894651887847e-02
9.627343909535823752e-01 9.646735084721240472e-02
9.627343076067905736e-01 9.653767313210505352e-02
9.627342304160099173e-01 9.660467837790862045e-02
9.627341588039253217e-01 9.666859588040488394e-02
9.627341016324306722e-01 9.672093551122605548e-02
9.627340922587346306e-01 9.672963427651051771e-02
9.627340303254653398e-01 9.678798381975384224e-02
9.627339725986008290e-01 9.684381836146203903e-02
9.627339187157959444e-01 9.689729708112816697e-02
9.627338683525039631e-01 9.694856600223911158e-02
9.627338212173641718e-01 9.699775932397168565e-02
9.627337770482322643e-01 9.704500059433411596e-02
9.627337654954665203e-01 9.705754982250537621e-02
9.627337356087521947e-01 9.709040374634879400e-02
9.627336966853862199e-01 9.713407401557647147e-02
9.627336600848361847e-01 9.717610875453645825e-02
9.627336256317973184e-01 9.721659815729385978e-02
9.627335931669962488e-01 9.725562590556380282e-02
9.627335625454735979e-01 9.729326974607664658e-02
9.627335336350768547e-01 9.732960200758551672e-02
9.627335156654589499e-01 9.735259552722359822e-02
9.627335063151348793e-01 9.736469006475410859e-02
9.627334804752878394e-01 9.739859675518344750e-02
9.627334560144555908e-01 9.743138075500920592e-02
9.627334328399219654e-01 9.746309691779446449e-02
9.627334108665240864e-01 9.749379658083408284e-02
9.627333900159300573e-01 9.752352784247027284e-02
9.627333702159972528e-01 9.755233581356970163e-02
9.627333514001982229e-01 9.758026284592891120e-02
9.627333335071078801e-01 9.760734874003902661e-02
9.627333311529239213e-01 9.761095240406540696e-02
9.627333164799449783e-01 9.763363093435516171e-02
9.627333002661601080e-01 9.765914467796206477e-02
9.627332848170655488e-01 9.768392318831191357e-02
9.627332700875022020e-01 9.770799779551798958e-02
9.627332560355398305e-01 9.773139807452192740e-02
9.627332426222060535e-01 9.775415196630864167e-02
9.627332298112414311e-01 9.777628588921168096e-02
9.627332175688779747e-01 9.779782484124205366e-02
9.627332058636383083e-01 9.781879249427487266e-02
9.627331958755857011e-01 9.783698828966393146e-02
9.627331946661528139e-01 9.783921128083836183e-02
9.627331839489949861e-01 9.785910247417439756e-02
9.627331736865293310e-01 9.787848626217356129e-02
9.627331638547753645e-01 9.789738181572096853e-02
9.627331544312812683e-01 9.791580735194349572e-02
9.627331453950096485e-01 9.793378019279383451e-02
9.627331367262338402e-01 9.795131681936894430e-02
9.627331284064409855e-01 9.796843292232092215e-02
9.627331204182447699e-01 9.798514344868400339e-02
9.627331127453051529e-01 9.800146264541130525e-02
9.627331053722543164e-01 9.801740409988887737e-02
9.627330982846288299e-01 9.803298077766742225e-02
9.627330975554670989e-01 9.803459780175192984e-02
9.627330914688073671e-01 9.804820505763428562e-02
9.627330849119526412e-01 9.806308876482376646e-02
9.627330786019588915e-01 9.807764320105023803e-02
9.627330725274031442e-01 9.809187917353077990e-02
9.627330666774995827e-01 9.810580702164825584e-02
9.627330610420580248e-01 9.811943664199587745e-02
9.627330556114455096e-01 9.813277751182980513e-02
9.627330503765501035e-01 9.814583871104647084e-02
9.627330453287482603e-01 9.815862894279239748e-02
9.627330404598744007e-01 9.817115655280410358e-02
9.627330357621912693e-01 9.818342954756899277e-02
9.627330312283649549e-01 9.819545561138980083e-02
9.627330268514390221e-01 9.820724212242970541e-02
9.627330268514390221e-01 9.820724212242966378e-02
