# n_s, r predictions of a polynomial alpha attractor model with k=4 and N_\star=44.
9.621162549358388549e-01 5.427455742538535977e-05
9.621162549358470706e-01 5.427455742529914537e-05
9.621152495203462163e-01 5.861146510086339968e-05
9.621141365381551402e-01 6.329528099254655557e-05
9.621129062323821035e-01 6.835381743352080268e-05
9.621115480192805602e-01 7.381712745318181267e-05
9.621100504194634029e-01 7.971768716408008228e-05
9.621084009851972318e-01 8.609059330462329662e-05
9.621065862190858464e-01 9.297377726159465139e-05
9.621045914883239458e-01 1.004082369955715557e-04
9.621024009300194191e-01 1.084382884486516905e-04
9.620999973499814173e-01 1.171118381468735578e-04
9.620973621121181596e-01 1.264806788882600296e-04
9.620944750185638217e-01 1.366008105817934320e-04
9.620913141800848667e-01 1.475327885121499930e-04
9.620878558747598674e-01 1.593421015277548787e-04
9.620840743953247287e-01 1.720995829054443652e-04
9.620799418820902282e-01 1.858818569352483924e-04
9.620754281428469668e-01 2.007718245611247890e-04
9.620705004557952300e-01 2.168591918026103527e-04
9.620651233556103410e-01 2.342410450524963429e-04
9.620592584003579972e-01 2.530224778079239139e-04
9.620528639173165919e-01 2.733172738993964622e-04
9.620458947264851624e-01 2.952486528381056941e-04
9.620383018380025408e-01 3.189500835825493296e-04
9.620300321216733730e-01 3.445661737321950059e-04
9.620287366251630834e-01 3.485621677015473792e-04
9.620210279467896752e-01 3.722536419919345095e-04
9.620112267867000355e-01 4.021823827470110118e-04
9.620005607867246900e-01 4.345366326283657240e-04
9.619889562895893587e-01 4.695162502518797202e-04
9.619763333155133544e-01 5.073381217070058831e-04
9.619626049903712284e-01 5.482377060802818376e-04
9.619476769169276187e-01 5.924707371811176876e-04
9.619314464824455513e-01 6.403150998749884042e-04
9.619138020952420209e-01 6.920729020069456543e-04
9.618971107544832533e-01 7.408213744072047980e-04
9.618946223419185815e-01 7.480727659007817233e-04
9.618737750558230548e-01 8.086723669282640031e-04
9.618511162859100239e-01 8.742612507493748063e-04
9.618264891545298401e-01 9.452639656185356579e-04
9.617997225892643831e-01 1.022143551879548017e-03
9.617706299146143722e-01 1.105405437371340376e-03
9.617390072852073368e-01 1.195601795447648417e-03
9.617366726861553694e-01 1.202249251215307090e-03
9.617046319410775812e-01 1.293336431646864484e-03
9.616672602627556188e-01 1.399270276190465664e-03
9.616266256012995228e-01 1.514127572752022770e-03
9.615824358555942197e-01 1.638702869745947699e-03
9.615527672612846910e-01 1.722173018399777598e-03
9.615343707663293049e-01 1.773868939282582978e-03
9.614820788932463280e-01 1.920585771536762257e-03
9.614251742396912048e-01 2.079910819338331041e-03
9.613632324866455692e-01 2.253010700189250065e-03
9.613480416349060587e-01 2.295417398397888147e-03
9.612957867975493453e-01 2.441174601691126558e-03
9.612223231563702397e-01 2.645829682704610875e-03
9.611422752053460083e-01 2.868558817794033232e-03
9.611239994387935637e-01 2.919379435799376778e-03
9.610550185566765213e-01 3.111121098144323943e-03
9.609598645671925121e-01 3.375475579548099358e-03
9.608815744084933108e-01 3.592925660413257352e-03
9.608560535865970920e-01 3.663808858996213304e-03
9.607427477233941859e-01 3.978567166909109491e-03
9.606214047836122427e-01 4.315870309458829518e-03
9.606190232189325551e-01 4.322493783254567276e-03
9.604838625813929553e-01 4.698672723214722576e-03
9.603439884799647164e-01 5.088688438721784661e-03
9.603361467092298431e-01 5.110579791424665896e-03
9.601746473235146517e-01 5.562142272839670949e-03
9.600497803081293746e-01 5.912338162139219207e-03
9.599980201226212539e-01 6.057808712944395824e-03
9.598047991532461243e-01 6.602630442628126817e-03
9.597392546803137359e-01 6.788138819532222451e-03
9.595933929321106559e-01 7.202356731041112230e-03
9.594129432701774540e-01 7.717680775905721817e-03
9.593620828168824000e-01 7.863545719830026745e-03
9.591090239799860973e-01 8.593693632751026393e-03
9.590714521518922675e-01 8.702755634676408170e-03
9.588322490652240182e-01 9.401385207681576747e-03
9.587154620482333245e-01 9.745301814069164126e-03
9.585296742348361487e-01 1.029646890741130714e-02
9.583457160565390653e-01 1.084736303308681156e-02
9.581991069341785350e-01 1.129026126108606531e-02
9.579630000484923302e-01 1.201105790093698854e-02
9.578382544763184292e-01 1.239578565266577503e-02
9.575681209506434755e-01 1.323855856902065621e-02
9.574447326711790218e-01 1.362805191510966032e-02
9.571618871153696473e-01 1.453207604094467441e-02
9.570160743359231725e-01 1.500438403121254032e-02
9.567450933615657682e-01 1.589384965578289829e-02
9.565497386312712402e-01 1.654480383364410195e-02
9.563185115858571228e-01 1.732613854466148740e-02
9.560431236090748408e-01 1.827247854211150671e-02
9.558828865658663965e-01 1.883121338337742645e-02
9.554935858568384122e-01 2.021423893687753284e-02
9.554389358652545239e-01 2.041134733943684651e-02
9.549873525357723825e-01 2.206880560602675692e-02
9.548984724292879367e-01 2.240117250769777316e-02
9.545288094198531859e-01 2.380583327088306791e-02
9.542551712393807506e-01 2.486929137275756610e-02
9.540639641137007576e-01 2.562464148869539673e-02
9.535934639333910612e-01 2.752739204422948588e-02
9.535611867636960559e-01 2.766026708200417655e-02
9.531179504708188199e-01 2.951618044733000934e-02
9.528142483872654722e-01 3.082221200856828658e-02
9.526380635104655381e-01 3.159301772075442244e-02
9.521544442035165812e-01 3.375981104786297121e-02
9.520124589863840914e-01 3.441046764741589881e-02
9.516677374748653273e-01 3.601834345054145264e-02
9.511785936834947774e-01 3.837025267481666141e-02
9.511544912438275601e-01 3.848833088065684721e-02
9.506876695802480848e-01 4.081700947308239402e-02
9.502398382461673121e-01 4.312760675841671026e-02
9.501956286168806720e-01 4.335989548843383751e-02
9.497031406629451444e-01 4.599998096672414799e-02
9.492691223354898789e-01 4.840881731634264634e-02
9.492108811862776108e-01 4.873810254407465181e-02
9.487195299505613022e-01 5.157484138064626772e-02
9.482444608527152985e-01 5.442081858774853315e-02
9.482297692815782053e-01 5.451050193291634427e-02
9.477422819520830988e-01 5.754509167629629635e-02
9.472577487346731662e-01 6.067830210517603795e-02
9.471698779351850339e-01 6.125948451269502826e-02
9.467768456721278314e-01 6.390949134779191909e-02
9.463002411154571858e-01 6.723766873723235893e-02
9.460517365417125957e-01 6.902501762870447144e-02
9.458285925810294703e-01 7.066148167666644331e-02
9.453625434795476234e-01 7.417920512530477850e-02
9.449027197707595693e-01 7.778873401183193648e-02
9.448991436092637475e-01 7.781736789434827439e-02
9.444497265987569223e-01 8.148757885298460457e-02
9.440041449630161008e-01 8.527286481727094913e-02
9.437242546533918253e-01 8.772923064667764725e-02
9.435665284799540364e-01 8.914133442756058678e-02
9.431374002885093422e-01 9.308935404222461185e-02
9.427172501510644453e-01 9.711292419363770634e-02
9.425423765183930103e-01 9.883622701643522690e-02
9.423065317977017408e-01 1.012076937969187684e-01
9.419056605577036390e-01 1.053689781714455265e-01
9.415150113167969348e-01 1.095917807465252580e-01
9.413717477320048266e-01 1.111842391556272375e-01
9.411349168326982317e-01 1.138708182507683075e-01
9.407656664346301101e-01 1.182005491158614752e-01
9.404075051251002959e-01 1.225752047609082324e-01
9.402328799848382879e-01 1.247745607597251505e-01
9.400606330944799582e-01 1.269888233656257248e-01
9.397252056510018159e-01 1.314352856912302525e-01
9.394013335609666671e-01 1.359083524683946109e-01
9.391473893350238411e-01 1.395485351718671052e-01
9.390890837863975493e-01 1.404017028434530190e-01
9.387884806003460314e-01 1.449089733578306782e-01
9.384995070537039963e-01 1.494237969319184844e-01
9.382221067618785604e-01 1.539398413331664051e-01
9.381363438508834030e-01 1.553745219814427481e-01
9.379561859751608388e-01 1.584508466285670936e-01
9.377016158931577028e-01 1.629506611529753513e-01
9.374582351812770220e-01 1.674332755656554594e-01
9.372258526460063299e-01 1.718928546164227023e-01
9.372182983881861551e-01 1.720409482426766556e-01
9.370042500255065798e-01 1.763237662981090303e-01
9.367931848528565641e-01 1.807206081218194482e-01
9.365923933509610055e-01 1.850782303137863127e-01
9.364073388137171827e-01 1.892592550836345033e-01
9.364015933206151221e-01 1.893917557955669129e-01
9.362204869863270940e-01 1.936565968712273544e-01
9.360487637681080830e-01 1.978684686043389596e-01
9.358861029514018437e-01 2.020233989228075455e-01
9.357321762314957381e-01 2.061177355395805988e-01
9.357115506072006816e-01 2.066791963631189888e-01
9.355866501130085666e-01 2.101481498213583765e-01
9.354491881492539296e-01 2.141116377749787969e-01
9.353194530103461357e-01 2.180055183518441186e-01
9.351971083727453893e-01 2.218274292945884851e-01
9.351322933072749866e-01 2.239161205997687865e-01
9.350818206264771559e-01 2.255753207672606397e-01
9.349732603994455049e-01 2.292474470209805437e-01
9.348711039010718649e-01 2.328423563518068340e-01
9.347750340898992594e-01 2.363588796069866493e-01
9.346847416718195856e-01 2.397961174905555437e-01
9.346644808265025528e-01 2.405863251751212684e-01
9.345999259372040902e-01 2.431534269100856793e-01
9.345202954464749689e-01 2.464304065939721955e-01
9.344455685745639562e-01 2.496268821936988569e-01
9.343754739253053998e-01 2.527428910687105068e-01
9.343097506271287322e-01 2.557786669334438101e-01
9.342977930812904619e-01 2.563437444914951624e-01
9.342481485214955139e-01 2.587346245272912904e-01
9.341904282553973315e-01 2.616113444492901841e-01
9.341363612889364010e-01 2.644095582805330857e-01
9.340857298285737409e-01 2.671301340990749895e-01
9.340383266960905484e-01 2.697740624746902127e-01
9.340184909332486241e-01 2.709105036847982428e-01
9.339939551426975628e-01 2.723424430144573138e-01
9.339524286170491907e-01 2.748364715149740345e-01
9.339135704952272743e-01 2.772574277630986961e-01
9.338772137800451789e-01 2.796066640145717930e-01
9.338432007763104448e-01 2.818855941686749245e-01
9.338113827479991302e-01 2.840956836472289249e-01
9.338113827479990192e-01 2.840956836472292579e-01
