# n_s, r predictions of a polynomial alpha attractor model with k=1 and N_\star=58.
9.770036999310000025e-01 8.234321446324162049e-05
9.770036999310000025e-01 8.234321446322831191e-05
9.770028794659268989e-01 9.037060724633228285e-05
9.770019748576879159e-01 9.918048559550759352e-05
9.770009776515837796e-01 1.088491086101324852e-04
9.769998785602269642e-01 1.194601644417589680e-04
9.769986673837587343e-01 1.311054934056973343e-04
9.769973329226929737e-01 1.438858813391249807e-04
9.769958628829615854e-01 1.579119299956988315e-04
9.769942437721828021e-01 1.733050119173899621e-04
9.769924607872770839e-01 1.901983179207656792e-04
9.769904976915162464e-01 2.087380061246648278e-04
9.769883366814569037e-01 2.290844622624395397e-04
9.769859582423234823e-01 2.514136819525133668e-04
9.769833409913298850e-01 2.759187865834942448e-04
9.769804615081084664e-01 3.028116855455532117e-04
9.769772941515260101e-01 3.323248987003476454e-04
9.769738108622593176e-01 3.647135542293649464e-04
9.769699809501356524e-01 4.002575783493029105e-04
9.769657708662101703e-01 4.392640948003064677e-04
9.769611439585994539e-01 4.820700535519308722e-04
9.769560602120681558e-01 5.290451097596101607e-04
9.769504759712298592e-01 5.805947756814866306e-04
9.769443436475996334e-01 6.371638699839343375e-04
9.769376114111623099e-01 6.992402906030350781e-04
9.769302228674434652e-01 7.673591390525376149e-04
9.769221167220800695e-01 8.421072256875339074e-04
9.769132264351335637e-01 9.241279869230475822e-04
9.769034798688549515e-01 1.014126846571157753e-03
9.768927989335227657e-01 1.112877054227143789e-03
9.768810992375406288e-01 1.221226033740779003e-03
9.768682897497644735e-01 1.340102274010273589e-03
9.768542724841469127e-01 1.470522792265110869e-03
9.768389422194683203e-01 1.613601196184693155e-03
9.768221862696794267e-01 1.770556365063288362e-03
9.768038843245184788e-01 1.942721760895552196e-03
9.767839083835965219e-01 2.131555366887588707e-03
9.767621228124083732e-01 2.338650232036368695e-03
9.767383845539285847e-01 2.565745574626362470e-03
9.767125435355452634e-01 2.814738362705838676e-03
9.766844433173889062e-01 3.087695243481796033e-03
9.766539220354005790e-01 3.386864633060167502e-03
9.766208136985523591e-01 3.714688699926351964e-03
9.765849499067444928e-01 4.073814875656130326e-03
9.765461620606052939e-01 4.467106400665198269e-03
9.765042841377892247e-01 4.897651256486013245e-03
9.764591561101922945e-01 5.368768644910836864e-03
9.764106280715497688e-01 5.884011944781511461e-03
9.763585651332196136e-01 6.447166807562370976e-03
9.763028531253962194e-01 7.062242744706967792e-03
9.762434051092302445e-01 7.733456220109687952e-03
9.761801686596834893e-01 8.465202904632226563e-03
9.761131338180597528e-01 9.262016402685183461e-03
9.760423415343680853e-01 1.012851046489317286e-02
9.759678923244963222e-01 1.106930151555143155e-02
9.758899547566719512e-01 1.208890833148163271e-02
9.758087732611082643e-01 1.319162601536515676e-02
9.757246746362339129e-01 1.438137213634994339e-02
9.756380725171407420e-01 1.566150419986213349e-02
9.755494689974482103e-01 1.703460958244892159e-02
9.754594525779596292e-01 1.850227181165972623e-02
9.753686916813277819e-01 2.006482058523336928e-02
9.752779231467724186e-01 2.172107706979304817e-02
9.751879354205945649e-01 2.346811046702944326e-02
9.750995465891014735e-01 2.530102602875162685e-02
9.750135779390775026e-01 2.721280786494619658e-02
9.749308243258382189e-01 2.919424109801845024e-02
9.748520231988869744e-01 3.123393625788782949e-02
9.748464650001338327e-01 3.138418862137367510e-02
9.747778245775717831e-01 3.331847361449213202e-02
9.747087644783263283e-01 3.543267624338403837e-02
9.746452441886902518e-01 3.756000858646914992e-02
9.745875173292749549e-01 3.968308349036279992e-02
9.745356858807195932e-01 4.178424724440591570e-02
9.745337661461966894e-01 4.186626153369511077e-02
9.744897053864323144e-01 4.384620136519727651e-02
9.744493985340263453e-01 4.585261390184793701e-02
9.744162705255489110e-01 4.768376766490572960e-02
9.744144754430258404e-01 4.778867317826479555e-02
9.743845583897073892e-01 4.964154326845770376e-02
9.743592084634745687e-01 5.140069199086024637e-02
9.743590650410900444e-01 5.141125296628795693e-02
9.743379517749709562e-01 5.305807671745284282e-02
9.743268713830084415e-01 5.400920524548503965e-02
9.743203032543735764e-01 5.460818830789195694e-02
9.743069552205901873e-01 5.592520745697932005e-02
9.743057866737474537e-01 5.604796666320784049e-02
9.742939501732377217e-01 5.737661107645899289e-02
9.742937777931859333e-01 5.739726406262819075e-02
9.742846084961857001e-01 5.856393152017312642e-02
9.742843771592891722e-01 5.859531396819966237e-02
9.742779728120841698e-01 5.951144687087032981e-02
9.742766929023685130e-01 5.970694783866067196e-02
9.742730171377804727e-01 6.029632916570318996e-02
9.742705674622396117e-01 6.071573310329266698e-02
9.742692193441719883e-01 6.095718055738754554e-02
9.742662454372393865e-01 6.152127154843797102e-02
9.742657157154432923e-01 6.162691000519123635e-02
9.742638736834476898e-01 6.200841807795617194e-02
9.742619521895620194e-01 6.243336752381346139e-02
9.742618952803266952e-01 6.244643216493636628e-02
9.742603740756876629e-01 6.280732281952211560e-02
9.742590623683551332e-01 6.313894750243750909e-02
9.742589030676681583e-01 6.318069351820997104e-02
9.742579604947041449e-01 6.343504696530923026e-02
9.742570261238053808e-01 6.370104146871995165e-02
9.742565710674282453e-01 6.383629511037268445e-02
9.742562270727415097e-01 6.394130160597846779e-02
9.742555385225409870e-01 6.415939074395653197e-02
9.742549410859949743e-01 6.435824321482375154e-02
9.742547618456668390e-01 6.441985387494993109e-02
9.742544194419711090e-01 6.454029728855964487e-02
9.742539613540683874e-01 6.470759577419017694e-02
9.742535569547983165e-01 6.486186308745725548e-02
9.742533640924364580e-01 6.493785227428565399e-02
9.742531982162567772e-01 6.500456496803183604e-02
9.742528785537676317e-01 6.513695523955644051e-02
9.742525925256534380e-01 6.526011277860499504e-02
9.742523356033898629e-01 6.537497100415924633e-02
9.742522884447419873e-01 6.539652549436161810e-02
9.742521039939026073e-01 6.548234159573258772e-02
9.742518945009196463e-01 6.558293371646692349e-02
9.742517044158661710e-01 6.567736970478066372e-02
9.742515314313289210e-01 6.576619796906323090e-02
9.742514637144786827e-01 6.580178161840752327e-02
9.742513735719057211e-01 6.584990365033853432e-02
9.742512291385622136e-01 6.592891749105966870e-02
9.742510966635655745e-01 6.600362325256546592e-02
9.742509748737572250e-01 6.607436395095964143e-02
9.742508626604479138e-01 6.614144712534528181e-02
9.742508335804869191e-01 6.615914966138845832e-02
9.742507590546066742e-01 6.620514930919289831e-02
9.742506632063037131e-01 6.626571984201798382e-02
9.742505743675972107e-01 6.632338413220147111e-02
9.742504918782187717e-01 6.637834646100396196e-02
9.742504151535452683e-01 6.643079240132315766e-02
9.742503537543243386e-01 6.647375032950647578e-02
9.742503436744535117e-01 6.648089091157066699e-02
9.742502769787235728e-01 6.652879615446720407e-02
9.742502146537305174e-01 6.657464908201667086e-02
9.742501563302055079e-01 6.661857882099551931e-02
9.742501016768939648e-01 6.666070388764849808e-02
9.742500503959646840e-01 6.670113325566147389e-02
9.742500022190515585e-01 6.673996729768028047e-02
9.742499895973675272e-01 6.675028469598835723e-02
9.742499569038326479e-01 6.677729861750723861e-02
9.742499142310611093e-01 6.681321278750368409e-02
9.742498740019845949e-01 6.684778900356241893e-02
9.742498360360944964e-01 6.688110066820368571e-02
9.742498001691574094e-01 6.691321591083231046e-02
9.742497662514901791e-01 6.694419805291713932e-02
9.742497341464443350e-01 6.697410602477883723e-02
9.742497141483875689e-01 6.699303651064097975e-02
9.742497037290703821e-01 6.700299473975782072e-02
9.742496748849401866e-01 6.703091543076306058e-02
9.742496475091041441e-01 6.705791595354142209e-02
9.742496215051670294e-01 6.708404106044445203e-02
9.742495967844676530e-01 6.710933264798837894e-02
9.742495732653474461e-01 6.713382998108741173e-02
9.742495508725002029e-01 6.715756989648574704e-02
9.742495295363887697e-01 6.718058698760524805e-02
9.742495091927256823e-01 6.720291377275931788e-02
9.742495065120516662e-01 6.720588447632994122e-02
9.742494897820053179e-01 6.722458084845461812e-02
9.742494712490848974e-01 6.724561702929883478e-02
9.742494535428082303e-01 6.726604947586234395e-02
9.742494366156646546e-01 6.728590381168442214e-02
9.742494204234839472e-01 6.730520423048631795e-02
9.742494049251588795e-01 6.732397359453279329e-02
9.742493900823947506e-01 6.734223352498401594e-02
9.742493758594824582e-01 6.736000448498837001e-02
9.742493622230927741e-01 6.737730585618746659e-02
9.742493505567184631e-01 6.739232145455331668e-02
9.742493491420887164e-01 6.739415600923495675e-02
9.742493365873564626e-01 6.741057236886835446e-02
9.742493245316491413e-01 6.742657147401903694e-02
9.742493129494459447e-01 6.744216903339532443e-02
9.742493018168233432e-01 6.745737997693253274e-02
9.742492911113370679e-01 6.747221850346359073e-02
9.742492808119136427e-01 6.748669812492985587e-02
9.742492708987519068e-01 6.750083170742299243e-02
9.742492613532328649e-01 6.751463150931753809e-02
9.742492521578351994e-01 6.752810921673449429e-02
9.742492432960597748e-01 6.754127597654922821e-02
9.742492347523590279e-01 6.755414242714104234e-02
9.742492338719617173e-01 6.755547815623351438e-02
9.742492265120716866e-01 6.756671872706228321e-02
9.742492185613641498e-01 6.757901458178966481e-02
9.742492108871739775e-01 6.759103926870491108e-02
9.742492034771601528e-01 6.760280166044127514e-02
9.742491963196557858e-01 6.761431024671836487e-02
9.742491894036239275e-01 6.762557315477842057e-02
9.742491827186186004e-01 6.763659816852782281e-02
9.742491762547463852e-01 6.764739274647817158e-02
9.742491700026322254e-01 6.765796403857397834e-02
9.742491639533877867e-01 6.766831890198658772e-02
9.742491580985808142e-01 6.767846391594814492e-02
9.742491524302080430e-01 6.768840539569243031e-02
9.742491469406693305e-01 6.769814940556502514e-02
9.742491469406693305e-01 6.769814940556503902e-02
