# n_s, r predictions of a polynomial alpha attractor model with k=2 and N_\star=47.
9.680579268419973182e-01 1.757852545489355307e-04
9.680579268419973182e-01 1.757852545489355307e-04
9.680555192471534953e-01 1.889354330926622846e-04
9.680529143450673502e-01 2.030712288960642470e-04
9.680500966394357532e-01 2.182668126809371402e-04
9.680470494476134391e-01 2.346019835969387324e-04
9.680437548114355639e-01 2.521626036281842233e-04
9.680401934008234788e-01 2.710410666541602956e-04
9.680363444112568549e-01 2.913368050819469131e-04
9.680321854522133673e-01 3.131568372785488831e-04
9.680276924284566542e-01 3.366163592839179690e-04
9.680228394118769453e-01 3.618393846623725683e-04
9.680175985040352371e-01 3.889594366904539535e-04
9.680119396884562244e-01 4.181202975044622698e-04
9.680058306719211414e-01 4.494768192775970214e-04
9.679992367140746179e-01 4.831958030053786195e-04
9.679921204443969751e-01 5.194569510386867761e-04
9.679844416657320538e-01 5.584539001322729596e-04
9.679761571433107559e-01 6.003953424750730272e-04
9.679672203783483697e-01 6.455062429479334818e-04
9.679575813651070115e-01 6.940291617304416259e-04
9.679471863303003021e-01 7.462256923508948144e-04
9.679359774536970829e-01 8.023780263698725070e-04
9.679238925686289852e-01 8.627906571137706213e-04
9.679108648413564664e-01 9.277922362401697706e-04
9.678968224275075194e-01 9.977375984836060491e-04
9.678816881050272825e-01 1.073009971615513074e-03
9.678653788816532488e-01 1.154023390648300281e-03
9.678478055760795229e-01 1.241225337449543015e-03
9.678288723713712738e-01 1.335099629408996024e-03
9.678084763398049351e-01 1.436169583520821450e-03
9.677865069380043872e-01 1.545001485341366112e-03
9.677628454718824047e-01 1.662208395704366931e-03
9.677373645310480832e-01 1.788454331930217122e-03
9.677099273928947420e-01 1.924458864538628388e-03
9.676803873971512315e-01 2.071002175236830861e-03
9.676485872925627563e-01 2.228930627209562126e-03
9.676143585583479867e-01 2.399162904531171141e-03
9.676053026173857541e-01 2.444248565338826527e-03
9.675775207044216009e-01 2.582696783848167574e-03
9.675378805560433948e-01 2.780616608345500354e-03
9.674952315305809236e-01 2.994101541378464074e-03
9.674493529166166006e-01 3.224434684941277288e-03
9.674000091687113834e-01 3.473013156240872725e-03
9.673469492347936960e-01 3.741359223848160585e-03
9.672899059376443009e-01 4.031132612888468914e-03
9.672285954369993499e-01 4.344144096139855929e-03
9.671627168049199419e-01 4.682370494062467088e-03
9.671380702205354396e-01 4.809430565407858509e-03
9.670919517538638654e-01 5.047971210959137367e-03
9.670159645646085878e-01 5.443306435541666287e-03
9.669344022696269025e-01 5.870957130770492957e-03
9.668468951565475367e-01 6.333746928136317275e-03
9.667530576658199815e-01 6.834766023227301091e-03
9.666723323526984490e-01 7.269857163800658162e-03
9.666524897660887516e-01 7.377397139619325597e-03
9.665447789002585832e-01 7.965343583035230934e-03
9.664295026030731428e-01 8.602659343215884880e-03
9.663062318988678845e-01 9.293781110842285961e-03
9.662132992745704474e-01 9.821617157149057156e-03
9.661745355930498880e-01 1.004356195513959188e-02
9.660339855744926041e-01 1.085730624562192964e-02
9.658841632468929683e-01 1.174080518930770665e-02
9.657644483215005460e-01 1.245915656743014528e-02
9.657246672053706460e-01 1.270037208084250253e-02
9.655551222696241442e-01 1.374287601388756927e-02
9.653751899760099064e-01 1.487577236290681289e-02
9.653282929704277704e-01 1.517569243946993544e-02
9.651845806161701846e-01 1.610712779966591915e-02
9.649830668867861450e-01 1.744563694374444071e-02
9.649066415435498811e-01 1.796354504876384456e-02
9.647704991785440720e-01 1.890062695129820711e-02
9.645468224772165700e-01 2.048204541901939638e-02
9.645007584997093986e-01 2.081440657807229200e-02
9.643120947668809562e-01 2.220042593536976014e-02
9.641114854698197290e-01 2.371955795043247106e-02
9.640665067068444616e-01 2.406682448651064829e-02
9.638104021907983876e-01 2.609271879459669832e-02
9.637393337767573565e-01 2.667004685857017263e-02
9.635442991830430737e-01 2.828986165487029983e-02
9.633845546237593815e-01 2.965683760681103731e-02
9.632689099607396610e-01 3.067007863259748821e-02
9.630471924021101193e-01 3.267093975668227540e-02
9.629851595793083030e-01 3.324500034439068635e-02
9.627271257377199021e-01 3.570351956166976232e-02
9.626942010380502568e-01 3.602572032471164365e-02
9.624240998176489814e-01 3.874599622639485208e-02
9.623974252868067181e-01 3.902237158416582696e-02
9.621377525189236390e-01 4.179012396832776366e-02
9.620964639320528367e-01 4.224361885755140156e-02
9.618676360538178649e-01 4.482806040440119599e-02
9.617931823398202518e-01 4.569606964548909162e-02
9.616132352634729763e-01 4.785242168566913867e-02
9.614896608761624996e-01 4.938361576274597625e-02
9.613739832970925603e-01 5.085632488933419099e-02
9.611881623622721138e-01 5.330672821006139650e-02
9.611492751576693472e-01 5.383341834120158181e-02
9.609384794345893210e-01 5.677790071862977295e-02
9.608910845289557745e-01 5.746174128636848816e-02
9.607409484461315596e-01 5.968452993868596235e-02
9.606008973771456017e-01 6.184017578240001700e-02
9.605560269580245558e-01 6.254862295095156566e-02
9.603830596122955310e-01 6.536604762304887295e-02
9.603200668664034767e-01 6.642816388632412361e-02
9.602213971834513417e-01 6.813320793023290578e-02
9.600704017699767112e-01 7.084702364301165289e-02
9.600509681493225589e-01 7.120604739645679249e-02
9.599294510239921863e-01 7.350490565597808668e-02
9.597979415186007612e-01 7.610472802357105826e-02
9.597957934278407155e-01 7.614822286314364141e-02
9.596752913489136061e-01 7.864479767360919860e-02
9.595609420590697214e-01 8.112382266228310157e-02
9.595564611146668588e-01 8.122329945485806668e-02
9.594543599828829761e-01 8.354087972242159321e-02
9.593550370803656246e-01 8.589538174456365360e-02
9.593345339782219927e-01 8.639461581036682325e-02
9.592624913463839720e-01 8.818704572165665667e-02
9.591762668611549802e-01 9.041586158641316817e-02
9.591311540043915285e-01 9.162113104278751807e-02
9.590959335456633594e-01 9.258206227666647414e-02
9.590210866782867827e-01 9.468609528049641566e-02
9.589513462223369089e-01 9.672859583936586902e-02
9.589470006272438063e-01 9.685866520754428388e-02
9.588863560078957349e-01 9.871036192431141554e-02
9.588257828053869947e-01 1.006323310469256077e-01
9.587822767871272411e-01 1.020614214472040510e-01
9.587693153228222798e-01 1.024955589228362662e-01
9.587166631536564454e-01 1.043011999698258280e-01
9.586675556976836932e-01 1.060504895947382009e-01
9.586367242494916452e-01 1.071836830838583110e-01
9.586217410734069189e-01 1.077447282019791952e-01
9.585789850367988363e-01 1.093852668407852696e-01
9.585390699183179430e-01 1.109734943976694449e-01
9.585096662623812103e-01 1.121815518146621060e-01
9.585017935874206030e-01 1.125108262337112253e-01
9.584669684515652044e-01 1.139986941629262535e-01
9.584344204948213042e-01 1.154385376671659691e-01
9.584039883596204845e-01 1.168317962442938646e-01
9.584000725530265052e-01 1.170145838010846900e-01
9.583755224738821354e-01 1.181799027892670162e-01
9.583488842246867812e-01 1.194842779118137077e-01
9.583239451788142516e-01 1.207463250992865250e-01
9.583066394225335793e-01 1.216471912663376204e-01
9.583005863497812138e-01 1.219674266387003880e-01
9.582786975104871097e-01 1.231489402177188136e-01
9.582581765501746451e-01 1.242921961302180661e-01
9.582389288740840172e-01 1.253984950180340174e-01
9.582278766538109283e-01 1.260497063775446736e-01
9.582208668440779231e-01 1.264691060858509908e-01
9.582039092581383644e-01 1.275052657326062044e-01
9.581879808668718468e-01 1.285081765469053838e-01
9.581730119248460520e-01 1.294790066199716372e-01
9.581621931815783588e-01 1.301990460105660885e-01
9.581589377747317116e-01 1.304188891337633160e-01
9.581456984622048756e-01 1.313289221864307188e-01
9.581332383796236085e-01 1.322101688212712900e-01
9.581215059365532083e-01 1.330636572290398723e-01
9.581104532552982000e-01 1.338903810968407604e-01
9.581079747873718633e-01 1.340789625408581320e-01
9.581000358896814006e-01 1.346913000799055959e-01
9.580902125654022772e-01 1.354673403753376970e-01
9.580809449403954181e-01 1.362193953794291756e-01
9.580721973837118544e-01 1.369483264124111699e-01
9.580639367715272359e-01 1.376549634965381907e-01
9.580636490868978949e-01 1.376799089839705892e-01
9.580561322989807893e-01 1.383401061752228267e-01
9.580487553066300288e-01 1.390045243625583626e-01
9.580417791203950095e-01 1.396489592140197356e-01
9.580351789039416310e-01 1.402741240104085352e-01
9.580289315225322122e-01 1.408807050482501211e-01
9.580277353140344010e-01 1.409985802860028725e-01
9.580230154174447232e-01 1.414693625308550418e-01
9.580174104901253429e-01 1.420407314551424827e-01
9.580120979953075100e-01 1.425954224901044010e-01
9.580070604423857050e-01 1.431340228434716810e-01
9.580022815043882645e-01 1.436570971137448027e-01
9.579988784699736692e-01 1.440372128865958223e-01
9.579977459339497070e-01 1.441651881252744571e-01
9.579934394857215763e-01 1.446588177445305157e-01
9.579893488447133176e-01 1.451384876760978271e-01
9.579854615600916778e-01 1.456046802372766014e-01
9.579817659840040855e-01 1.460578591104627622e-01
9.579782512150309959e-01 1.464984700727360034e-01
9.579758690221051864e-01 1.468027314598215893e-01
9.579749070458966065e-01 1.469269417023043311e-01
9.579717239151053221e-01 1.473436860616339494e-01
9.579686928621918840e-01 1.477490993572575240e-01
9.579658054863027239e-01 1.481435625763815600e-01
9.579630539078455298e-01 1.485274421005237655e-01
9.579604307329689927e-01 1.489010902965094696e-01
9.579579290206503561e-01 1.492648460852246672e-01
9.579576503851547908e-01 1.493058270358061657e-01
9.579555422521878194e-01 1.496190354885901241e-01
9.579532643029139427e-01 1.499639721552644134e-01
9.579510894159543044e-01 1.502999578656289970e-01
9.579490121778790890e-01 1.506272830166287824e-01
9.579470274960978360e-01 1.509462270870724210e-01
9.579451305778674541e-01 1.512570590839993623e-01
9.579433169107888224e-01 1.515600379707413570e-01
9.579433169107888224e-01 1.515600379707414125e-01
