# n_s, r predictions of a polynomial alpha attractor model with k=1 and N_\star=54.
9.753002023953358801e-01 9.057370401701616766e-05
9.753002023953337707e-01 9.057370401703009966e-05
9.752993096468934864e-01 9.940338440548455903e-05
9.752983250597908604e-01 1.090937408720160331e-04
9.752972393883200253e-01 1.197286502247739426e-04
9.752960424752552537e-01 1.314001599596827292e-04
9.752947231644530923e-01 1.442092834695319064e-04
9.752932692054900876e-01 1.582668724856031391e-04
9.752916671496839607e-01 1.736945742129634811e-04
9.752899022366069426e-01 1.906258813351801684e-04
9.752879582710591855e-01 2.092072838283513564e-04
9.752858174886328557e-01 2.295995323887024136e-04
9.752834604100840687e-01 2.519790241775576281e-04
9.752808656832442358e-01 2.765393226009775778e-04
9.752780099117100976e-01 3.034928239219918718e-04
9.752748674695533859e-01 3.330725846786381991e-04
9.752714103012128932e-01 3.655343251494670167e-04
9.752676077058053394e-01 4.011586254749078531e-04
9.752634261052898212e-01 4.402533325015249447e-04
9.752588287955702429e-01 4.831561969867659225e-04
9.752537756805029767e-01 5.302377624394927517e-04
9.752482229882183384e-01 5.819045286248222511e-04
9.752421229699121952e-01 6.386024145563476331e-04
9.752354235812873418e-01 7.008205476624436089e-04
9.752280681478709967e-01 7.690954076514293445e-04
9.752199950146963614e-01 8.440153554726040862e-04
9.752111371834664144e-01 9.262255794121584734e-04
9.752014219391581529e-01 1.016433491946095802e-03
9.751907704707610813e-01 1.115414612076380367e-03
9.751790974912019072e-01 1.224018968565861089e-03
9.751663108635933996e-01 1.343178059367523478e-03
9.751523112428147622e-01 1.473912401377300719e-03
9.751369917438629242e-01 1.617339701988425912e-03
9.751202376512934089e-01 1.774683679260602833e-03
9.751019261875061295e-01 1.947283550132967132e-03
9.750819263614856069e-01 2.136604195140986984e-03
9.750600989245348238e-01 2.344246992337960852e-03
9.750362964644845309e-01 2.571961291239242570e-03
9.750103636761979775e-01 2.821656467657809256e-03
9.749821378523402249e-01 3.095414460225596673e-03
9.749514496461985091e-01 3.395502636220153712e-03
9.749181241648409157e-01 3.724386765160341874e-03
9.748819824589980421e-01 4.084743789218139680e-03
9.748428434821954092e-01 4.479473965900218624e-03
9.748005265972314870e-01 4.911711815611846318e-03
9.747548547107208750e-01 5.384835129945779106e-03
9.747056581153790145e-01 5.902471081182120334e-03
9.746527791129661056e-01 6.468498216176532013e-03
9.745960774762940648e-01 7.087042817417394183e-03
9.745354367839786924e-01 7.762467773476594730e-03
9.744707716240808004e-01 8.499351729640074529e-03
9.744020356098909152e-01 9.302455905868096953e-03
9.743292300805115325e-01 1.017667560533883249e-02
9.742524132699947881e-01 1.112697314150171840e-02
9.741717096209975280e-01 1.215828875572788972e-02
9.740873187965787272e-01 1.327542617539843525e-02
9.739995238123765331e-01 1.448290989326498496e-02
9.739086975829859272e-01 1.578481217148059931e-02
9.738153070670750866e-01 1.718454933343695201e-02
9.737199141282730785e-01 1.868464923113967446e-02
9.736231722297675750e-01 2.028649493854237096e-02
9.735258181789210319e-01 2.199005368958033280e-02
9.734286583598967812e-01 2.379360465750300982e-02
9.733325492529864009e-01 2.569348394558224752e-02
9.732383725356905657e-01 2.768386946776637061e-02
9.731470056616561282e-01 2.975663135683317279e-02
9.730592894556223671e-01 3.190127413894729147e-02
9.729759948511063072e-01 3.410499421596370484e-02
9.729701287931750153e-01 3.426716638604031251e-02
9.728977913192291549e-01 3.635286959099127968e-02
9.728252196820701414e-01 3.862818826537040007e-02
9.727586717949435746e-01 4.091290816169015909e-02
9.726983790024102960e-01 4.318822648701934469e-02
9.726444103828990606e-01 4.543522249095895138e-02
9.726424147496119943e-01 4.552283022715739036e-02
9.725966807300028272e-01 4.763552712614715218e-02
9.725549671548335828e-01 4.977196829108931214e-02
9.725207819261032505e-01 5.171778458757392283e-02
9.725189323173611955e-01 5.182914223666749282e-02
9.724881517472937498e-01 5.379387012959346848e-02
9.724621425633404037e-01 5.565551217150461333e-02
9.724619956170378332e-01 5.566667748892719508e-02
9.724403911243576504e-01 5.740612764912672583e-02
9.724290763697404083e-01 5.840928782048643297e-02
9.724223776562394006e-01 5.904048512813984267e-02
9.724087850962631618e-01 6.042682574647940258e-02
9.724075965641277852e-01 6.055594033556693095e-02
9.723955718270088644e-01 6.195220854177560521e-02
9.723953969072545167e-01 6.197389587992349624e-02
9.723861017395583062e-01 6.319815408683322755e-02
9.723858674736134411e-01 6.323106287898289102e-02
9.723793873455146564e-01 6.419122578553228264e-02
9.723780935898221900e-01 6.439599033804180306e-02
9.723743806911201437e-01 6.501301656131995566e-02
9.723719085865282219e-01 6.545183411030811027e-02
9.723705489783521783e-01 6.570436019281904183e-02
9.723675520434358344e-01 6.629405564495786940e-02
9.723670185765003193e-01 6.640444570807031710e-02
9.723651644288920926e-01 6.680299985394932971e-02
9.723632319116823908e-01 6.724672572792235459e-02
9.723631747029165551e-01 6.726036411100827506e-02
9.723616461092577934e-01 6.763702041453731328e-02
9.723603290533542332e-01 6.798299075026298377e-02
9.723601691726323493e-01 6.802653303346642422e-02
9.723592234975126924e-01 6.829178445253236696e-02
9.723582866456653706e-01 6.856909024978402600e-02
9.723578306130807869e-01 6.871006196407541955e-02
9.723574859881564114e-01 6.881949219056243683e-02
9.723567964730296387e-01 6.904672545193013544e-02
9.723561985447437550e-01 6.925386418989139259e-02
9.723560192242171052e-01 6.931803225977808958e-02
9.723556767591362560e-01 6.944346160708013416e-02
9.723552187889775711e-01 6.961765584446626132e-02
9.723548146991337626e-01 6.977825104768183018e-02
9.723546220573938692e-01 6.985734638815010999e-02
9.723544564109432020e-01 6.992678014411096710e-02
9.723541373014010780e-01 7.006455397109494221e-02
9.723538518997352220e-01 7.019270009688015344e-02
9.723535956552463722e-01 7.031219377238294432e-02
9.723535486335660449e-01 7.033461633371464183e-02
9.723533647579101213e-01 7.042388281420078333e-02
9.723531559984753825e-01 7.052850776335670147e-02
9.723529666584266318e-01 7.062671833424929990e-02
9.723527944227456921e-01 7.071908692669574836e-02
9.723527270185982063e-01 7.075608604218786013e-02
9.723526373102293618e-01 7.080611979522813404e-02
9.723524936174431366e-01 7.088826633627272333e-02
9.723523618733430629e-01 7.096592685315102067e-02
9.723522408023095309e-01 7.103945908225793582e-02
9.723521292938570593e-01 7.110918370504629160e-02
9.723521004035881043e-01 7.112758235746860502e-02
9.723520263776781469e-01 7.117538902506824472e-02
9.723519312029743622e-01 7.123833495400659632e-02
9.723518430212535479e-01 7.129825642295077592e-02
9.723517611719454390e-01 7.135536631334402080e-02
9.723516850703196601e-01 7.140985798470239621e-02
9.723516241901420942e-01 7.145448899832018697e-02
9.723516141972950999e-01 7.146190746238002822e-02
9.723515480908100361e-01 7.151167533755491135e-02
9.723514863384851159e-01 7.155930842265305347e-02
9.723514285713641403e-01 7.160494119816995795e-02
9.723513744585533525e-01 7.164869708092477807e-02
9.723513237026176759e-01 7.169068953894483509e-02
9.723512760356114448e-01 7.173102307419026991e-02
9.723512635503102075e-01 7.174173854070546585e-02
9.723512312156481485e-01 7.176979409104411456e-02
9.723511890239253663e-01 7.180709166576576541e-02
9.723511492621378371e-01 7.184299822983844508e-02
9.723511117502234846e-01 7.187759017824686680e-02
9.723510763243904398e-01 7.191093841213400117e-02
9.723510428353909774e-01 7.194310882395024698e-02
9.723510111470022865e-01 7.197416273208226412e-02
9.723509914140934240e-01 7.199381797085027679e-02
9.723509811346912057e-01 7.200415727099404584e-02
9.723509526844342776e-01 7.203314574210466226e-02
9.723509256916745835e-01 7.206117792993592397e-02
9.723509000603973718e-01 7.208830038747655877e-02
9.723508757023088256e-01 7.211455669420313574e-02
9.723508525361056476e-01 7.213998768976720433e-02
9.723508304868234697e-01 7.216463168598419298e-02
9.723508094852549855e-01 7.218852465943904895e-02
9.723507894674299212e-01 7.221170042674539269e-02
9.723507868302077028e-01 7.221478404525152883e-02
9.723507703741475217e-01 7.223419080425363958e-02
9.723507521505583284e-01 7.225602575379494463e-02
9.723507347457877037e-01 7.227723351586440304e-02
9.723507181125959908e-01 7.229784073148939894e-02
9.723507022070724259e-01 7.231787255388816282e-02
9.723506869883591364e-01 7.233735275090322214e-02
9.723506724184012295e-01 7.235630379908683518e-02
9.723506584617193083e-01 7.237474697022110159e-02
9.723506450852047456e-01 7.239270241097395253e-02
9.723506336449071474e-01 7.240828536352776623e-02
9.723506322579325012e-01 7.241018921631704741e-02
9.723506199509917014e-01 7.242722549726880732e-02
9.723506081373306520e-01 7.244382844346788919e-02
9.723505967916161730e-01 7.246001438103116810e-02
9.723505858901044796e-01 7.247579882610580282e-02
9.723505754105239429e-01 7.249119653448536649e-02
9.723505653319668429e-01 7.250622154762181859e-02
9.723505556347918910e-01 7.252088723533718639e-02
9.723505463005327476e-01 7.253520633550625263e-02
9.723505373118153106e-01 7.254919099095874513e-02
9.723505286522822200e-01 7.256285278382523796e-02
9.723505203065215818e-01 7.257620276753154465e-02
9.723505194466909307e-01 7.257758868271288466e-02
9.723505122600031303e-01 7.258925149662667775e-02
9.723505044990187196e-01 7.260200905461457188e-02
9.723504970106272571e-01 7.261448507994198998e-02
9.723504897826039661e-01 7.262668879028601199e-02
9.723504828033939784e-01 7.263862900526710242e-02
9.723504760620685916e-01 7.265031416770703632e-02
9.723504695482854121e-01 7.266175236353909772e-02
9.723504632522512736e-01 7.267295134046855565e-02
9.723504571646875982e-01 7.268391852547463616e-02
9.723504512767988661e-01 7.269466104123681327e-02
9.723504455802425284e-01 7.270518572156203785e-02
9.723504400671015846e-01 7.271549912588212705e-02
9.723504347298592698e-01 7.272560755288734469e-02
9.723504347298592698e-01 7.272560755288731693e-02
