# n_s, r predictions of a polynomial alpha attractor model with k=1 and N_\star=57.
9.766002397383118927e-01 8.427476728614739223e-05
9.766002397383097833e-01 8.427476728616084989e-05
9.765994021902397737e-01 9.249044413817108232e-05
9.765984786842609733e-01 1.015069568184374964e-04
9.765974605793721341e-01 1.114023522361853706e-04
9.765963383833506928e-01 1.222622804148982406e-04
9.765951016711436061e-01 1.341807345265630738e-04
9.765937389957991543e-01 1.472608628119762128e-04
9.765922377913172081e-01 1.616158593365736237e-04
9.765905842669724279e-01 1.773699411888807675e-04
9.765887632917130690e-01 1.946594204628478012e-04
9.765867582692198123e-01 2.136338801326123724e-04
9.765845510015266351e-01 2.344574638124203095e-04
9.765821215413093004e-01 2.573102903065439557e-04
9.765794480317510073e-01 2.823900048782427598e-04
9.765765065332734363e-01 3.099134802606484012e-04
9.765732708363586978e-01 3.401186816194129155e-04
9.765697122598758773e-01 3.732667109502284036e-04
9.765657994337837433e-01 4.096440477763638893e-04
9.765614980663853695e-01 4.495650044510574386e-04
9.765567706949516147e-01 4.933744159484219557e-04
9.765515764198346993e-01 5.414505856410564439e-04
9.765458706218994589e-01 5.942085102732450313e-04
9.765396046635479443e-01 6.521034090898893652e-04
9.765327255740575696e-01 7.156345838463419725e-04
9.765251757201788285e-01 7.853496381797675681e-04
9.765168924642287918e-01 8.618490864503939707e-04
9.765078078118238913e-01 9.457913836738393067e-04
9.764978480532251481e-01 1.037898409317299661e-03
9.764869334030013004e-01 1.138961438482552751e-03
9.764749776444259233e-01 1.249847634054771688e-03
9.764618877868113112e-01 1.371507092514878245e-03
9.764475637461816904e-01 1.504980473909442668e-03
9.764318980624554500e-01 1.651407242456542608e-03
9.764147756690511049e-01 1.812034537858525640e-03
9.763960737352590513e-01 1.988226687650821757e-03
9.763756616051200155e-01 2.181475357034997481e-03
9.763534008621261862e-01 2.393410313055640767e-03
9.763291455542965069e-01 2.625810753246281010e-03
9.763027426204774484e-01 2.880617112840795548e-03
9.762740325650283157e-01 3.159943216940367273e-03
9.762428504357797410e-01 3.466088581423261514e-03
9.762090271658996343e-01 3.801550585831372890e-03
9.761723913479231074e-01 4.169036138275313171e-03
9.761327715126411064e-01 4.571472322799352388e-03
9.760899989889579853e-01 5.012015358534903028e-03
9.760439114203939281e-01 5.494057003177006508e-03
9.759943570085615194e-01 6.021227297263728045e-03
9.759411995416307217e-01 6.597392268865684591e-03
9.758843242442912791e-01 7.226644902499180373e-03
9.758236444525414388e-01 7.913287328826084169e-03
9.757591090695939551e-01 8.661801828659852764e-03
9.756907106954861852e-01 9.476807893699368268e-03
9.756184942425085715e-01 1.036300228983338609e-02
9.755425657499241510e-01 1.132507888993398472e-02
9.754631009983291134e-01 1.236762506636068272e-02
9.753803534008718135e-01 1.349499176791570283e-02
9.752946605259503743e-01 1.471113517976171438e-02
9.752064484978363312e-01 1.601942921612498419e-02
9.751162334485909966e-01 1.742245015082521595e-02
9.750246191809710528e-01 1.892173753267861400e-02
9.749322902752354247e-01 2.051753915434673808e-02
9.748400000583619107e-01 2.220855209279603074e-02
9.747485531696176153e-01 2.399167636801797718e-02
9.746587829027415495e-01 2.586180199342151542e-02
9.745715240585232086e-01 2.781165331426999759e-02
9.744875826481197434e-01 2.983171560555644697e-02
9.744077043626396817e-01 3.191026700575624875e-02
9.744020723014726881e-01 3.206334445362729602e-02
9.743325441629789863e-01 3.403353333837010747e-02
9.742626395388575000e-01 3.618597409370093859e-02
9.741983898560800936e-01 3.835069543990762830e-02
9.741400437275437030e-01 4.050997206565899039e-02
9.740876955493701361e-01 4.264584606014772822e-02
9.740857574456935897e-01 4.272919232836137199e-02
9.740412913525675620e-01 4.474076031913636758e-02
9.740006430983810803e-01 4.677817824679116054e-02
9.739672580230136489e-01 4.863669612093911993e-02
9.739654496686063201e-01 4.874314207117902420e-02
9.739353222160754830e-01 5.062272895042764509e-02
9.739098113235581389e-01 5.240637599710840089e-02
9.739096670397832112e-01 5.241708147628296177e-02
9.738884335684486748e-01 5.408606021890655785e-02
9.738772957165862110e-01 5.504964023951539054e-02
9.738706955310344471e-01 5.565633459888970347e-02
9.738572873657189710e-01 5.698995333091771975e-02
9.738561138968500064e-01 5.711423477291288631e-02
9.738442309600183755e-01 5.845908035703410027e-02
9.738440579522854579e-01 5.847998120708741004e-02
9.738348574904623911e-01 5.966045186134779493e-02
9.738346254267474800e-01 5.969220020835491747e-02
9.738282022379041170e-01 6.061888958997183746e-02
9.738269188758597039e-01 6.081661192579322639e-02
9.738232338306160862e-01 6.141262311487148684e-02
9.738207785289327845e-01 6.183668351409808001e-02
9.738194275202298744e-01 6.208078847174908904e-02
9.738164477951211095e-01 6.265102200777601660e-02
9.738159171228399913e-01 6.275780047692605668e-02
9.738140720040254772e-01 6.314339850910292984e-02
9.738121476784554753e-01 6.357285351365737913e-02
9.738120906918289466e-01 6.358605583576679154e-02
9.738105675667706462e-01 6.395072993251048332e-02
9.738092544488972102e-01 6.428579754253462009e-02
9.738090949935727103e-01 6.432797467554986215e-02
9.738081515846379599e-01 6.458494379338763913e-02
9.738072165272512182e-01 6.485365330989090182e-02
9.738067611920221411e-01 6.499027949448803188e-02
9.738064170122705532e-01 6.509634786820528429e-02
9.738057281624237227e-01 6.531663203770261827e-02
9.738051305482606779e-01 6.551747368613593248e-02
9.738049512706828947e-01 6.557969828442643256e-02
9.738046088176814941e-01 6.570133865192712141e-02
9.738041507113455175e-01 6.587029261306122374e-02
9.738037463446166386e-01 6.602607911303579047e-02
9.738035535151113864e-01 6.610281403207105000e-02
9.738033876766710728e-01 6.617018001148146367e-02
9.738030681130318555e-01 6.630386281189266928e-02
9.738027822045431936e-01 6.642821807459214911e-02
9.738025254169474509e-01 6.654418925682087371e-02
9.738024782859867612e-01 6.656595217007583998e-02
9.738022939527596344e-01 6.665259671019493903e-02
9.738020846123028873e-01 6.675415712818444369e-02
9.738018946843725043e-01 6.684949941938836404e-02
9.738017218595212965e-01 6.693917775030179540e-02
9.738016542097858164e-01 6.697510126920702689e-02
9.738015641607762340e-01 6.702368232950439708e-02
9.738014198878930383e-01 6.710344837681858632e-02
9.738012875722112938e-01 6.717886362414121626e-02
9.738011659398657649e-01 6.725027462096813680e-02
9.738010538816350703e-01 6.731799206110988809e-02
9.738010248435110539e-01 6.733586174970242200e-02
9.738009504280930040e-01 6.738229530340761331e-02
9.738008547290231132e-01 6.744343622524535953e-02
9.738007660362827389e-01 6.750164252099317974e-02
9.738006836894695928e-01 6.755712053648035842e-02
9.738006071038802780e-01 6.761005771390017627e-02
9.738005458207429355e-01 6.765341739845896762e-02
9.738005357603531920e-01 6.766062470821807007e-02
9.738004691966626325e-01 6.770897722545120290e-02
9.738004070002035384e-01 6.775525762455041068e-02
9.738003488017468179e-01 6.779959631760865135e-02
9.738002942700926257e-01 6.784211299741135792e-02
9.738002431074761489e-01 6.788291771666857266e-02
9.738001950456059985e-01 6.792211183942378772e-02
9.738001824547130036e-01 6.793252482802517034e-02
9.738001498422408364e-01 6.795978888196155254e-02
9.738001072782189738e-01 6.799603525790330616e-02
9.738000671548755482e-01 6.803093093999046381e-02
9.738000292917911027e-01 6.806455004922511154e-02
9.737999935248213834e-01 6.809696138050365388e-02
9.737999597043726085e-01 6.812822887259016580e-02
9.737999276938843485e-01 6.815841202918661301e-02
9.737999077560325345e-01 6.817751655728365723e-02
9.737998973684941495e-01 6.818756629693518978e-02
9.737998686138591431e-01 6.821574340540689785e-02
9.737998413251128804e-01 6.824299167346252470e-02
9.737998154059411826e-01 6.826935628580331483e-02
9.737997907677615750e-01 6.829487954304216957e-02
9.737997673289918721e-01 6.831960108820683830e-02
9.737997450143996980e-01 6.834355811222576904e-02
9.737997237545196194e-01 6.836678554063854718e-02
9.737997034851328948e-01 6.838931620350098550e-02
9.737997008143661759e-01 6.839231402290418815e-02
9.737996841468007370e-01 6.841118099022490406e-02
9.737996656844445376e-01 6.843240899088710860e-02
9.737996480469695015e-01 6.845302762536843721e-02
9.737996311869249189e-01 6.847306276152766158e-02
9.737996150601976320e-01 6.849253882348131650e-02
9.737995996257354792e-01 6.851147889094347243e-02
9.737995848452966063e-01 6.852990479047339767e-02
9.737995706832232035e-01 6.854783717939171017e-02
9.737995571062345590e-01 6.856529562304171377e-02
9.737995454915474580e-01 6.858044746960674509e-02
9.737995440832413196e-01 6.858229866600400182e-02
9.737995315851742939e-01 6.859886389781034988e-02
9.737995195848303531e-01 6.861500801364413260e-02
9.737995080567306561e-01 6.863074687047064637e-02
9.737994969769917519e-01 6.864609553899130023e-02
9.737994863232076748e-01 6.866106835178119316e-02
9.737994760743424738e-01 6.867567894793298600e-02
9.737994662106307375e-01 6.868994031449912607e-02
9.737994567134874435e-01 6.870386482499704628e-02
9.737994475654244697e-01 6.871746427521766010e-02
9.737994387499746551e-01 6.873074991655495070e-02
9.737994302516208567e-01 6.874373248705444028e-02
9.737994293759356657e-01 6.874508026828150820e-02
9.737994220557313341e-01 6.875642224036038197e-02
9.737994141485005750e-01 6.876882897272630635e-02
9.737994065168935620e-01 6.878096204823805349e-02
9.737993991485955902e-01 6.879283042238569512e-02
9.737993920319647501e-01 6.880444266410945531e-02
9.737993851559888503e-01 6.881580697643344124e-02
9.737993785102451172e-01 6.882693121579147588e-02
9.737993720848627799e-01 6.883782291014094168e-02
9.737993658704888755e-01 6.884848927595255130e-02
9.737993598582556087e-01 6.885893723415599521e-02
9.737993540397513748e-01 6.886917342511625351e-02
9.737993484069923378e-01 6.887920422270826792e-02
9.737993429523972289e-01 6.888903574755265991e-02
9.737993429523972289e-01 6.888903574755267378e-02
